Thin Section: 	C:\Ice Data\2017-03-08-Wed\10.23 1138  VTS SPICE

Results: 	C:\Ice Results\2017-03-08-Wed\10.23 1138  VTS SPICE\2017-03-13-Mon, 11.42

Sequence Angles: 
xi	phi inner
0	0
45	0
45	-45
45	-90
45	-135
45	-180
45	-225
45	-270
45	-315

Threshold: 
45.000

Grain #		theta		phi	Rsquared

0.000000	-73.182760	-47.185592	0.004172
1.000000	-76.354884	-35.401716	0.005568
2.000000	-64.689112	-67.514780	0.007193
3.000000	-89.924864	66.033283	0.000483
4.000000	-84.466720	-83.853241	0.005397
5.000000	-80.559486	-9.022098	0.001076
6.000000	74.963485	-25.755396	0.039272
7.000000	86.665681	79.779817	0.000923
8.000000	-86.189264	-35.521554	0.011963
9.000000	-76.690819	-39.900125	0.001246
10.000000	86.177606	50.862533	0.002529
11.000000	-81.909636	-34.362384	0.001988
12.000000	70.140355	-20.945648	0.005187
13.000000	84.471263	41.906732	0.047137
14.000000	-73.408376	-8.747806	0.001756
15.000000	80.327506	80.060667	0.001447
16.000000	-60.113205	-24.288902	0.006869
17.000000	-59.998831	-21.758500	0.163719
18.000000	85.484759	-26.906365	0.026391
19.000000	84.082690	-27.467153	0.005052
20.000000	-80.806662	-19.936729	0.001651
21.000000	82.234000	-64.720859	0.008340
22.000000	-69.037152	69.664268	0.001370
23.000000	-83.129875	21.592811	0.001207
24.000000	85.703583	-43.947638	0.035142
25.000000	-86.157464	15.694787	0.097519
26.000000	83.546820	68.493869	0.001844
27.000000	-82.317097	-58.261035	0.002463
28.000000	85.383347	-66.084793	0.000617
29.000000	78.256767	42.140442	0.002547
30.000000	-87.398773	2.735458	0.003315
31.000000	80.604218	-42.098411	0.442136
32.000000	85.034494	37.204644	0.001172
33.000000	83.936235	14.263158	0.074341
34.000000	-85.548615	25.595628	0.000718
35.000000	-89.143750	-24.173029	0.002837
36.000000	85.059914	38.191995	0.001949
37.000000	90.290808	56.661211	0.011648
38.000000	-68.642044	-59.762661	0.006606
39.000000	-68.802065	-34.081907	0.006356
40.000000	82.038054	9.868838	0.001114
41.000000	-85.021287	-75.736744	0.003021
42.000000	-83.504350	19.577758	0.001445
43.000000	-51.531748	-6.040978	0.112050
44.000000	83.637582	54.911939	0.002174
45.000000	-79.048806	-86.728094	0.003069
46.000000	-78.705873	17.403305	0.001416
47.000000	-80.160286	-8.313543	0.001637
48.000000	88.853259	7.472682	0.002185
49.000000	81.815347	-80.016476	0.006786
50.000000	83.131276	88.648042	0.019789
51.000000	-78.637400	66.448529	0.001265
52.000000	-88.468407	-19.838254	0.004924
53.000000	-75.802705	-27.299174	0.001190
54.000000	79.348676	-50.001242	0.004594
55.000000	-77.613249	38.925393	0.001207
56.000000	80.955893	-36.123575	0.000857
57.000000	-80.456311	36.380773	0.001029
58.000000	-80.624141	-63.967381	0.003560
59.000000	81.353306	-2.930699	0.001254
60.000000	83.514780	5.988213	0.003945
61.000000	-81.326726	-23.504350	0.001611
62.000000	-83.343593	43.131469	0.010064
63.000000	-78.896135	-20.400008	0.003134
64.000000	87.835084	57.732756	0.001494
65.000000	67.242436	12.887870	0.004706
66.000000	-90.284213	-11.819331	0.001456
67.000000	85.499779	75.991117	0.001543
68.000000	-81.151425	70.307783	0.011626
69.000000	78.369971	65.516646	0.000770
70.000000	-82.510612	23.924370	0.006793
71.000000	-85.257360	82.082636	0.001720
72.000000	-83.351113	-5.025970	0.003125
73.000000	-88.200480	54.080910	0.001855
74.000000	-88.330605	-35.426243	0.001809
75.000000	-86.866897	56.943602	0.051808
76.000000	85.299868	-70.995313	0.006329
77.000000	-90.691750	31.639627	0.002654
78.000000	-69.877802	-42.330430	0.007414
79.000000	86.713063	32.877786	0.001778
80.000000	-70.493692	-24.655601	0.005003
81.000000	-86.628770	-77.103764	0.002266
82.000000	83.599131	26.298528	0.001956
83.000000	57.345838	79.195085	0.007238
84.000000	-83.645121	-50.217226	0.001608
85.000000	-74.785232	54.908066	0.088480
86.000000	-81.319070	-72.108521	0.009969
87.000000	-70.851891	-47.413601	0.012999
88.000000	88.968169	10.825794	0.004275
89.000000	-82.145038	29.133017	0.004531
90.000000	-82.806642	-88.261311	0.001000
91.000000	-78.655888	-83.904668	0.005172
92.000000	-83.986474	46.552584	0.001115
93.000000	-87.870282	-42.264341	0.010160
94.000000	-87.787424	0.877799	0.015615
95.000000	-81.580715	46.424022	0.029978
96.000000	75.557793	-8.444448	0.004588
97.000000	-87.822355	44.093307	0.004905
98.000000	-68.145038	-36.066669	0.002251
99.000000	-89.254451	87.094846	0.054825
100.000000	87.714007	-66.368410	0.023827
101.000000	82.025730	65.759939	0.000938
102.000000	-90.439303	-45.702022	0.002995
103.000000	77.455601	-29.159790	0.008775
104.000000	-85.887029	39.160221	0.001485
105.000000	80.530932	-14.554542	0.053067
106.000000	84.276471	-42.172290	0.002728
107.000000	-79.986507	55.135920	0.001000
108.000000	-89.592772	-43.226570	0.001949
109.000000	-73.244341	50.137446	0.001600
110.000000	90.285633	-66.333416	0.003348
111.000000	-88.036367	-40.377719	0.001963
112.000000	-65.380184	-48.090411	0.661052
113.000000	87.660122	29.678705	0.000626
114.000000	-70.071319	-59.231172	0.053815
115.000000	-78.947538	89.464809	0.003258
116.000000	-88.345605	-78.306043	0.102656
117.000000	-85.853275	2.803007	0.004770
118.000000	65.228486	-29.074070	0.009365
119.000000	-87.961946	-77.444425	0.001020
120.000000	84.992697	-35.767654	0.002003
121.000000	-77.592772	2.506208	0.004108
122.000000	-81.833538	85.404697	0.295298
123.000000	-80.902511	-72.530348	0.004202
124.000000	-75.689347	1.794996	0.002961
125.000000	-78.765123	-68.457443	0.002757
126.000000	79.822901	-27.531820	0.003234
127.000000	61.269847	16.231361	0.006728
128.000000	-87.109626	-61.476939	0.002726
129.000000	-77.424595	65.457555	0.039584
130.000000	-84.927582	65.054453	0.001554
131.000000	88.238630	56.557234	0.001573
132.000000	70.410098	42.986388	0.002216
133.000000	78.700826	-58.702721	0.343175
134.000000	86.661091	0.439268	0.005796
135.000000	83.058401	77.271853	0.012653
136.000000	-75.802658	76.289612	0.049647
137.000000	84.234054	89.337986	0.002608
138.000000	-86.624141	21.454723	0.003221
139.000000	81.820030	-41.344722	0.136038
140.000000	-90.003481	-17.048757	0.001323
141.000000	-80.655888	72.036817	0.001342
142.000000	70.288674	66.792921	0.552467
143.000000	-76.338105	52.201992	0.008360
144.000000	-86.128258	-7.024196	0.002058
145.000000	-81.257360	33.693990	0.005180
146.000000	-86.235411	76.798039	0.001102
147.000000	87.062007	-38.700977	0.058192
148.000000	-80.172449	34.625749	0.014073
149.000000	-65.464243	-63.359017	0.011784
150.000000	73.039085	61.138758	0.006439
151.000000	-72.120758	45.143408	0.003294
152.000000	74.095014	-4.836942	0.003244
153.000000	-85.166619	3.297279	0.001503
154.000000	-87.699931	31.585045	0.000614
155.000000	-84.722686	58.433794	0.007768
156.000000	-83.274416	-7.706522	0.001174
157.000000	88.753918	-46.458953	0.002397
158.000000	86.833381	46.995547	0.002011
159.000000	-61.563621	-64.192926	0.062010
160.000000	-88.944682	-35.739106	0.001571
161.000000	65.839681	17.112999	0.001426
162.000000	-85.266709	89.528916	0.003577
163.000000	73.053592	21.560484	0.005337
164.000000	-83.406366	-76.410151	0.002882
165.000000	-80.762253	65.645116	0.045295
166.000000	82.359475	-49.039424	0.021665
167.000000	-89.781000	19.851864	0.001397
168.000000	-73.795065	42.152659	0.288219
169.000000	-81.174212	63.111306	0.002188
170.000000	61.856556	-87.199404	1.076766
171.000000	80.460713	-11.729255	0.006911
172.000000	-87.019546	-52.713412	0.006083
173.000000	77.799554	-36.705772	0.002625
174.000000	-68.554770	-88.386766	0.004678
175.000000	-90.256874	21.004348	0.012728
176.000000	79.996519	80.122251	0.004121
177.000000	74.860792	-47.998372	0.007128
178.000000	-82.330584	62.472843	0.000940
179.000000	-88.063765	-27.209514	0.005465
180.000000	-82.900770	40.655278	0.029036
181.000000	66.307590	-23.085124	0.002790
182.000000	-82.339878	80.407348	0.002550
183.000000	-85.501446	47.039405	0.002258
184.000000	75.062871	-29.633797	0.001794
185.000000	-82.814162	-0.511542	0.003879
186.000000	-90.973065	-44.681492	0.002740
187.000000	-79.436866	5.613061	0.001341
188.000000	87.936235	-17.793431	0.001612
189.000000	-71.082248	-82.471030	0.007484
190.000000	-90.399129	69.762809	0.053836
191.000000	81.548600	5.075418	0.007936
192.000000	86.905569	36.125248	0.110060
193.000000	-78.574420	66.933101	0.001278
194.000000	88.347136	10.773517	0.001444
195.000000	84.971039	76.768780	0.002802
196.000000	-78.947538	21.466515	0.001856
197.000000	81.422676	-6.870317	0.000796
198.000000	-71.785911	37.350503	0.067892
199.000000	-89.600365	50.078040	0.002323
200.000000	80.952917	60.457305	0.006918
201.000000	-84.200446	-60.792738	0.000947
202.000000	-87.616158	76.955893	0.001631
203.000000	68.295386	-57.667902	0.006206
204.000000	-88.006385	30.601188	0.000879
205.000000	83.452817	69.085857	0.002683
206.000000	78.048478	-36.414976	0.006551
207.000000	-73.721755	73.266710	0.001755
208.000000	-87.697021	-53.600293	0.009390
209.000000	-76.312447	56.243115	0.001434
210.000000	86.579569	85.312468	0.006590
211.000000	71.143340	-10.918409	0.001791
212.000000	82.890374	62.843925	0.002860
213.000000	-85.655773	-62.820202	0.001085
214.000000	86.362385	-70.763508	0.003087
215.000000	-88.456050	-44.469305	0.004514
216.000000	-70.920421	54.595414	0.011176
217.000000	-77.449157	-68.261311	0.011654
218.000000	75.161244	-66.298670	0.130433
219.000000	64.868804	4.155636	0.003204
220.000000	-75.899212	-75.516592	0.003671
221.000000	81.864188	20.705470	0.000600
222.000000	80.075136	-20.614879	0.001210
223.000000	-69.441516	42.716875	0.006076
224.000000	-66.455633	41.834225	0.616572
225.000000	-78.903608	54.348910	0.001621
226.000000	78.668591	81.811970	0.001553
227.000000	84.796529	8.673274	0.012225
228.000000	65.167614	-43.914460	0.009618
229.000000	-83.765946	53.646842	0.014066
230.000000	81.492292	36.704499	0.000628
231.000000	-82.552006	8.942452	0.011160
232.000000	-79.539287	54.078007	0.076535
233.000000	-88.478903	40.785836	0.172160
234.000000	84.530932	36.152712	0.000721
235.000000	-86.581959	-45.277325	0.002127
236.000000	88.234000	20.287833	0.001251
237.000000	-76.986882	-18.953080	0.001287
238.000000	-84.586556	-21.274334	0.035338
239.000000	82.581349	36.955932	0.003183
240.000000	78.781104	70.930097	0.002273
241.000000	-76.766897	59.128673	0.073294
242.000000	88.678098	80.246364	0.134264
243.000000	83.058188	-85.337130	0.002073
244.000000	-90.229409	-71.874932	0.000832
245.000000	81.337938	12.832677	0.289995
246.000000	-83.934164	-81.854968	0.015036
247.000000	-87.921960	69.446971	0.000420
248.000000	80.733258	-33.501359	0.002539
249.000000	-86.503130	29.587544	0.056921
250.000000	-88.252244	-87.004492	0.002863
251.000000	-61.959076	-13.667936	0.612819
252.000000	-81.850318	-69.341819	0.016750
253.000000	-87.476534	58.399075	0.009565
254.000000	-83.467153	8.095047	0.001843
255.000000	71.480248	-64.905187	0.002218
256.000000	-83.741492	-65.761370	0.001204
257.000000	77.249951	66.650628	0.002185
258.000000	-73.766000	-52.815552	0.016377
259.000000	76.503183	19.838114	0.123832
260.000000	84.169312	82.307623	0.003067
261.000000	73.079579	73.031552	0.016444
262.000000	-77.974304	45.501447	0.018992
263.000000	-77.411016	90.217220	0.012826
264.000000	88.853259	18.354918	0.001047
265.000000	-73.765946	-27.459632	0.007716
266.000000	85.275621	46.885021	0.003291
267.000000	-86.707546	33.388209	0.002675
268.000000	77.928681	70.053108	0.025188
269.000000	-73.159119	69.353253	0.004141
270.000000	-85.089807	18.702533	0.010285
271.000000	73.370139	-65.171182	0.001305
272.000000	77.440601	12.775214	0.001150
273.000000	82.241500	-69.089787	0.001534
274.000000	-86.252191	86.878098	0.005826
275.000000	90.154259	-45.252710	0.002289
276.000000	-87.662057	-51.331356	0.267876
277.000000	-60.359529	-11.807169	0.012836
278.000000	73.397183	56.095332	0.019924
279.000000	-86.915625	-71.666907	0.278159
280.000000	-77.921960	-22.160266	0.001751
281.000000	69.787424	-23.690510	0.004809
282.000000	-76.108555	4.354879	0.003136
283.000000	73.233136	-12.802506	0.165141
284.000000	-88.382349	-81.047065	0.005322
285.000000	-78.873287	46.429956	0.002462
286.000000	-83.166619	-76.071000	0.001664
287.000000	-88.459220	-14.918695	0.008786
288.000000	-84.416696	-51.702253	0.016075
289.000000	77.963613	-68.478903	0.004373
290.000000	-85.802658	-84.304009	0.051464
291.000000	-61.528917	64.653498	0.003609
292.000000	-83.381805	59.948559	0.249187
293.000000	-85.854968	6.097884	0.024857
294.000000	87.018666	66.793428	0.002305
295.000000	-80.921457	84.531107	0.001687
296.000000	-75.354055	68.972780	0.003677
297.000000	-69.921960	40.730316	0.441096
298.000000	-81.004792	3.513617	0.004268
299.000000	82.468213	-1.321941	0.002242
300.000000	60.591894	-23.473577	0.003302
301.000000	83.324168	17.413079	0.002588
302.000000	87.245301	87.477339	0.006059
303.000000	73.437677	-54.930592	0.006115
304.000000	-81.810244	-42.980491	0.013798
305.000000	-76.350234	-73.039424	0.002138
306.000000	-78.296455	48.137499	0.001567
307.000000	-79.452079	11.486619	0.001970
308.000000	-85.493454	67.082782	0.001132
309.000000	-85.553211	18.065383	0.001218
310.000000	-85.366751	-71.981824	0.002959
311.000000	86.112971	82.857883	0.003255
312.000000	88.636158	47.168020	0.001949
313.000000	-66.675832	26.132661	0.305256
314.000000	-82.256874	62.078040	0.106929
315.000000	89.389644	32.975630	0.010480
316.000000	75.138758	-40.449626	0.003492
317.000000	-87.306767	-70.207947	0.001429
318.000000	-69.162029	-34.382349	0.014250
319.000000	-69.838221	-69.504376	0.002988
320.000000	-86.325780	80.662778	0.002958
321.000000	-90.439256	46.778161	0.001130
322.000000	-84.581959	-5.027274	0.001670
323.000000	84.488091	-77.100244	0.001729
324.000000	88.214089	23.055332	0.050060
325.000000	-83.781000	67.888521	0.000510
326.000000	81.123877	0.114664	0.027573
327.000000	-73.667956	-14.402032	0.005739
328.000000	89.193305	-35.699471	0.001118
329.000000	83.921007	85.642159	0.003289
330.000000	-82.031704	26.685559	0.004379
331.000000	-75.201922	-47.758266	0.001773
332.000000	87.565347	44.701417	0.002277
333.000000	68.276471	41.770742	0.007237
334.000000	-87.341819	33.039118	0.002999
335.000000	83.871742	-43.369601	0.001562
336.000000	75.484825	-66.193232	0.003166
337.000000	90.158909	-39.252710	0.039156
338.000000	71.669416	-64.006385	0.005128
339.000000	87.565341	-24.401999	0.006856
340.000000	79.082489	-81.048215	0.006113
341.000000	-86.525985	15.266677	0.000759
342.000000	-77.311498	40.068374	0.001821
343.000000	-87.391220	5.099388	0.001512
344.000000	78.189809	80.054887	0.002239
345.000000	70.436379	-63.695334	0.006465
346.000000	-86.583646	-81.291533	0.009228
347.000000	88.396765	15.494086	0.175520
348.000000	-89.146780	-72.722638	0.000907
349.000000	-86.252244	79.474015	0.015364
350.000000	81.038610	25.072050	0.058888
351.000000	78.448476	86.960576	0.005463
352.000000	74.090364	-45.274334	0.006103
353.000000	-67.218929	18.640862	0.002937
354.000000	-89.842871	-47.682956	0.001928
355.000000	75.577491	59.943789	0.410874
356.000000	64.585993	19.686457	0.003034
357.000000	88.925393	15.563795	0.004377
358.000000	78.833381	50.394425	0.002361
359.000000	-77.077516	-21.566718	0.002066
360.000000	81.082468	89.416818	0.004705
361.000000	-77.186497	37.392935	0.041148
362.000000	90.182256	65.353320	0.162486
363.000000	88.865895	-9.260351	0.001643
364.000000	-82.785271	-25.914440	0.000676
365.000000	72.082690	0.407189	0.744235
366.000000	82.867183	17.286642	0.001187
367.000000	-72.354932	46.761416	0.021845
368.000000	-76.678755	-89.758213	0.005492
369.000000	-81.595715	4.730316	0.037533
370.000000	80.332097	-74.617889	0.001930
371.000000	73.357950	86.468180	0.021800
372.000000	63.484878	28.674991	0.041301
373.000000	-82.698319	78.960894	0.001597
374.000000	84.581310	-79.421560	0.002683
375.000000	85.720431	88.750194	0.003411
376.000000	-83.157204	23.439504	0.000731
377.000000	79.772370	-65.467119	0.006088
378.000000	-78.147909	-20.220183	0.001380
379.000000	-88.076002	8.650628	0.001607
380.000000	90.065803	-49.721755	0.023299
381.000000	-79.571402	-4.451439	0.002023
382.000000	73.640471	86.733258	0.003872
383.000000	-87.874932	10.142129	0.001046
384.000000	52.730267	-56.533167	0.063835
385.000000	87.385014	-75.495076	0.002582
386.000000	-73.597456	-60.829390	0.002370
387.000000	85.906673	-74.051441	0.000523
388.000000	60.070486	-14.662067	0.011482
389.000000	82.946511	65.404654	0.001725
390.000000	59.058242	81.794963	0.008797
391.000000	72.305849	59.338131	0.006442
392.000000	88.278245	-28.019380	0.001024
393.000000	-84.949273	-70.535703	0.001737
394.000000	-81.761317	-44.305956	0.005832
395.000000	-73.362068	71.282012	0.008390
396.000000	-82.648420	49.252893	0.180820
397.000000	79.632918	-58.986107	0.367226
398.000000	60.021047	26.371659	0.003054
399.000000	-85.664960	-88.510718	0.105012
400.000000	-88.143259	-88.091547	0.043219
401.000000	-79.336039	-29.649766	0.002016
402.000000	86.890282	-29.144967	0.001126
403.000000	86.093234	15.138758	0.001383
404.000000	86.351747	2.182289	0.001279
405.000000	81.067768	-82.822593	0.002784
406.000000	-87.169529	4.045608	0.002297
407.000000	-79.371342	89.164632	0.019503
408.000000	-74.649517	-78.152819	0.005289
409.000000	-86.264341	29.353320	0.001139
410.000000	-87.408106	17.939144	0.002020
411.000000	-82.849059	33.752406	0.023016
412.000000	82.268932	-74.879080	0.001360
413.000000	-82.422476	-73.534691	0.001625
414.000000	-77.131163	-36.126697	0.020860
415.000000	88.177606	-77.998798	0.002115
416.000000	72.080910	-43.926643	0.004600
417.000000	-82.350288	-45.800964	0.003071
418.000000	73.693957	5.822901	0.001585
419.000000	-86.377719	47.595097	0.049620
420.000000	87.363623	30.177678	0.001374
421.000000	-81.966750	48.625716	0.001797
422.000000	-85.194090	6.825788	0.003340
423.000000	-84.914694	31.654401	0.001750
424.000000	-86.011563	-39.942209	0.005020
425.000000	-73.541061	-59.868010	0.006762
426.000000	78.065803	-83.302117	0.018518
427.000000	-80.605706	-87.921960	0.002280
428.000000	84.622845	42.070453	0.009807
429.000000	-88.338138	-36.442159	0.002185
430.000000	84.342507	-75.134187	0.011864
431.000000	-90.152819	56.938919	0.001712
432.000000	79.669908	22.429090	0.310085
433.000000	-80.322910	70.090331	0.002869
434.000000	-88.271894	-28.039237	0.000534
435.000000	85.135920	-24.832299	0.001956
436.000000	85.257436	66.755839	0.001672
437.000000	-86.831169	66.303270	0.001150
438.000000	-76.900770	39.389730	0.002269
439.000000	68.840881	45.395557	0.001731
440.000000	-77.471977	-81.793378	0.005067
441.000000	-87.989498	64.013526	0.035717
442.000000	89.418041	29.610098	0.003741
443.000000	-81.174212	-77.620841	0.002555
444.000000	79.259177	-32.926162	0.000892
445.000000	87.149200	-42.447174	0.020750
446.000000	77.598001	14.822951	0.002228
447.000000	84.078040	56.857849	0.001988
448.000000	-81.066010	34.925426	0.008512
449.000000	89.187318	-18.011508	0.032840
450.000000	80.776421	-65.838793	0.002694
451.000000	76.690242	30.097918	0.001691
452.000000	-85.749167	-70.835289	0.002165
453.000000	76.097918	-57.056398	0.002358
454.000000	-85.588161	19.125550	0.002200
455.000000	-82.668364	-50.267409	0.002657
456.000000	-89.779870	-66.985155	0.002204
457.000000	77.298777	-30.229370	0.064965
458.000000	-75.528878	50.820704	0.003854
459.000000	-76.654147	48.010623	0.019511
460.000000	86.818235	15.574621	0.001764
461.000000	-83.738622	87.859559	0.004315
462.000000	69.693957	-43.798028	0.008044
463.000000	74.683839	-69.556959	0.031841
464.000000	72.873454	-41.216696	0.003739
465.000000	86.312394	-10.792718	0.001916
466.000000	76.685580	16.280279	0.002561
467.000000	75.281991	-18.856665	0.003250
468.000000	-75.201643	25.350417	0.001902
469.000000	79.199676	6.878098	0.003575
470.000000	-77.870021	-53.788554	0.001825
471.000000	-71.026476	60.520191	0.035197
472.000000	85.413397	67.568478	0.022807
473.000000	-85.588215	-47.977174	0.000913
474.000000	-71.687606	-56.610336	0.096285
475.000000	-66.051441	-77.162029	0.120623
476.000000	80.214350	75.963613	0.001868
477.000000	-84.164916	25.496870	0.001209
478.000000	-80.809512	56.004111	0.028765
479.000000	89.822901	41.131291	0.003910
480.000000	-85.592811	-77.937526	0.002115
481.000000	75.457414	63.155749	0.042395
482.000000	73.153764	-78.016296	0.540858
483.000000	-90.120758	-11.845688	0.030371
484.000000	-77.560711	-84.620892	0.004468
485.000000	-73.369601	76.922517	0.001691
486.000000	87.226912	37.052429	0.002650
487.000000	-89.403423	-74.109671	0.008126
488.000000	75.064559	-24.935441	0.005302
489.000000	-79.201697	0.179385	0.002204
490.000000	-85.736842	57.028628	0.001839
491.000000	-86.715153	44.629141	0.001620
492.000000	-76.353191	-80.478830	0.010200
493.000000	-29.713908	68.339864	0.066131
494.000000	67.703545	54.038021	0.003356
495.000000	-89.201889	-69.261951	0.030881
496.000000	82.733258	-31.176426	0.002341
497.000000	-86.302681	0.401415	0.001287
498.000000	82.001169	-51.354055	0.004575
499.000000	82.234000	-37.169529	0.004263
500.000000	75.597968	-6.167786	0.001837
501.000000	82.982730	-25.094431	0.002550
502.000000	77.899120	-52.586556	0.006510
503.000000	-90.617750	-39.011992	0.001574
504.000000	-80.419605	-27.770596	0.001455
505.000000	58.282724	2.557234	0.003126
506.000000	-78.103751	-53.209514	0.002505
507.000000	70.725584	-48.075630	0.004918
508.000000	-85.631245	19.055332	0.000876
509.000000	-77.076168	76.949987	0.040114
510.000000	-80.678741	52.630345	0.002198
511.000000	87.540780	-81.695247	0.002826
512.000000	-84.431717	27.865545	0.001377
513.000000	-80.011563	78.943569	0.030413
514.000000	74.856129	-51.099926	0.002649
515.000000	73.928681	-55.845741	0.193676
516.000000	86.137499	19.269581	0.000640
517.000000	-74.634563	-24.118979	0.005313
518.000000	90.129718	-36.264374	0.004171
519.000000	72.936015	-27.600365	0.002925
520.000000	87.698978	-33.695281	0.002197
521.000000	79.185577	46.459167	0.039022
522.000000	-90.344528	73.997061	0.002627
523.000000	83.507312	81.914264	0.022958
524.000000	-85.961946	58.572692	0.001485
525.000000	77.294195	-35.534691	0.002631
526.000000	-87.647992	6.765925	0.003548
527.000000	-81.447416	-22.792718	0.000746
528.000000	-88.500221	31.497169	0.032788
529.000000	68.364158	3.442341	0.071322
530.000000	79.755342	-47.997052	0.002292
531.000000	86.860812	-42.875977	0.002681
532.000000	74.796299	82.466667	0.011485
533.000000	-87.623425	62.426332	0.060711
534.000000	-72.569722	28.344280	0.003521
535.000000	73.714041	3.395671	0.659599
536.000000	-87.094431	1.392268	0.002770
537.000000	-83.929514	-85.036553	0.005171
538.000000	-86.187523	59.802424	0.002932
539.000000	67.333376	-29.482381	0.008132
540.000000	77.735626	54.421065	0.005500
541.000000	82.637932	69.491129	0.003996
542.000000	87.089956	-53.206572	0.000925
543.000000	88.396765	-79.102024	0.004235
544.000000	80.590643	44.090364	0.003856
545.000000	-73.183506	-9.307792	0.013994
546.000000	-84.977674	29.330486	0.008663
547.000000	-76.108575	50.132849	0.011145
548.000000	-89.012206	-58.997325	0.017346
549.000000	-83.358705	-78.205129	0.004869
550.000000	86.865442	-20.508586	0.006467
551.000000	-89.391220	50.600382	0.002636
552.000000	-85.669676	40.558970	0.011596
553.000000	83.274637	46.582925	0.211227
554.000000	84.878137	-81.438075	0.003557
555.000000	84.268932	72.838146	0.039738
556.000000	74.495591	30.463530	0.033947
557.000000	-76.354884	-32.666664	0.008257
558.000000	69.501711	56.886174	0.665602
559.000000	-89.909636	-47.899212	0.064026
560.000000	-65.805614	71.055332	0.002200
561.000000	-88.937129	82.670545	0.012519
562.000000	80.898015	-50.661662	0.003685
563.000000	-79.091561	-12.807473	0.001541
564.000000	78.226447	17.325889	0.005712
565.000000	-79.467153	-15.991157	0.017498
566.000000	-72.576113	84.000052	0.003905
567.000000	-76.815552	-57.648219	0.063289
568.000000	-71.543917	-82.557745	0.042104
569.000000	-87.001550	21.508951	0.001012
570.000000	90.424022	-55.177115	0.003969
571.000000	-66.539749	-37.922292	0.002711
572.000000	71.660122	0.658220	0.003556
573.000000	81.029791	-22.018129	0.003325
574.000000	-65.946892	-79.712167	0.003333
575.000000	-81.595715	-0.516338	0.004581
576.000000	-76.704881	55.654444	0.239268
577.000000	-78.046791	46.495591	0.002765
578.000000	69.272490	53.433308	0.606968
579.000000	-83.471977	-5.085070	0.011171
580.000000	-83.528917	-41.160108	0.036182
581.000000	84.558484	86.656803	0.000814
582.000000	-76.834073	47.963705	0.010019
583.000000	-84.979521	-68.130844	0.017773
584.000000	72.292516	40.598318	0.002445
585.000000	-86.056091	-19.442766	0.001156
586.000000	-88.318227	-89.623659	0.002443
587.000000	73.864241	50.895106	0.003985
588.000000	73.598001	-77.813028	0.051779
589.000000	68.748453	28.875884	0.025666
590.000000	-76.675832	62.708467	0.001043
591.000000	89.115909	54.998417	0.002490
592.000000	83.496870	32.359475	0.001137
593.000000	-81.857838	-46.760473	0.004131
594.000000	87.940885	66.217220	0.001718
595.000000	86.913069	66.365462	0.001258
596.000000	86.001202	-69.680053	0.002100
597.000000	82.848575	67.283970	0.010083
598.000000	-75.427538	78.960576	0.003698
599.000000	-75.161936	-65.332080	0.004062
600.000000	-75.447416	40.189809	0.004438
601.000000	-84.624141	-7.394090	0.003724
602.000000	86.428652	21.791967	0.001035
603.000000	-90.301105	-25.085157	0.010130
604.000000	-86.657417	71.669395	0.000867
605.000000	79.509038	-37.918930	0.081265
606.000000	79.102139	81.919573	0.003479
607.000000	85.341256	-28.605706	0.001231
608.000000	-83.366751	82.742640	0.002054
609.000000	81.289497	10.740899	0.000997
610.000000	84.033250	73.274491	0.005769
611.000000	82.307569	14.440976	0.002046
612.000000	81.597953	-80.638934	0.013814
613.000000	72.185159	-2.803228	0.025753
614.000000	-72.312467	-10.164857	0.004747
615.000000	-79.825265	-86.861242	0.002619
616.000000	-74.812421	-73.872925	0.055061
617.000000	64.376288	12.070520	0.003079
618.000000	-85.314420	-64.071319	0.001430
619.000000	-79.817744	-27.104927	0.001591
620.000000	89.556047	-41.254505	0.002367
621.000000	-68.912388	-22.792236	0.389285
622.000000	-82.075969	-54.965511	0.009211
623.000000	-84.804969	-47.782807	0.016635
624.000000	-88.870450	-21.765766	0.001183
625.000000	-82.873234	29.592758	0.054040
626.000000	-79.079257	-9.130692	0.001330
627.000000	79.306244	-62.649544	0.001129
628.000000	-76.922161	-1.194281	0.003669
629.000000	-72.862374	-79.583917	0.019746
630.000000	-81.468893	88.347190	0.008622
631.000000	78.776421	-18.479895	0.002533
632.000000	88.307590	24.992305	0.000431
633.000000	68.673415	71.099496	0.019137
634.000000	-83.712167	83.026902	0.001396
635.000000	-83.598585	4.351975	0.001654
636.000000	81.807054	-1.862501	0.007091
637.000000	-85.158945	30.932980	0.001149
638.000000	85.891425	60.670506	0.001103
639.000000	-84.203350	21.449809	0.002209
640.000000	-78.454309	75.120586	0.000961
641.000000	76.238683	-61.237033	0.007224
642.000000	80.342507	29.568733	0.001196
643.000000	78.998097	-21.198931	0.003028
644.000000	-85.959076	-57.142151	0.001127
645.000000	71.449735	-61.872925	0.029449
646.000000	86.975630	-39.495043	0.001866
647.000000	-87.476534	60.997220	0.002198
648.000000	90.402544	54.241626	0.001578
649.000000	-76.539769	2.643853	0.001133
650.000000	-76.386993	-81.613249	0.003104
651.000000	-77.398773	75.523174	0.001564
652.000000	77.888575	44.249054	0.326403
653.000000	-70.051441	89.012021	0.009242
654.000000	-77.699964	8.745544	0.002401
655.000000	76.486317	46.207135	0.004422
656.000000	83.257436	-28.824512	0.002763
657.000000	68.676285	21.583232	0.002427
658.000000	-75.311478	86.379126	0.008022
659.000000	-78.208000	-17.546874	0.001549
660.000000	74.605871	-38.918695	0.004670
661.000000	-81.476568	-45.689468	0.038607
662.000000	66.369971	8.039899	0.005342
663.000000	90.005852	-33.563621	0.000556
664.000000	-87.469068	-19.391890	0.003587
665.000000	-78.466720	-34.681492	0.001657
666.000000	-83.398812	64.053141	0.008522
667.000000	86.547921	28.719771	0.002059
668.000000	85.428537	31.319935	0.002040
669.000000	72.550810	-6.105306	0.001848
670.000000	84.491000	53.237732	0.041857
671.000000	66.601227	-9.919721	0.002500
672.000000	-86.325780	7.482022	0.009529
673.000000	-83.830667	-75.114348	0.005381
674.000000	83.728106	-22.310673	0.001389
675.000000	-89.536431	27.702307	0.003028
676.000000	-68.550265	50.179419	0.014248
677.000000	-78.391590	-49.238584	0.005055
678.000000	73.631570	-43.271347	0.057849
679.000000	-87.493454	-11.296744	0.018509
680.000000	-84.498553	40.292516	0.024827
681.000000	87.262086	-42.220144	0.001289
682.000000	83.340842	52.937751	0.001293
683.000000	-82.043887	0.114664	0.001914
684.000000	-80.284213	-71.449049	0.020943
685.000000	-80.172503	18.129718	0.325220
686.000000	-89.921960	57.852091	0.001294
687.000000	-89.667903	-6.995479	0.227749
688.000000	81.968296	-54.498480	0.002644
689.000000	-83.036481	-16.815113	0.002539
690.000000	-80.388686	13.842764	0.007803
691.000000	81.168831	33.699890	0.001112
692.000000	87.548561	88.520523	0.006701
693.000000	-81.635842	-66.674058	0.001464
694.000000	76.433248	-52.399129	0.004457
695.000000	-79.635803	-67.216871	0.695447
696.000000	81.274497	-20.789634	0.000671
697.000000	83.158414	58.261417	0.001880
698.000000	81.477339	-67.236979	0.001856
699.000000	-64.369938	-67.470056	0.006781
700.000000	86.506546	-58.388288	0.000889
701.000000	-84.893371	-23.886969	0.001232
702.000000	-89.031831	-34.342328	0.002807
703.000000	88.278245	-4.538095	0.021392
704.000000	-69.143871	-34.306190	0.008127
705.000000	-77.254451	8.329458	0.001895
706.000000	81.536222	40.518870	0.011245
707.000000	82.825860	-58.779892	0.000842
708.000000	83.205542	21.046765	0.000446
709.000000	-88.995387	-32.565122	0.134945
710.000000	-81.493454	-89.012060	0.006884
711.000000	88.419372	45.587544	0.019791
712.000000	75.454504	-58.649431	0.008142
713.000000	82.754882	-60.459993	0.049463
714.000000	80.545051	-75.897519	0.014806
715.000000	74.287833	60.477634	0.001376
716.000000	88.335001	60.747323	0.001515
717.000000	-90.128225	-41.998831	0.006934
718.000000	-86.060895	-24.896120	0.001481
719.000000	-80.659158	-61.424595	0.001284
720.000000	72.278245	-89.260264	0.002658
721.000000	82.013493	31.871775	0.001129
722.000000	83.980620	82.750194	0.000485
723.000000	78.665774	38.961035	0.020727
724.000000	-83.524267	-37.479477	0.018094
725.000000	79.348742	87.531989	0.021744
726.000000	-85.067365	83.248424	1.509830
727.000000	-84.401999	-60.330584	0.024945
728.000000	-71.974304	49.234877	0.001874
729.000000	-86.856541	-2.383895	0.004593
730.000000	-53.750946	71.629834	0.006012
731.000000	74.149629	70.727445	0.139935
732.000000	85.407607	-8.214176	0.001360
733.000000	-90.024063	-57.504409	0.004161
734.000000	84.813536	-24.111019	0.005777
735.000000	87.675349	-21.588089	0.002994
736.000000	68.238630	18.980421	0.004542
737.000000	-86.285959	32.105477	0.000733
738.000000	72.953800	-87.057599	0.004730
739.000000	87.985270	23.043715	0.001706
740.000000	81.123809	-21.331235	0.001236
741.000000	-90.439303	21.066730	0.001487
742.000000	86.491000	2.511502	0.001651
743.000000	-88.631554	-54.941275	0.000180
744.000000	-82.264374	-71.077516	0.000514
745.000000	-88.489134	-64.210903	0.004430
746.000000	-86.895413	-8.765258	0.013385
747.000000	-84.056245	-81.277325	0.001492
748.000000	-89.862501	64.543271	0.001178
749.000000	-74.930526	88.840737	0.115725
750.000000	-75.620841	44.694980	0.004387
751.000000	83.097489	-67.852145	0.056448
752.000000	68.446756	88.272623	0.008263
753.000000	-68.917511	76.255956	0.004657
754.000000	85.180927	16.374742	0.001769
755.000000	-79.873152	10.411818	0.025353
756.000000	-83.231220	-27.887888	0.037816
757.000000	-75.616119	23.716241	0.001821
758.000000	86.448529	-58.150812	0.005831
759.000000	-81.909636	-26.155690	0.001394
760.000000	85.637582	-22.696545	0.019907
761.000000	75.943735	-70.140441	0.002658
762.000000	-81.441516	-73.508879	0.000745
763.000000	-87.817711	-5.374284	0.004145
764.000000	-86.422509	3.916019	0.137185
765.000000	84.825827	58.921492	0.013587
766.000000	87.452817	36.966477	0.003490
767.000000	-76.812682	42.134662	0.003286
768.000000	-91.108209	42.788624	0.003829
769.000000	87.460251	-51.859558	0.002885
770.000000	79.975937	79.148104	0.002712
771.000000	76.893191	61.717517	0.020795
772.000000	66.530932	26.889167	0.002547
773.000000	77.611745	-47.486604	0.002413
774.000000	-89.061028	71.370312	0.001009
775.000000	-86.147909	69.920669	0.000763
776.000000	85.896249	88.655278	0.017551
777.000000	82.784062	-30.805946	0.002554
778.000000	86.182289	78.073357	0.001833
779.000000	-83.493421	-73.824926	0.001480
780.000000	-85.909636	28.468180	0.001121
781.000000	-86.530582	-35.937526	0.001714
782.000000	-72.336975	12.583046	0.001838
783.000000	72.925426	-66.424321	0.003757
784.000000	87.759992	86.388525	0.028551
785.000000	-86.460961	-22.865540	0.012208
786.000000	-84.959643	57.157562	0.009314
787.000000	72.070486	45.397197	0.007604
788.000000	88.090364	-14.489221	0.000940
789.000000	-89.991157	18.460659	0.003577
790.000000	-89.707484	72.255604	0.000674
791.000000	-84.068448	50.367062	0.003962
792.000000	-62.991797	-73.802658	0.023785
793.000000	-82.929628	77.766397	0.001389
794.000000	67.642159	56.194386	0.004553
795.000000	75.341155	-73.880247	0.004809
796.000000	84.001202	-27.726405	0.004118
797.000000	87.551450	-38.977408	0.001982
798.000000	75.028032	-16.294304	0.002116
799.000000	86.625749	82.927167	0.001392
800.000000	77.996519	-41.265001	0.025904
801.000000	62.334953	-54.310667	0.012744
802.000000	-82.583667	-71.019507	0.002838
803.000000	-88.693756	69.954339	0.000957
804.000000	-84.290643	-14.398969	0.002062
805.000000	48.593673	-8.302374	0.007793
806.000000	-73.825265	-88.357755	0.000822
807.000000	-76.371679	-58.860943	0.043798
808.000000	-69.560711	45.256142	0.091433
809.000000	67.260393	22.653166	0.005678
810.000000	-90.031704	47.513703	0.005245
811.000000	80.690242	59.732756	0.003180
812.000000	-75.917310	-10.014412	0.023585
813.000000	-81.432149	69.110814	0.003544
814.000000	-85.074607	-76.575386	0.000799
815.000000	-85.889986	12.907256	0.003369
816.000000	-78.371679	-8.849073	0.015661
817.000000	81.437763	39.959143	0.001072
818.000000	81.382409	-27.954387	0.000650
819.000000	-87.785650	-68.948765	0.004900
820.000000	88.506546	49.893717	0.000990
821.000000	79.536222	47.094813	0.024041
822.000000	-88.742516	70.211446	0.004601
823.000000	86.407228	-52.073763	0.004291
824.000000	84.018176	-13.524146	0.001805
825.000000	78.683839	-25.379707	0.002580
826.000000	88.062441	45.883925	0.004617
827.000000	-90.460700	-33.684697	0.002080
828.000000	-87.934197	-18.430063	0.012524
829.000000	77.714041	20.934759	0.002154
830.000000	-83.097302	39.459440	0.001843
831.000000	-72.384036	-17.997096	0.004233
832.000000	-81.501500	75.837356	0.002675
833.000000	74.958802	-75.266742	0.001355
834.000000	-85.873152	54.637932	0.003250
835.000000	-85.613249	-21.114662	0.002008
836.000000	88.601227	3.348871	0.097470
837.000000	89.948559	2.765837	0.008047
838.000000	-84.041017	13.557874	0.003579
839.000000	76.579569	70.088503	0.001388
840.000000	-87.942209	14.853220	0.001156
841.000000	-90.639280	-6.103712	0.015276
842.000000	88.708380	68.184353	0.034819
843.000000	77.428915	-37.021461	0.000815
844.000000	-74.244145	-5.886815	0.041801
845.000000	79.099302	-80.929434	0.002980
846.000000	-85.374212	-18.380163	0.001221
847.000000	-87.978953	-82.160266	0.001733
848.000000	-70.063765	-45.181765	0.006188
849.000000	85.489403	-12.565146	0.235254
850.000000	-87.917310	-63.406366	0.003775
851.000000	-73.763090	-1.638877	0.002248
852.000000	85.718811	58.633288	0.000997
853.000000	-86.924394	33.239791	0.002628
854.000000	-72.949279	-57.746083	0.005267
855.000000	-77.129156	34.621072	0.012088
856.000000	-70.545496	-38.760473	0.002141
857.000000	-84.224759	-70.454570	0.001383
858.000000	-88.845518	-17.303765	0.007068
859.000000	86.379284	21.966895	0.000585
860.000000	-80.789829	42.788712	0.002041
861.000000	-83.810244	-38.716315	0.018308
862.000000	88.560177	82.748453	0.111880
863.000000	89.318422	18.520523	0.001105
864.000000	-86.382349	83.678870	0.014457
865.000000	88.877786	3.540487	0.002714
866.000000	-68.010531	-6.666624	0.004906
867.000000	84.491000	14.514220	0.001995
868.000000	-85.825265	59.425628	0.002258
869.000000	-78.796932	-28.690538	0.019260
870.000000	88.379284	33.813792	0.057028
871.000000	82.214089	78.842796	0.010259
872.000000	87.119233	72.781104	0.001148
873.000000	-59.649993	-12.732724	0.010904
874.000000	82.503324	60.075368	0.000663
875.000000	-87.033523	-28.115245	0.001956
876.000000	78.334953	-38.334571	0.003227
877.000000	86.283183	-46.760473	0.004791
878.000000	78.588936	78.032619	0.002302
879.000000	87.818707	-9.551485	0.002816
880.000000	-71.822322	80.205559	0.020571
881.000000	87.903803	-20.043887	0.000807
882.000000	-78.024063	89.192229	0.002128
883.000000	81.613060	14.179916	0.001843
884.000000	74.209565	-85.239223	0.002220
885.000000	-76.544950	18.740548	0.002752
886.000000	88.401946	55.125815	0.002208
887.000000	-89.242181	19.558226	0.001453
888.000000	-73.704575	79.070803	0.031150
889.000000	-88.579017	-26.905068	0.019463
890.000000	85.827497	64.065803	0.002841
891.000000	-82.742531	47.385387	0.003912
892.000000	-75.501467	80.454739	0.001025
893.000000	-70.611162	-62.110595	0.001663
894.000000	80.132921	-34.563618	0.000894
895.000000	-77.560906	79.628342	0.000755
896.000000	-74.340516	13.274551	0.001408
897.000000	88.212556	-16.615812	0.000713
898.000000	-86.944629	-77.489142	0.053589
899.000000	87.660155	-14.814248	0.001666
900.000000	-70.821943	70.241593	0.003874
901.000000	-80.782328	-43.381766	0.055809
902.000000	-66.774828	-63.917184	0.003295
903.000000	81.259849	63.096384	0.001088
904.000000	75.477345	9.533600	0.001858
905.000000	90.843925	-14.657046	0.006808
906.000000	-85.850279	42.635892	0.001106
907.000000	67.122136	79.991171	0.006556
908.000000	72.095014	52.380938	0.008118
909.000000	87.277367	72.980493	0.005263
910.000000	84.886330	-7.094802	0.001086
911.000000	80.292516	64.544767	0.008477
912.000000	-89.053522	-67.963807	0.042322
913.000000	84.860812	53.054527	0.000975
914.000000	82.483533	76.384725	0.002794
915.000000	-80.860078	47.515608	0.001603
916.000000	75.939035	57.580554	0.004373
917.000000	-84.093321	20.860812	0.001244
918.000000	-83.465777	82.000940	0.000768
919.000000	75.911342	66.443972	0.001202
920.000000	79.443418	-46.060735	0.001886
921.000000	89.143335	-39.566524	0.089162
922.000000	88.770926	11.360874	0.003503
923.000000	85.886795	-29.924864	0.045298
924.000000	-81.354475	-56.923059	0.001467
925.000000	72.781104	61.688688	0.001568
926.000000	-62.293546	37.111540	0.006895
927.000000	83.291509	-3.926565	0.002557
928.000000	85.239395	11.348816	0.002058
929.000000	73.434570	-29.376465	0.070196
930.000000	79.881340	50.209619	0.000376
931.000000	84.636192	-55.717755	0.002020
932.000000	75.316681	87.899159	0.003386
933.000000	-86.851804	66.757481	0.003742
934.000000	-87.259142	52.630220	0.006077
935.000000	-88.515241	-84.664372	0.001704
936.000000	-85.811898	85.766079	0.001899
937.000000	-87.628341	-18.330605	0.002421
938.000000	-83.640660	66.353966	0.017278
939.000000	-81.415747	-52.742336	0.002578
940.000000	-71.785731	-71.716925	0.003354
941.000000	83.486711	40.937650	0.006947
942.000000	-84.212576	-18.322910	0.000498
943.000000	85.883260	56.315270	0.001581
