Thin Section: 	C:\Ice Data\2017-07-17-Mon\10.08 SPICE 937 VTS

Results: 	C:\Ice Results\2017-07-17-Mon\10.08 SPICE 937 VTS\2017-07-17-Mon, 14.15

Sequence Angles: 
xi	phi inner
0	0
45	0
45	-45
45	-90
45	-135
45	-180
45	-225
45	-270
45	-315

Threshold: 
45.000

Grain #		theta		phi	Rsquared

0.000000	19.082489	-75.178178	0.004781
1.000000	22.648887	-73.170625	0.009200
2.000000	34.905569	-81.468787	0.008527
3.000000	-78.889163	-45.337381	0.021890
4.000000	-51.677144	48.773496	0.005917
5.000000	-62.396240	73.045247	0.018503
6.000000	22.885691	88.110406	0.982881
7.000000	-80.996759	2.140562	0.460610
8.000000	87.026976	7.732756	0.892291
9.000000	29.195052	-84.287568	0.007345
10.000000	-48.488989	50.402860	0.025163
11.000000	-52.202220	52.160000	0.606692
12.000000	29.689312	76.513396	0.002151
13.000000	-39.540887	71.111646	0.088358
14.000000	41.311087	-7.288087	0.003220
15.000000	-67.652903	64.075170	0.021693
16.000000	-52.732160	53.856812	1.132613
17.000000	-60.116075	66.448476	0.129919
18.000000	76.374709	11.635862	0.524546
19.000000	55.350199	-22.840661	0.333156
20.000000	65.525726	-49.825265	0.008532
21.000000	39.792672	76.913200	0.393214
22.000000	89.528636	85.702289	0.006830
23.000000	31.660122	-71.112163	0.006700
24.000000	-79.889986	-83.640438	0.004495
25.000000	33.491629	-77.008052	0.792473
26.000000	-15.646803	-48.354278	0.935503
27.000000	-55.645082	56.431768	0.001486
28.000000	-81.733939	89.732756	0.035760
29.000000	22.426964	-80.437211	0.049981
30.000000	32.572501	-76.853789	0.013176
31.000000	-13.009083	-24.461805	0.014587
32.000000	-39.243921	-79.911538	0.002488
33.000000	37.897379	-73.650630	0.030577
34.000000	-54.330584	89.956113	0.000897
35	grain not analyzable
36.000000	56.129718	-57.381805	0.006525
37.000000	87.457414	64.447272	0.002651
38.000000	-26.473929	6.558269	0.066085
39.000000	-57.194090	-80.402032	0.005548
40.000000	26.865616	-47.932165	0.293490
41.000000	-81.234075	66.882748	0.002056
42.000000	-69.274613	-71.843131	0.066076
43.000000	-18.073059	85.344939	0.021133
44.000000	13.049020	67.949415	0.995235
45.000000	49.841952	85.113391	0.001366
46.000000	35.796650	-63.551524	0.062011
47.000000	48.601227	80.546838	0.035943
48.000000	-51.294524	-79.654715	0.369379
49.000000	27.889859	-86.004146	0.058383
50.000000	35.397203	-64.760242	1.028823
51.000000	16.364105	87.789097	0.350151
52.000000	19.655472	-13.428775	0.004031
53.000000	-86.982184	61.928687	0.004586
54.000000	-58.238200	81.748268	0.201617
55.000000	-38.396273	63.136086	0.006375
56.000000	-40.505783	73.678580	0.483680
57.000000	-40.418343	-32.606567	0.004361
58.000000	70.752798	-78.832299	0.765288
59.000000	41.161729	-85.516500	0.007648
60.000000	-86.622394	82.758743	0.002323
61.000000	24.619331	3.868833	0.005800
62.000000	17.474253	-84.902813	0.178234
63.000000	-19.456690	73.652172	0.012775
64.000000	-57.166619	85.101261	0.022437
65.000000	-77.755590	-70.468029	0.046678
66.000000	-57.028840	-44.938287	0.397269
67.000000	7.225607	15.624605	0.065922
68.000000	-51.541008	-36.795120	0.738635
69.000000	28.448622	25.643309	0.040399
70.000000	-62.217226	-37.543970	0.092354
71.000000	85.701046	6.406276	0.023775
72.000000	-87.859558	-4.896015	0.240148
73.000000	84.893578	-85.295084	1.604801
74.000000	21.992321	83.802424	0.005740
75.000000	34.689571	-60.545535	0.371904
76.000000	48.957808	22.392591	0.191015
77.000000	-54.562323	-33.058876	0.156489
78.000000	-35.983565	-28.276659	0.001984
79.000000	-13.086865	-75.229856	0.014888
80.000000	-72.080652	77.732756	0.500221
81.000000	-41.231751	-50.057578	0.001564
82.000000	18.673918	19.778150	0.608992
83.000000	32.258805	31.662396	1.360233
84.000000	-38.724514	-27.402234	0.528733
85.000000	79.095517	2.700652	0.350378
86.000000	-67.039424	-86.533518	0.009664
87.000000	-56.219227	73.947328	0.000903
88.000000	-89.178823	-88.993888	0.005046
89.000000	-72.838756	81.496448	0.001366
90.000000	70.566097	-15.179287	0.692499
91.000000	48.339705	-19.513068	0.024455
92.000000	-26.632375	-41.369774	0.844030
93.000000	-58.237957	80.013904	0.795321
94.000000	-62.172503	80.191482	0.133685
95.000000	-47.531787	-69.321974	0.004495
96.000000	-36.391140	56.560318	0.007992
97.000000	-38.024753	42.733708	1.082582
98.000000	-21.835278	42.317114	0.003359
99.000000	-42.766538	-52.085995	0.097011
100.000000	-50.897881	47.943915	0.003003
101.000000	-26.817326	50.494387	0.000957
102.000000	12.885691	12.256110	0.008157
103.000000	-64.591167	75.970032	0.001006
104.000000	89.685914	74.935749	0.874065
105.000000	42.731187	-4.575879	0.020496
106.000000	-31.625432	76.978539	0.017990
107.000000	-70.655888	89.653105	0.026830
108.000000	-32.228974	-47.203683	0.006618
109.000000	-45.116454	-62.330984	0.111189
110.000000	-14.162021	-71.087516	0.021933
111.000000	-34.624120	-70.327273	0.005268
112.000000	71.595383	15.775313	1.251950
113.000000	-16.812416	77.554216	0.042460
114.000000	82.342540	-80.861117	0.006872
115.000000	42.471263	89.317162	0.451113
116.000000	-66.240061	-63.085157	0.914642
117.000000	-88.760638	-84.515102	0.648053
118.000000	-37.002533	29.378301	0.150185
119.000000	-83.076980	82.768190	0.167049
120.000000	-23.286707	16.539391	0.004339
121.000000	13.672392	81.877953	0.015237
122.000000	46.983097	87.572581	0.019007
123.000000	-78.879316	76.920643	1.017429
124.000000	-62.544399	-85.635856	0.011201
125.000000	44.920776	-48.209121	0.000829
126.000000	87.677129	-69.820084	0.014290
127.000000	-45.508680	56.983846	0.881708
128.000000	65.775241	53.804094	0.022841
129.000000	-16.554737	12.013831	0.017919
130.000000	-88.439270	83.412532	1.204393
131.000000	86.486317	89.345525	0.001568
132.000000	-80.305750	-77.854788	1.484043
133.000000	-47.326585	-69.249767	0.540327
134.000000	41.134486	-14.325814	1.249209
135.000000	22.648887	6.860779	0.003109
136.000000	25.573428	-71.064710	0.001355
137.000000	-38.387649	-50.519446	0.367757
138.000000	-83.654416	79.445565	0.946529
139.000000	-18.127231	1.387376	0.012006
140.000000	-76.147909	-79.238813	0.002275
141.000000	85.745713	19.745994	1.334102
142.000000	67.418026	-50.676383	0.019933
143.000000	-32.281343	14.105106	0.017088
144.000000	-33.790522	15.114914	0.157192
145.000000	18.960538	-6.558692	0.009567
146.000000	81.141667	-82.675604	0.586337
147.000000	74.286092	53.336493	0.081372
148.000000	-79.718846	-76.998538	0.004102
149.000000	82.567838	-73.939632	0.001974
150.000000	70.641295	-86.533379	0.476800
151.000000	31.372956	8.861585	0.331734
152.000000	79.103070	86.370483	0.037792
153.000000	16.172275	-3.865158	0.279499
154.000000	-32.060363	-70.681945	0.797649
155.000000	-42.915695	-49.833522	0.006810
156.000000	-45.906727	-49.165995	0.017392
157.000000	43.210031	-43.607807	0.136880
158.000000	-12.157464	65.115652	0.033239
159.000000	45.232070	55.975296	0.021167
160.000000	78.870233	-72.068376	0.001425
161.000000	-37.633758	-48.157144	0.166562
162.000000	75.943735	62.344227	0.024649
163.000000	16.031548	-27.171635	0.012913
164.000000	31.879247	-81.054192	0.005628
165.000000	15.265536	76.107540	0.037974
166.000000	-81.281085	15.323000	1.669746
167.000000	42.025730	-53.277238	0.009653
168.000000	16.676198	-24.292235	0.915781
169.000000	49.328726	61.542560	0.197788
170.000000	-77.314228	5.502398	0.547130
171.000000	-66.826573	-68.832187	0.050362
172.000000	-89.444332	-65.473073	1.468681
173.000000	-22.194687	-11.590253	0.015374
174.000000	-72.261465	-62.120525	0.566665
175.000000	35.889684	57.730117	0.004045
176.000000	29.738568	62.262552	0.015154
177.000000	46.478763	-41.795523	0.384788
178.000000	62.369885	-73.850104	0.123490
179.000000	-76.841520	-12.293010	0.140936
180.000000	64.185319	58.161992	0.431418
181.000000	-61.822394	81.431950	0.009911
182.000000	79.583304	-66.407242	0.059441
183.000000	-32.319967	19.247428	0.008716
184.000000	59.227236	87.223073	0.768283
185.000000	19.738482	-54.359079	0.002612
186.000000	-37.262092	-54.804594	0.150595
187.000000	-77.951396	-0.063726	1.570540
188.000000	53.138215	48.449752	1.551665
189.000000	70.419372	-86.553029	0.025252
190.000000	68.730375	88.912683	0.651884
191.000000	-25.625432	87.350368	0.785388
192.000000	28.172222	43.971346	1.225739
193.000000	48.057791	-71.726418	0.001931
194.000000	-86.179970	86.867216	0.055002
195.000000	-38.070286	-47.242998	0.572765
196.000000	35.599833	-31.903736	1.150157
197.000000	17.837993	-44.108713	0.004281
198.000000	82.338211	-88.693722	0.089152
199.000000	-26.093288	16.296874	0.114265
200.000000	-26.131347	1.107343	1.165879
201.000000	52.563168	74.811020	0.086700
202.000000	74.493870	-83.236793	1.009055
203.000000	-73.949742	-70.988045	1.108973
204.000000	35.529625	63.239074	0.450874
205.000000	59.797238	18.622884	1.022117
206.000000	48.836251	-65.763902	0.355924
207.000000	-25.723529	88.256734	0.002074
208.000000	-73.306882	89.810158	0.440331
209.000000	-49.491992	-77.924371	0.009506
210.000000	-38.589328	-86.565547	1.081669
211.000000	-56.528257	77.976030	0.015311
212.000000	-71.845721	-83.482381	0.006570
213.000000	45.773878	53.494070	0.143802
214.000000	-25.847288	0.941145	1.276466
215.000000	-18.040978	-28.885397	0.557219
216.000000	-38.395372	-31.734931	0.134535
217.000000	-42.332286	-49.455714	0.359937
218.000000	-77.829915	-84.657417	0.001552
219.000000	74.520562	-89.258144	0.055857
220.000000	-38.776949	68.504983	0.854706
221.000000	-24.355735	9.566723	0.531940
222.000000	-44.801562	-67.042342	0.330466
223.000000	66.697835	-88.419866	0.692231
224.000000	-38.290740	-4.883834	1.459187
225.000000	66.951161	80.681089	0.005752
226.000000	84.584253	86.845738	0.691424
227.000000	-74.276719	-73.717072	0.004090
228.000000	39.585331	-35.438451	0.956819
229.000000	46.673448	-88.994368	0.168222
230.000000	46.370205	-28.158042	0.040807
231.000000	48.407348	-81.203683	0.004402
232.000000	-77.088352	-53.366712	0.004323
233.000000	-73.376045	-72.394897	1.125970
234.000000	52.253683	62.356572	0.133851
235.000000	-58.525932	80.972813	1.387500
236.000000	34.343451	62.589970	0.144183
237.000000	-55.835278	-83.259101	0.618193
238.000000	85.886030	85.534149	0.917758
239.000000	-32.977742	31.931591	0.016422
240.000000	-52.149682	55.267223	0.007527
241.000000	-24.820173	41.332700	0.911383
242.000000	-46.073092	41.121119	0.014605
243.000000	-27.887029	66.468180	0.014696
244.000000	15.909582	-70.321769	0.669581
245.000000	57.613054	66.033250	0.004715
246.000000	80.765925	-78.505947	0.125188
247.000000	-13.320826	30.784420	0.015702
248.000000	-51.859558	54.056191	0.012267
249.000000	35.025490	50.267955	0.286837
250.000000	-28.059115	51.481936	0.009065
251.000000	-45.486213	81.495136	0.002375
252.000000	-41.713875	74.116055	0.010684
253.000000	-54.584511	81.729439	0.010485
254.000000	85.992321	81.052462	0.007575
255.000000	70.364158	80.075170	0.006634
256.000000	-77.257409	-90.008776	0.002892
257.000000	-64.759344	81.007924	0.092501
258.000000	42.043834	84.224813	0.004317
259.000000	17.904932	-53.062326	0.009158
260.000000	25.227682	66.221228	0.535635
261.000000	82.146725	-76.728640	0.009044
262.000000	63.588707	19.685939	0.452756
263.000000	-79.476534	-81.969161	0.112230
264.000000	77.491215	-79.604008	0.004065
265.000000	69.647972	4.132834	1.140602
266.000000	55.452817	-89.354475	0.001207
267.000000	-80.654094	-70.896207	0.026078
268.000000	-33.754329	78.956968	0.298222
269.000000	-67.585239	-83.819002	0.003838
270.000000	76.078040	80.380938	0.025702
271.000000	71.592459	83.375733	0.017819
272.000000	26.492780	33.914427	0.013189
273.000000	59.126329	49.017783	0.011133
274.000000	70.431594	89.516787	0.013393
275.000000	63.128506	89.595097	0.009232
276.000000	-45.572894	81.581300	0.002444
277.000000	17.207214	78.191288	0.008889
278.000000	-19.948613	59.936274	0.089726
279.000000	60.857888	-79.932665	0.003157
280.000000	14.779417	-16.602961	0.043193
281.000000	-64.492271	54.191907	0.017064
282.000000	56.708380	-72.189896	0.004326
283.000000	56.251963	-76.204949	0.021908
284.000000	72.737908	81.377953	0.025474
285.000000	-57.782741	-77.372657	0.018012
286.000000	77.956080	-83.712134	0.155150
287.000000	12.703019	-14.460679	1.373784
288.000000	7.877501	-14.590087	0.077525
289.000000	-30.658791	-57.920461	0.010535
290.000000	7.119212	-10.694152	0.041559
291.000000	-23.368438	60.631907	0.028611
292.000000	46.197342	-71.672499	0.321236
293.000000	10.498593	85.414973	0.041584
294.000000	84.070486	76.770575	0.009556
295.000000	45.466621	44.622879	0.005087
296.000000	9.611749	-16.878726	0.261954
297.000000	88.601227	90.241646	0.531888
298.000000	19.219200	-34.314550	1.608270
299.000000	39.321616	-82.590553	0.002213
300.000000	-22.172464	48.082499	2.141853
301.000000	5.413880	83.522221	0.841443
302.000000	39.484759	50.676265	0.004188
303.000000	14.528116	68.735961	1.352369
304.000000	-17.931288	85.074441	0.878788
305.000000	29.664772	57.133054	0.007656
306.000000	90.185198	62.073429	0.001727
307.000000	-46.478830	22.312394	0.002078
308.000000	26.147942	-72.510624	0.002414
309.000000	11.020444	63.557859	0.043616
310.000000	15.996519	-51.326624	0.014733
311.000000	-79.850318	-85.499726	1.198001
312.000000	66.065803	-76.043887	0.066488
313.000000	-27.669644	88.887870	0.006713
314.000000	-88.550140	-28.126040	0.222593
315.000000	10.831449	58.006067	0.159763
316.000000	-39.962120	88.754910	0.587754
317.000000	-23.617932	-15.991151	0.006724
318.000000	-5.047103	-69.232102	1.874296
319.000000	39.664926	-55.436832	0.002383
320.000000	26.968135	78.245087	0.025824
321.000000	32.268971	56.431807	0.031567
322.000000	-43.911497	84.532886	0.003739
323.000000	32.189541	53.731703	0.604126
324.000000	47.368446	-68.797241	0.255521
325.000000	31.141594	-68.452439	0.008200
326.000000	-43.735713	46.127481	0.883377
327.000000	52.812050	-73.111093	0.001173
328.000000	21.792324	81.650714	0.557055
329.000000	26.966356	64.864764	0.022138
330.000000	-54.462090	-89.142117	0.002324
331.000000	40.676357	-70.576869	0.280330
332.000000	80.149629	-65.741492	0.029947
333.000000	9.531593	43.016956	0.045511
334.000000	28.491000	63.518511	0.014690
335.000000	22.683950	-81.954377	1.805579
336.000000	56.950072	67.391676	0.352501
337.000000	47.511962	69.943915	0.000153
338.000000	-59.974270	-68.915791	0.053046
339.000000	-41.658227	9.190847	0.665385
340.000000	47.523986	88.823748	0.080346
341.000000	-17.790522	-59.095746	0.010997
342.000000	21.149432	83.384560	0.354996
343.000000	38.723925	65.514462	0.376148
344.000000	-82.992623	82.068362	0.094846
345.000000	-46.982232	-88.886229	0.020721
346.000000	30.402698	-38.100821	0.012704
347.000000	27.922124	-40.089391	0.134616
348.000000	-19.391220	-90.725120	0.405270
349.000000	-21.368471	-74.599598	0.003969
350.000000	57.509038	-87.144224	0.032706
351.000000	57.608410	-86.788185	0.010485
352.000000	33.452764	-69.667585	0.021493
353.000000	71.432182	71.466573	0.900728
354.000000	65.703578	-71.877802	0.005517
355.000000	71.839666	-81.711205	1.519724
356.000000	-39.545003	52.698428	0.531628
357.000000	-85.214246	-48.348069	0.012615
358.000000	18.469576	42.970137	0.007455
359.000000	-45.033523	-81.739743	0.345998
360.000000	33.806538	88.068712	0.002851
361.000000	-86.296455	85.011988	0.025703
362.000000	-80.849074	-62.495224	0.443660
363.000000	-43.986507	86.952902	0.546321
364.000000	-58.113205	-9.591118	0.720663
365.000000	39.291503	-54.130844	0.008681
366.000000	60.608780	-83.219486	0.130886
367.000000	11.941994	9.100907	0.033796
368.000000	-9.807355	-3.554109	1.306451
369.000000	-80.498215	19.928370	1.224527
370.000000	20.631649	-4.989829	0.003028
371.000000	37.950154	88.519355	0.207658
372.000000	-33.740593	-54.926716	1.307211
373.000000	47.465297	54.626398	0.675407
374.000000	-78.664339	-9.827530	0.868920
375.000000	-40.644964	85.538012	0.003970
376.000000	63.409555	74.065803	0.004793
377.000000	-71.429158	88.273064	0.193560
378.000000	45.611659	53.773704	0.010039
379.000000	23.442726	48.466687	1.334509
380.000000	67.847181	-87.682956	0.119216
381.000000	86.987726	-70.340549	0.006015
382.000000	72.244410	-5.134525	0.519535
383.000000	48.379197	64.391575	1.174188
384.000000	17.216271	-87.953976	1.726395
385.000000	-89.464243	-71.923077	0.762229
386.000000	22.958835	-62.480363	0.005758
387.000000	82.273867	-68.707195	1.103569
388.000000	63.249071	-86.545471	0.041639
389.000000	-56.051441	84.699663	0.006696
390.000000	-89.519463	-77.252500	0.047420
391.000000	2.708380	64.740994	1.633010
392.000000	54.021047	-89.056431	0.281046
393.000000	33.114583	71.154247	0.418553
394.000000	-68.512338	88.008091	0.002937
395.000000	40.129979	-64.385220	0.004034
396.000000	63.418041	78.250780	0.353167
397.000000	-78.824847	89.306437	0.119274
398.000000	-30.857850	-7.695016	0.007234
399.000000	-30.444218	71.814787	0.597588
400.000000	37.683991	-64.339452	1.582717
401.000000	-58.917094	-87.324066	0.013259
402.000000	-52.953080	-79.435032	0.007291
403.000000	-32.606062	52.670523	0.193795
404.000000	-2.436346	51.648703	0.062990
405.000000	-43.001399	64.870266	0.240033
406.000000	-42.699217	-43.632692	0.313401
407.000000	43.506221	-66.013546	0.012499
408.000000	-44.011508	-41.894562	0.004201
409.000000	-73.617899	-29.017931	0.106103
410.000000	-77.909636	55.389644	0.668265
411.000000	33.212988	-38.140157	0.387550
412.000000	14.224726	-85.238965	0.017656
413.000000	38.394251	-67.391099	0.010876
414.000000	25.024219	-41.653878	0.477666
415.000000	-63.334139	70.466687	0.831853
416.000000	-62.221924	-70.935296	0.003551
417.000000	-52.754395	74.301038	0.942224
418.000000	-31.459783	-52.564049	0.912112
419.000000	11.853221	-6.550858	0.096349
420.000000	23.902029	-50.495384	0.011015
421.000000	89.111312	80.312712	0.003330
422.000000	16.282425	-5.643608	0.043407
423.000000	18.100827	-23.236236	1.146033
424.000000	17.733918	-19.208704	0.011897
425.000000	84.733225	86.164949	0.010914
426.000000	39.006126	-82.741201	1.007519
427.000000	-38.207994	86.928833	1.058090
428.000000	75.475598	84.236044	0.007455
429.000000	34.013493	69.401827	0.000442
430.000000	-12.549787	-77.372618	0.468670
431.000000	35.409265	54.826451	0.004872
432.000000	55.547702	-82.981705	0.011667
433.000000	32.836411	68.936861	0.173773
434.000000	-44.391590	65.312192	0.002410
435.000000	39.658807	79.680545	0.000915
436.000000	-65.326585	-3.428775	0.250372
437.000000	22.369918	-73.510532	0.031141
438.000000	-45.649993	63.189537	0.008731
439.000000	-87.491714	-78.306043	0.532615
440.000000	-5.954353	18.664786	1.690725
441.000000	58.575112	-73.472384	0.769235
442.000000	-79.841052	-85.364141	0.483906
443.000000	-51.006174	82.722025	0.028798
444.000000	46.369971	69.890099	0.001105
445.000000	37.747756	69.249984	0.437821
446.000000	-16.003481	-40.385252	0.009724
447.000000	-25.266742	70.567992	0.008559
448.000000	-63.807248	2.460946	0.953597
449.000000	-12.597493	-25.873035	1.159644
450.000000	80.840934	72.105510	0.003370
451.000000	-81.286659	39.084143	0.010481
452.000000	-67.906654	-66.352888	0.983043
453.000000	69.588707	68.450091	0.024484
454.000000	10.751221	60.953367	0.062669
455.000000	53.279406	81.546240	0.002686
456.000000	61.420983	-77.782968	0.007241
457.000000	45.615207	60.568321	0.292790
458.000000	-5.640492	76.042737	0.056959
459.000000	61.264970	62.545490	0.005476
460.000000	-63.487342	79.464741	0.766889
461.000000	8.783980	-77.571208	0.373535
462.000000	-60.024063	-75.177082	0.007828
463.000000	74.740812	46.972819	0.020672
464.000000	-23.121829	-86.393000	0.431904
465.000000	-40.463778	-69.951483	0.007659
466.000000	-48.820197	47.654627	0.010323
467.000000	-39.775274	-86.053694	0.052988
468.000000	-48.522655	41.533686	1.823435
469.000000	-52.060231	-24.664253	0.012555
470.000000	46.503324	82.715954	0.009026
471.000000	-60.702532	-74.515047	1.242297
472.000000	20.347136	73.720106	0.008791
473.000000	40.925426	63.151860	0.003775
474.000000	-81.121863	37.118939	0.003206
475.000000	48.974566	-61.623054	0.004973
476.000000	87.759992	55.755309	0.004714
477.000000	-42.276719	-44.856559	0.004514
478.000000	65.920636	71.380438	0.019542
479.000000	60.125068	-54.247594	0.251685
480.000000	-67.354055	-73.781087	0.004756
481.000000	-61.041198	-63.094485	0.026186
482.000000	47.812477	69.903803	0.001250
483.000000	-79.680014	10.174176	0.520735
484.000000	-70.495591	87.429264	0.275921
485.000000	-34.606529	-14.438414	1.096222
486.000000	29.162940	88.652248	0.188884
487.000000	33.794929	-79.424525	0.163724
488.000000	52.853225	9.481854	0.002296
489.000000	-82.463778	-50.547095	0.419761
490.000000	44.740812	-66.164736	0.084722
491.000000	72.399674	86.395528	0.073821
492.000000	68.592379	80.580546	0.739871
493.000000	-85.854754	-80.750929	0.878198
494.000000	80.214089	68.770608	0.042939
495.000000	72.535790	69.615187	0.124877
496.000000	-27.669677	46.320222	0.959522
497.000000	49.596929	71.487674	0.041254
498.000000	-73.961946	74.500274	0.009627
499.000000	44.482446	-62.134715	1.124858
500.000000	52.983657	-74.800170	0.006010
501.000000	-42.179970	66.062441	0.002383
502.000000	-10.430155	76.916917	0.033572
503.000000	39.556100	-69.529548	0.006589
504.000000	16.224759	61.812782	0.001800
505.000000	25.209327	46.406243	1.165483
506.000000	53.027628	-79.247356	0.328907
507.000000	52.045574	87.418128	0.001797
508.000000	-82.416696	-53.899173	0.019480
509.000000	-83.418690	-56.740823	0.025576
510.000000	-77.694151	50.940654	0.447325
511.000000	41.926941	54.930076	1.139325
512.000000	-78.559399	-47.226570	0.054806
513.000000	88.120477	73.421037	0.090221
514.000000	83.617704	70.647724	0.137904
515.000000	88.745549	8.445924	0.216062
516.000000	71.102053	87.016622	0.107584
517.000000	19.504409	-12.666392	0.019518
518.000000	-31.493454	75.447908	0.019028
519.000000	35.593323	-16.579735	0.016854
520.000000	58.588936	-59.514003	0.008966
521.000000	-34.819762	-72.950716	1.090091
522.000000	-65.374212	-74.886629	0.010531
523.000000	-22.873287	65.369467	0.002881
524.000000	35.248210	-17.443937	0.051816
525.000000	84.795136	-81.753817	0.158436
526.000000	-77.134525	-12.110068	0.391531
527.000000	57.195046	88.678026	1.272100
528.000000	35.407485	-79.271539	0.007598
529.000000	21.692216	51.158794	0.001983
530.000000	48.493991	-83.743890	0.034593
531.000000	27.553143	-48.639987	0.004295
532.000000	14.318279	-86.569257	0.063757
533.000000	-42.902008	67.083615	0.221969
534.000000	71.677090	-81.300337	0.011877
535.000000	31.359655	-19.326304	0.059547
536.000000	69.755363	74.882748	0.002484
537.000000	33.637529	1.345940	0.002490
538.000000	-12.663755	-44.487950	0.062528
539.000000	52.466439	20.898015	0.974897
540.000000	66.873487	83.182793	0.005594
541.000000	39.422995	61.234491	1.384286
542.000000	-37.493454	69.484652	0.448205
543.000000	-26.443953	-20.236924	0.008778
544.000000	-32.828474	37.379685	0.433309
545.000000	-41.508879	82.290105	0.159354
546.000000	41.758691	-87.236805	0.796310
547.000000	-14.646694	72.939742	0.017301
548.000000	42.068712	-82.314834	0.020703
549.000000	38.830471	-67.761403	0.002689
550.000000	72.982484	-12.976575	1.321549
551.000000	-32.031691	72.569791	0.452587
552.000000	-45.994148	85.506216	0.019001
553.000000	-37.982524	59.181553	0.397304
554.000000	76.550843	-70.328849	0.102544
555.000000	-10.986882	80.723251	0.033770
556.000000	41.081218	88.583285	0.515527
557.000000	32.244485	1.127420	1.341241
558.000000	-31.359158	78.799775	0.249851
559.000000	84.221817	85.799554	0.004213
560.000000	19.886801	88.618905	1.070692
561.000000	75.775220	76.158909	0.002319
562.000000	-70.399129	87.184675	0.014335
563.000000	-78.809551	69.545691	0.004685
564.000000	-12.612903	48.307726	0.025036
565.000000	88.062528	-71.778150	0.002025
566.000000	76.018143	-17.937559	1.110518
567.000000	46.362418	54.024077	0.468224
568.000000	-59.143838	-72.552830	0.031044
569.000000	-29.271425	-20.258440	0.001725
570.000000	64.488058	-62.800324	0.005709
571.000000	-66.987760	-80.684164	0.777297
572.000000	59.585024	-88.399129	0.012569
573.000000	-60.232541	88.613371	0.253030
574.000000	-26.296089	69.420553	0.032244
575.000000	-59.471977	-24.474220	0.203134
576.000000	-33.423319	22.933304	1.024747
577.000000	-38.184614	87.058725	0.167268
578.000000	40.010589	87.187318	0.002939
579.000000	13.598218	-44.991824	0.020306
580.000000	84.112971	81.844310	0.316954
581.000000	-11.557856	-40.431183	0.027777
582.000000	86.645525	-72.249228	0.078816
583.000000	-42.354410	-53.273983	0.689791
584.000000	-46.172449	-67.011992	0.008618
585.000000	-85.429191	-73.343439	0.206308
586.000000	57.049484	47.815247	0.631688
587.000000	58.661091	-59.932046	0.004126
588.000000	79.089956	-83.765733	0.001633
589.000000	-17.391220	25.809664	0.002898
590.000000	-43.291615	76.771498	0.738452
591.000000	-22.902511	-84.429691	0.002245
592.000000	-41.082248	64.776088	0.004545
593.000000	33.822806	-58.981009	0.209969
594.000000	-45.151425	-63.664940	0.002526
595.000000	-48.182873	-64.605706	0.001473
596.000000	-26.993538	-59.909472	0.000821
597.000000	78.483305	-63.131987	0.000896
598.000000	44.229356	-87.131987	0.004200
599.000000	-30.422993	88.176348	0.032835
600.000000	89.827497	-67.519637	0.005182
601.000000	34.300108	-53.492951	0.006811
602.000000	27.672479	2.396205	0.000675
603.000000	80.570721	65.679999	0.015583
604.000000	21.680033	75.986400	0.008553
605.000000	-20.591021	-58.752899	0.524540
606.000000	72.999838	74.495611	0.001447
607.000000	-31.283749	-20.169386	0.003140
608.000000	76.374855	79.580688	1.256125
609.000000	-32.371712	-75.547937	1.152233
610.000000	-32.789882	-16.962567	0.003553
611.000000	-79.374212	-79.939632	0.003498
612.000000	-47.896269	-74.915506	0.863349
613.000000	79.879242	76.013526	0.002522
614.000000	7.585638	72.439899	0.451098
615.000000	-86.865800	84.366697	0.001592
616.000000	20.526303	-24.354737	0.003558
617.000000	31.294127	-18.444798	0.316048
618.000000	37.413483	-23.239140	1.012802
619.000000	-71.069924	-76.242593	0.023627
620.000000	63.580434	-82.217220	0.011218
621.000000	-31.788443	-15.531188	1.485764
622.000000	84.224726	74.957508	0.056997
623.000000	22.938924	-8.024057	0.003720
624.000000	44.422281	42.700826	0.002856
625.000000	37.785663	-85.758266	0.005237
626.000000	-32.719188	-85.603008	0.332013
627.000000	-16.271624	-0.752866	0.017025
628.000000	-55.391220	68.182607	0.007859
629.000000	-18.396219	26.578778	0.677702
630.000000	56.851084	-79.417635	1.066870
631.000000	26.135758	-29.379369	0.037942
632.000000	53.095032	-55.326550	0.902259
633.000000	-28.057831	-15.063505	1.094796
634.000000	39.540819	-23.341413	0.844404
635.000000	-87.231166	-14.679706	0.725702
636.000000	-49.303824	74.416190	0.001349
637.000000	-84.519752	44.256734	0.002175
638.000000	48.910252	85.847414	0.005025
639.000000	-61.336039	40.218811	1.640104
640.000000	46.256593	74.700386	0.063300
641.000000	71.206421	74.178104	1.081196
642.000000	56.972809	-18.397213	1.339521
643.000000	42.510950	36.080336	0.381639
644.000000	65.037051	-79.414199	0.244817
645.000000	-86.799108	82.294755	0.142343
646.000000	-83.433869	-12.224806	1.152528
647.000000	-34.038128	-62.479763	0.209692
648.000000	64.922484	-82.999776	0.006495
649.000000	6.498593	18.336929	0.779822
650.000000	-74.208000	0.540401	0.924294
651.000000	33.182037	-37.164250	0.008074
652.000000	41.162785	76.427150	0.038093
653.000000	-47.106755	74.585196	0.002232
654.000000	-41.059793	56.237654	0.711166
655.000000	53.686718	-67.151660	1.160441
656.000000	-48.663388	-48.396591	0.006822
657.000000	-41.656270	83.034418	0.715405
658.000000	-74.532355	67.559435	0.005967
659.000000	-42.435950	-85.359599	0.008144
660.000000	56.229404	-71.257360	0.114202
661.000000	50.970929	-73.685741	0.784243
662.000000	-54.580056	75.581227	0.005520
663.000000	42.863875	37.209230	0.476650
664.000000	-18.681621	-6.469971	0.242397
665.000000	67.599992	21.556368	0.422097
666.000000	-71.620749	-62.165548	0.101801
667.000000	41.487954	54.251013	0.715850
668.000000	-65.637582	-71.058842	0.341327
669.000000	-26.876138	-83.360648	0.001073
670.000000	-5.709225	90.816074	0.089169
671.000000	-68.113205	-67.546841	0.009898
672.000000	-30.498429	-91.010268	0.009181
673.000000	62.033230	-76.259691	0.007399
674.000000	-22.147909	-45.435058	0.005077
675.000000	-1.637582	81.318988	0.050759
676.000000	23.138830	-79.759456	0.012791
677.000000	34.241626	56.281315	0.001274
678.000000	-63.051748	-74.318260	0.094088
679.000000	-22.577329	29.434788	0.004209
680.000000	-66.924999	-84.676383	0.011287
681.000000	-71.342184	56.653186	0.196559
682.000000	-47.989465	27.891479	0.256739
683.000000	34.575410	-76.049337	0.333062
684.000000	58.073357	-70.956265	0.028694
685.000000	-33.212036	-85.841680	0.088224
686.000000	-21.553158	-9.022798	0.010226
687.000000	-20.778050	-84.872947	0.459512
688.000000	-16.443953	-72.058622	0.007006
689.000000	-78.674091	66.602968	0.002054
690.000000	49.790313	-76.807473	0.001568
691.000000	-88.244637	51.459187	0.033384
692.000000	58.335001	86.755380	0.003143
693.000000	61.810736	85.559402	0.020264
694.000000	65.264936	-75.176764	0.037830
695.000000	24.850388	-74.147174	0.032835
696.000000	60.618195	73.357970	0.083181
697.000000	-60.797415	-88.957831	0.042943
698.000000	-60.096230	81.115903	0.002149
699.000000	-28.893716	-87.311615	0.084572
700.000000	-23.044266	0.929013	1.655963
701.000000	34.643715	88.648121	0.033851
702.000000	66.460713	81.222283	0.942086
703.000000	69.320965	76.705394	1.808231
704.000000	15.338657	-51.893002	0.010927
705.000000	41.717820	-81.604890	0.646916
706.000000	-49.521237	-23.889842	0.360747
707.000000	50.097918	68.174702	0.144251
708.000000	86.359514	60.073816	0.001220
709.000000	-49.680014	-12.614666	0.439092
710.000000	-32.865820	14.013112	0.305515
711.000000	73.313831	-75.046639	0.021919
712.000000	-19.565622	-21.308424	0.007224
713.000000	36.788745	-74.262813	0.011404
714.000000	-27.299174	66.667974	0.008841
715.000000	56.013493	-68.187523	0.006609
716.000000	46.100948	61.118074	0.004823
717.000000	63.731015	78.938287	0.381805
718.000000	17.721541	-64.504204	0.021294
719.000000	85.930920	78.151223	0.031770
720.000000	-67.306815	62.925930	0.278099
721.000000	62.025802	71.565400	1.300240
722.000000	-17.283940	53.378526	1.094928
723.000000	57.113631	-79.251494	0.051835
724.000000	-75.044107	81.936202	0.006606
725.000000	-41.882379	-3.396999	1.262581
726.000000	-35.051415	-64.001150	0.001430
727.000000	22.212609	18.833502	0.003887
728.000000	-82.088697	63.817127	0.009425
729.000000	38.551921	69.262004	0.062918
730.000000	39.438884	-29.300637	0.567004
731.000000	17.753569	-60.340382	0.356945
732.000000	60.483305	-89.211343	0.011836
733.000000	-38.559399	-20.243129	0.002386
734.000000	75.416333	-73.077424	0.002905
735.000000	-22.451439	34.431469	0.007834
736.000000	-55.770537	57.138850	0.076432
737.000000	-69.882432	81.528683	0.005660
738.000000	36.547993	75.171073	0.053280
739.000000	64.090364	53.148104	0.010299
740.000000	-70.970156	74.968135	0.001968
741.000000	-34.291341	-60.776393	0.002718
742.000000	-69.069924	82.571225	0.007242
743.000000	-72.123575	-77.989411	0.031183
744.000000	-27.101985	-56.873634	0.003073
745.000000	74.105438	66.166409	0.013373
746.000000	-68.096197	75.787424	0.019354
747.000000	37.245571	68.218196	1.008837
748.000000	-39.274416	81.781915	0.056920
749.000000	-82.949312	84.616301	0.001809
750.000000	44.249093	58.833414	0.003711
751.000000	63.743112	79.073984	0.732616
752.000000	58.371664	64.286031	0.635506
753.000000	-67.825265	-89.687606	0.002458
754.000000	27.430441	-75.137215	0.016608
755.000000	87.150926	88.605877	0.247115
756.000000	-49.602559	58.869483	0.564472
757.000000	-42.708444	-45.984442	0.486560
758.000000	46.793143	60.524658	0.297681
759.000000	38.308624	5.781213	1.623478
760.000000	71.216509	-85.938847	0.914862
761.000000	-78.249335	-14.545229	0.192574
762.000000	-71.704614	89.486565	0.058882
763.000000	-46.989666	-67.374212	0.000421
764.000000	42.073357	72.557355	0.003947
765.000000	39.963613	-85.194056	0.005014
766.000000	-58.591200	-77.884119	0.008432
767.000000	-60.320001	-79.588002	0.006899
768.000000	-58.415943	66.137485	0.006587
769.000000	-79.074607	90.693293	0.004238
770.000000	-32.451486	-53.110815	0.004811
771.000000	-60.209761	0.054417	1.264616
772.000000	-42.261470	-66.968382	0.012933
773.000000	20.528116	-61.176764	0.671796
774.000000	-57.166619	61.757548	0.031438
775.000000	-12.828882	78.204085	0.021940
776.000000	46.116094	64.493293	0.005911
777.000000	-53.246864	87.887062	0.006414
778.000000	-79.074574	-4.681086	0.158770
779.000000	-66.626958	78.645492	0.560553
780.000000	65.019488	86.490961	0.009052
781.000000	-44.489919	29.332492	0.635075
782.000000	30.157168	4.917082	0.003538
783.000000	51.683368	-80.742573	0.005822
784.000000	-30.737895	-47.561784	0.348170
785.000000	32.249093	71.675349	0.374827
786.000000	-42.164964	72.511732	0.023637
787.000000	-44.279109	78.248415	0.072220
788.000000	-59.825265	-6.780588	0.119007
789.000000	12.691040	59.005710	0.101870
790.000000	-69.854968	-85.841058	0.503920
791.000000	20.920802	86.514291	0.004739
792.000000	54.468213	-70.223087	0.003106
793.000000	27.321563	5.278049	1.049206
794.000000	-24.949279	-80.740793	0.013979
795.000000	79.234882	-77.581520	0.050690
796.000000	-33.554932	-58.980231	0.008493
797.000000	-67.019546	-62.255148	0.340381
798.000000	17.800651	87.965891	0.018244
799.000000	67.251687	74.667443	0.000485
800.000000	88.446756	86.539110	0.043289
801.000000	-41.795065	78.322856	0.010081
802.000000	63.728106	75.286675	0.207630
803.000000	49.514219	52.118392	0.845352
804.000000	85.262114	72.564908	0.003265
805.000000	-39.994148	-44.545496	0.013815
806.000000	28.990683	-61.032667	0.015681
807.000000	11.336724	21.757359	0.174476
808.000000	-75.994148	-87.297433	0.503816
809.000000	-30.823703	-49.998059	0.171130
810.000000	-12.999805	76.227360	0.018914
811.000000	34.241646	-74.722849	0.118102
812.000000	-68.011508	-84.123629	0.002292
813.000000	87.077839	26.413830	0.341703
814.000000	38.998417	-69.847761	0.017652
815.000000	55.186132	89.752401	0.000958
816.000000	-11.053401	75.689723	0.022098
817.000000	-76.669071	-87.525741	0.059102
818.000000	-18.217241	51.473209	0.575148
819.000000	64.318173	-63.714163	0.004108
820.000000	-31.642212	87.553283	0.005256
821.000000	90.983363	-79.186410	0.004032
822.000000	-70.317097	-87.681827	1.564173
823.000000	-74.929575	-84.735504	0.013088
824.000000	50.984418	82.087686	0.083784
825.000000	-37.991157	2.105385	0.006777
826.000000	18.695690	81.269563	1.482071
827.000000	13.139008	30.531307	0.094586
828.000000	76.258508	84.581310	0.011412
829.000000	-59.817711	-15.470056	0.280411
830.000000	20.730267	-85.390875	0.018752
831.000000	-73.805614	-86.232313	0.003961
832.000000	-88.651205	-75.057566	0.002072
833.000000	46.821144	19.574972	1.493707
834.000000	22.493850	47.676452	0.823805
835.000000	26.040822	86.376575	1.133691
836.000000	83.618143	-21.976343	0.008470
837	grain not analyzable
838.000000	70.608780	-90.112971	0.105666
839.000000	-64.949273	-76.847175	0.006749
840.000000	87.153049	-51.436866	0.572554
841.000000	29.812312	25.155838	0.001959
842.000000	64.518782	80.575908	0.323178
843.000000	-70.947532	87.186545	0.003079
844.000000	64.471122	-57.204054	0.000524
845.000000	11.242473	2.591687	0.442737
846.000000	-44.178337	-85.176744	0.421098
847.000000	-67.807161	-7.711185	0.720660
848.000000	-52.478918	83.460759	0.000474
849.000000	19.411877	-87.740908	0.288210
850.000000	-69.785839	0.600556	0.497956
851.000000	-41.582908	-79.209374	0.002956
852.000000	76.164683	-81.857904	0.004981
853.000000	-36.478566	67.151600	1.112791
854.000000	-48.895938	-77.398879	0.008901
855.000000	20.328757	45.009291	0.008006
856.000000	13.672479	-17.955650	0.555812
857.000000	18.477023	41.446435	0.002791
858.000000	-58.789915	-5.531607	0.014837
859.000000	20.813503	37.998758	0.002311
860.000000	22.335040	42.385370	0.005488
861.000000	-9.323643	67.795030	0.015954
862.000000	44.998489	-78.459858	0.011845
863.000000	-24.273403	-40.113285	0.002701
864.000000	77.316615	-86.414775	0.072324
865.000000	-41.056507	54.676552	0.333315
866.000000	-45.251514	49.439880	0.001223
867.000000	-80.028800	-66.879414	1.016220
868.000000	-76.923059	13.765102	1.198205
869.000000	-76.442159	71.342583	0.006274
870.000000	41.138690	17.956152	0.000892
871.000000	-56.818916	-43.729438	1.427983
872.000000	70.070486	-50.437563	0.006979
873.000000	-43.580589	-49.991909	0.144204
874.000000	32.920290	61.996160	0.000328
875.000000	15.733026	-37.355592	0.021421
876.000000	22.443885	-55.049675	0.001455
877.000000	-90.041017	85.799554	0.025183
878.000000	74.860792	73.592062	0.005155
879.000000	19.028399	80.866105	0.017846
880.000000	-72.041017	-86.634636	0.702052
881.000000	26.137571	-78.874532	0.012896
882.000000	49.343214	-79.946062	0.002044
883.000000	-21.149684	84.189789	0.007530
884.000000	72.515280	-49.211840	0.005926
885.000000	34.999163	84.412563	0.000584
886.000000	67.911303	86.637899	0.010428
887.000000	-78.276713	58.226592	0.005090
888.000000	-46.967449	77.550118	0.003917
889.000000	-32.076002	87.014859	0.462490
890.000000	-40.823522	73.396140	0.479570
891.000000	69.442321	-48.899044	0.000286
892.000000	-32.795142	68.993011	0.785352
893.000000	-28.809421	64.062798	0.470272
894.000000	-81.645121	-69.274334	0.004230
895.000000	12.765379	-46.407131	0.395666
896.000000	83.720431	-71.381805	0.003204
897.000000	58.310532	-85.294491	0.059313
898.000000	4.607022	-11.124749	0.034394
899.000000	19.739370	81.603794	0.506611
900.000000	-71.201922	18.430716	0.807705
901.000000	-60.327521	-79.465538	0.001542
902.000000	67.504475	-52.966370	0.030614
903.000000	24.544114	78.507257	0.618252
904.000000	-41.675597	90.811868	0.012926
905.000000	79.335681	71.588128	0.002499
906.000000	-6.188925	-80.082331	0.059341
907.000000	90.813503	-77.002287	0.154033
908.000000	-25.211255	-89.868151	0.739273
909.000000	52.490946	-65.902448	0.005583
910.000000	-85.977141	20.182256	1.282665
911.000000	-21.899173	30.314405	0.001598
912.000000	-21.470488	34.435844	0.536150
913.000000	-43.170538	62.744143	0.005515
914.000000	69.263242	-84.151818	0.223301
915.000000	40.013526	-66.501284	0.347251
916.000000	23.660034	-72.753620	0.006366
917.000000	-48.770867	80.987936	0.004768
918.000000	-77.929514	-61.011992	0.121865
919.000000	-39.001898	62.370131	1.130165
920.000000	42.184692	82.030351	0.035583
921.000000	-59.039058	-75.103048	0.000439
922.000000	89.945656	-76.824799	0.053896
923.000000	-84.757392	-79.685542	0.000784
924.000000	-34.261470	-79.865425	0.016572
925.000000	-74.480644	-64.141751	0.015662
926.000000	8.336349	-76.395086	0.064828
927.000000	81.762178	-74.066209	0.002140
928.000000	-26.244192	48.821881	0.431175
929.000000	68.693152	-70.456043	0.115082
930.000000	-40.625793	72.152012	0.317269
931.000000	45.942015	80.913463	0.767832
932.000000	84.796332	86.292190	0.384701
933.000000	-29.328326	70.030298	0.197354
934.000000	60.781071	-71.146741	0.659821
935.000000	36.283155	68.218173	0.426890
936.000000	30.671500	-74.663068	0.160540
937.000000	59.956113	87.026976	0.461734
938.000000	84.983130	80.180003	0.024662
939.000000	-83.864208	-85.146741	0.005807
940.000000	-62.701311	86.658187	0.573614
