Thin Section: 	C:\Ice Data\2017-02-21-Tue\12.34 300  VTS SPICE

Results: 	C:\Ice Results\2017-02-21-Tue\12.34 300  VTS SPICE\2017-02-22-Wed, 10.19

Sequence Angles: 
xi	phi inner
0	0
45	0
45	-45
45	-90
45	-135
45	-180
45	-225
45	-270
45	-315

Threshold: 
45.000

Grain #		theta		phi	Rsquared

0.000000	5.029844	59.817939	0.052043
1.000000	-34.354879	-44.781408	0.024749
2.000000	75.859612	-37.902082	0.004623
3.000000	44.760357	56.666578	0.003313
4.000000	71.031023	46.264482	0.002369
5.000000	-70.619562	70.765925	0.000847
6.000000	22.004111	-43.669590	0.012205
7.000000	35.505931	-53.137998	0.004444
8.000000	-56.132855	-57.551471	0.007564
9.000000	-39.424595	29.991575	0.005025
10.000000	-87.062303	26.740779	0.027791
11.000000	87.577231	86.493571	0.003885
12.000000	-32.392455	43.406795	0.005606
13.000000	52.209478	43.509211	0.081455
14.000000	-85.946892	-37.738622	0.008938
15.000000	-81.785911	-83.946859	0.001337
16.000000	86.563201	-30.469305	0.001545
17.000000	-55.560750	88.992305	0.005328
18.000000	-82.184653	60.810594	0.001503
19.000000	-23.408106	-14.392488	0.008151
20.000000	-22.100880	-55.177082	0.006285
21.000000	-39.903856	-62.359475	0.003476
22.000000	84.442159	-47.623653	0.002410
23.000000	-89.750620	-79.724027	0.028201
24.000000	-53.288219	-73.305374	0.001748
25.000000	-53.841091	-74.195077	0.000747
26.000000	-68.011596	-83.802658	0.007180
27.000000	73.928681	26.549681	0.003715
28.000000	-83.756121	-77.027400	0.001351
29.000000	68.522027	72.021916	0.001592
30.000000	-34.744257	-63.523436	0.003475
31.000000	-54.698246	-32.753340	0.002311
32.000000	-27.163749	-55.727110	0.011081
33.000000	-58.224813	68.520490	0.004595
34.000000	-52.945494	-81.834055	0.039626
35.000000	88.558484	56.236538	0.002304
36.000000	72.025696	66.008843	0.005220
37.000000	15.219973	-51.321364	0.029267
38.000000	59.568230	-71.086274	0.010284
39.000000	16.268971	43.724211	0.036046
40.000000	-43.371342	-61.830454	0.001976
41.000000	-28.097971	16.963485	0.009270
42.000000	61.091748	-60.377401	0.014221
43.000000	41.627477	-49.850084	0.026536
44.000000	-88.681573	0.303099	0.000723
45.000000	76.601260	-80.157182	0.007042
46.000000	-87.120326	30.785754	0.000312
47.000000	83.233103	25.385354	0.000517
48.000000	-84.658744	-75.272642	0.000822
49.000000	-46.523660	-35.278958	0.162009
50.000000	31.320294	6.369073	0.009265
51.000000	-78.464182	-42.957725	0.001585
52.000000	-62.108575	-66.043920	0.477695
53.000000	-54.917511	-70.702742	0.020091
54.000000	-54.368808	70.083149	0.107991
55.000000	58.697835	-78.666031	0.022092
56.000000	-34.710445	65.606049	1.490124
57.000000	-62.754660	53.145002	0.046972
58.000000	38.737908	-14.440115	0.002997
59.000000	-65.203701	-60.328312	0.000653
60.000000	61.919348	79.844310	0.046134
61.000000	81.343214	27.777797	0.007088
62.000000	-73.391186	-72.057865	0.048263
63.000000	50.172488	74.095865	0.006466
64.000000	44.310532	82.917348	0.004970
65.000000	-71.351113	-29.195206	0.000493
66.000000	-41.718846	71.956152	0.003232
67.000000	-76.071319	5.106697	0.002820
68.000000	75.187825	-69.562432	0.002233
69.000000	-73.077565	-83.855228	0.002225
70.000000	83.746015	-81.731083	0.002130
71.000000	-71.877749	-14.422476	0.001878
72.000000	87.563654	21.336319	0.001057
73.000000	-62.917511	-56.858167	0.006876
74.000000	-40.735734	-81.415382	0.004123
75.000000	73.333815	78.162870	0.002229
76.000000	29.146244	22.441241	0.005005
77.000000	77.106662	82.393985	0.008601
78.000000	-54.639108	39.237516	0.003506
79.000000	55.784467	69.190449	0.002385
80.000000	82.194531	-86.975617	0.016422
81.000000	82.498500	61.781915	0.000655
82.000000	-75.994148	81.585045	0.004665
83.000000	-34.374810	-42.380242	0.017092
84.000000	23.340842	8.369672	0.003794
85.000000	-74.881134	3.644257	0.018091
86.000000	72.621066	-87.877802	0.003353
87.000000	-28.834126	73.748148	0.008389
88.000000	-27.403423	-33.115585	0.004982
89.000000	77.968296	12.934754	0.008631
90.000000	-32.957972	-43.004647	0.017327
91.000000	-72.446857	74.317309	0.002085
92.000000	30.406668	-52.093075	0.008114
93.000000	80.588903	74.137538	0.000701
94.000000	40.350007	-27.139241	0.003260
95.000000	82.511229	-71.564513	0.002067
96.000000	30.856109	71.694469	0.008909
97.000000	62.785754	-32.590072	0.038552
98.000000	38.236910	0.321959	0.008507
99.000000	81.101076	81.612195	0.002462
100.000000	-77.748037	-3.802619	0.004874
101.000000	-49.684838	77.119374	0.001286
102.000000	-73.733939	2.790486	0.002341
103.000000	-52.187253	68.057617	0.001514
104.000000	58.978133	-46.323428	0.008225
105.000000	-70.674111	86.393631	0.008869
106.000000	44.085632	56.078499	0.004473
107.000000	-54.668364	-54.756008	0.006187
108.000000	87.307335	45.600012	0.002066
109.000000	84.503183	81.003274	0.003029
110.000000	61.143459	50.707994	0.006408
111.000000	34.088623	-54.127940	0.006781
112.000000	-60.914694	-37.548387	0.004972
113.000000	60.078007	76.273582	0.001902
114.000000	-24.586517	71.050356	0.010142
115.000000	-65.169490	8.085402	0.001162
116.000000	71.841503	-78.638827	0.223450
117.000000	-79.664940	-47.852956	0.018879
118.000000	-66.218967	-8.025318	0.005639
119.000000	-57.877802	-68.315356	0.005531
120.000000	-37.511870	77.534285	0.004243
121.000000	-53.743266	-75.271722	0.003602
122.000000	57.992321	-46.800324	0.012632
123.000000	-77.805614	-45.941751	0.006613
124.000000	64.229404	-67.129422	0.005628
125.000000	-85.692338	-77.565394	0.018392
126.000000	71.881021	7.625151	0.002199
127.000000	62.980454	75.251623	0.001442
128.000000	-28.802066	-77.250346	0.007301
129.000000	79.477324	-36.889186	0.011242
130.000000	7.464881	-89.030125	0.057906
131.000000	76.668644	-50.306038	0.007984
132.000000	39.725070	-38.216642	0.038486
133.000000	52.140355	85.819471	0.008615
134.000000	-25.082248	29.744155	0.000656
135.000000	46.419324	-86.090717	0.005992
136.000000	-86.908252	-77.158999	0.024299
137.000000	60.856129	-83.074574	0.002875
138.000000	-72.678755	-77.870069	0.001937
139.000000	-69.718705	-48.824340	0.007697
140.000000	-72.787107	-44.572695	0.001795
141.000000	76.900886	-46.962205	0.002286
142.000000	27.608410	29.620788	0.003830
143.000000	-79.121863	53.911569	0.002713
144.000000	85.532507	-33.951516	0.073231
145.000000	-67.383512	-72.218085	0.001917
146.000000	-84.096197	80.065803	0.002358
147.000000	-38.812103	12.622647	0.001855
148.000000	60.720901	68.836372	0.001127
149.000000	72.705476	-48.146347	0.036633
150.000000	85.543917	-58.362432	0.000860
151.000000	88.322977	-72.041669	0.001444
152.000000	60.097918	-30.083981	0.005767
153.000000	-68.271889	-73.021287	0.002085
154.000000	83.207214	-4.273668	0.006580
155.000000	47.911303	44.359475	0.002951
156.000000	-88.683266	-47.024190	0.003095
157.000000	-51.652864	-72.691750	0.025625
158.000000	-45.748037	-24.667156	0.005085
159.000000	83.851831	-59.768903	0.029028
160.000000	68.708380	-58.743148	0.007716
161.000000	61.125332	-81.965919	0.017539
162.000000	-64.312467	19.457328	0.002377
163.000000	-86.189264	78.978593	0.000734
164.000000	78.748453	65.057169	0.002169
165.000000	74.185198	-83.723212	0.005341
166.000000	84.402544	72.613464	0.037533
167.000000	82.773430	0.987886	0.001858
168.000000	-78.322871	40.081070	0.002457
169.000000	-68.113205	65.513683	0.025261
170.000000	-70.312447	70.339265	0.001384
171.000000	73.410313	-69.120122	0.001861
172.000000	-55.059034	-47.249714	0.002441
173.000000	9.565698	11.246367	0.073913
174.000000	19.472295	13.770543	0.006362
175.000000	86.261417	5.957707	0.000474
176.000000	-35.921960	-67.249740	0.065607
177.000000	-80.619597	54.810999	0.001483
178.000000	75.155591	-70.657018	0.045975
179.000000	-54.285489	11.634944	0.002835
180.000000	54.688468	80.880284	0.010404
181.000000	-46.637135	-83.020705	0.004293
182.000000	66.038054	87.557841	0.008411
183.000000	-35.513611	-42.737252	0.004121
184.000000	-87.655773	-39.640471	0.002668
185.000000	-82.024063	81.767720	0.000937
186.000000	-79.427499	30.811053	0.058098
187.000000	-60.322871	-76.382082	0.007510
188.000000	-38.085755	12.503271	0.003789
189.000000	-75.407796	-82.916683	0.004116
190.000000	-84.356625	73.380853	0.002048
191.000000	78.895106	-54.354884	0.001534
192.000000	-69.657460	60.475102	0.020038
193.000000	29.821160	-28.328366	0.005908
194.000000	-73.743266	-1.722253	0.001482
195.000000	83.304518	63.946698	0.000905
196.000000	83.565394	-60.357841	0.001017
197.000000	-41.588002	10.651405	0.003030
198.000000	86.337943	-63.220136	0.002853
199.000000	-80.992076	77.523740	0.169045
200.000000	69.943735	42.347097	0.002412
201.000000	84.506208	-60.327447	0.004409
202.000000	84.668765	87.911395	0.009623
203.000000	-52.076002	-85.929514	0.004554
204.000000	53.303686	40.284768	0.001506
205.000000	-67.378895	38.535757	0.004249
206.000000	-30.950177	-51.882843	0.011243
207.000000	-56.531872	6.581790	0.001581
208.000000	-55.262322	61.484779	0.006236
209.000000	-40.300728	46.043113	0.004902
210.000000	74.078040	-7.444425	0.002130
211.000000	74.451439	77.560697	0.001084
212.000000	71.883925	-41.378934	0.003774
213.000000	-53.521378	-71.605821	0.004936
214.000000	84.298449	86.374795	0.002393
215.000000	77.096538	-50.013580	0.003959
216.000000	-41.024409	84.893677	0.004556
217.000000	-53.028961	-61.553017	0.004843
218.000000	51.598358	-73.932007	0.008759
219.000000	67.182707	62.370368	0.000374
220.000000	-84.459220	-87.224742	0.002267
221.000000	-46.187523	-68.501318	0.004812
222.000000	63.519430	-79.338285	0.010332
223.000000	-57.557808	-55.052916	0.007398
224.000000	-43.770611	87.309974	0.003062
225.000000	-70.147909	-60.951602	0.003610
226.000000	-51.763111	-61.897393	0.017493
227.000000	-19.161936	-9.964160	0.005522
228.000000	-61.981824	-47.817744	0.014475
229.000000	44.928519	58.760716	0.002444
230.000000	-83.785911	66.975683	0.000616
231.000000	70.998470	74.100794	0.000582
232.000000	-89.269963	-70.894195	0.002049
233.000000	-34.809598	-69.795469	0.003889
234.000000	-89.686306	-55.175129	0.000611
235.000000	-86.580109	-69.531587	0.000857
236.000000	42.623975	-67.645136	0.005272
237.000000	-39.946872	-20.071285	0.002614
238.000000	-65.814841	-72.116108	0.001028
239.000000	-63.159119	33.684683	0.001604
240.000000	-54.153829	33.882171	0.001849
241.000000	-87.684838	38.553077	0.000361
242.000000	51.958983	-69.778150	0.028344
243.000000	-73.509000	37.911395	0.002129
244.000000	53.224809	78.530756	0.007513
245.000000	70.584219	-64.749890	0.001392
246.000000	55.693957	68.189756	0.007611
247.000000	85.079938	-80.387858	0.002528
248.000000	59.049394	-84.153451	0.018175
249.000000	-77.317623	-89.730014	0.002580
250.000000	-55.316161	-41.720473	0.002184
251.000000	-60.844429	-21.160108	0.005795
252.000000	66.065803	47.740342	0.003778
253.000000	-45.577719	74.641016	0.004166
254.000000	83.792053	89.184675	0.001998
255.000000	-89.951522	86.110068	0.002956
256.000000	-84.979521	-64.779892	0.001442
257.000000	-53.259101	-44.220037	0.002019
258.000000	-73.079257	85.886164	0.003738
259.000000	-83.882379	-7.563621	0.001608
260.000000	-87.919090	29.799554	0.000562
261.000000	-49.461393	82.945281	0.012415
262.000000	-30.031704	68.421065	0.012815
263.000000	63.008899	79.264125	0.003556
264.000000	80.836749	-47.129908	0.002434
265.000000	87.452764	-57.411450	0.001230
266.000000	-77.036481	-86.587468	0.003419
267.000000	82.386751	-45.109626	0.012707
268.000000	58.725584	-71.946800	0.015571
269.000000	-52.055582	-74.360393	0.003262
270.000000	-50.434620	-39.058822	0.002976
271.000000	-90.234865	-53.894543	0.000348
272.000000	24.330324	-36.380305	0.003793
273.000000	74.796299	-78.424321	0.002239
274.000000	-90.240008	-31.672553	0.002666
275.000000	51.450367	-57.340736	0.006995
276.000000	50.354977	18.141588	0.001482
277.000000	29.568230	66.398635	0.008257
278.000000	-46.937182	-25.143871	0.002470
279.000000	-75.914440	26.490961	0.001565
280.000000	58.885652	41.128387	0.010723
281.000000	85.082962	72.330498	0.001055
282.000000	-82.732830	85.506502	0.082554
283.000000	-67.274383	3.780135	0.004467
284.000000	-74.784057	-88.885543	0.001761
285.000000	64.192645	-74.315317	0.004480
286.000000	17.044845	-22.642644	0.020059
287.000000	64.097918	-51.265001	0.008247
288.000000	-71.430442	-31.496364	0.001967
289.000000	-16.844424	-31.054064	0.006296
290.000000	68.845705	-43.605695	0.007079
291.000000	85.812477	27.232335	0.001707
292.000000	59.442321	-79.778150	0.012892
293.000000	-26.194667	-10.155177	0.002932
294.000000	-57.713908	77.250023	0.001829
295.000000	41.805313	-24.468029	0.002152
296.000000	58.264321	-28.374703	0.004350
297.000000	-26.663808	-85.179276	0.016340
298.000000	-72.006385	-53.309758	0.003286
299.000000	-57.134417	-33.371782	0.005222
300.000000	77.975937	12.968096	0.001197
301.000000	56.189809	-46.610336	0.007599
302.000000	-73.934197	83.689294	0.138543
303.000000	81.603727	76.550985	0.001532
304.000000	73.640471	28.618234	0.048978
305.000000	-81.358705	-80.103784	0.002362
306.000000	59.134200	-48.355743	0.021858
307.000000	-54.440546	7.105924	0.001052
308.000000	-25.146741	5.154957	0.000800
309.000000	24.518749	-12.376940	0.005703
310.000000	-88.850166	47.218208	0.007334
311.000000	-48.339878	71.861603	0.002387
312.000000	88.620984	32.379218	0.000808
313.000000	73.324148	-77.096902	0.004084
314.000000	64.495591	75.953209	0.098621
315.000000	43.283970	78.942193	0.002923
316.000000	73.810736	-83.396222	0.013806
317.000000	-48.179970	66.421098	0.003518
318.000000	-72.301477	-25.354022	0.001098
319.000000	-65.521324	59.898685	0.003281
320.000000	89.449860	-68.785037	0.000689
321.000000	13.353392	77.128371	0.000928
322.000000	-72.993876	-56.957884	0.001422
323.000000	71.052681	88.209107	0.002940
324.000000	-62.436346	67.046765	0.006259
325.000000	86.567838	-50.438405	0.000848
326.000000	76.351873	-29.999463	0.001553
327.000000	-79.726346	-45.760878	0.008872
328.000000	-63.006532	8.458959	0.001365
329.000000	51.232962	-46.632592	0.004434
330.000000	-87.391099	32.755872	0.000635
331.000000	39.715787	-86.258695	0.005452
332.000000	-54.673479	-35.236640	0.001327
333.000000	-49.424541	33.677748	0.001702
334.000000	85.703578	-60.737833	0.001693
335.000000	82.660860	-50.259459	0.003031
336.000000	-75.319070	38.495644	0.000497
337.000000	29.238071	0.101403	0.003788
338.000000	-20.097971	39.043207	0.013417
339.000000	-61.121902	37.888521	0.007481
340.000000	-40.735648	51.191871	0.007537
341.000000	64.550864	-64.525333	0.006740
342.000000	-87.424541	84.128225	0.093513
343.000000	79.123829	79.269814	0.042896
344.000000	61.217638	-52.162606	0.004548
345.000000	-44.747214	65.215049	0.003698
346.000000	78.507609	-45.018032	0.001672
347.000000	-82.276719	89.211945	0.002153
348.000000	57.408833	81.667796	0.006149
349.000000	-86.491279	-77.511870	0.001108
350.000000	85.123069	51.155770	0.002719
351.000000	-59.251547	73.772668	0.007918
352.000000	81.392606	64.835614	0.004965
353.000000	41.089956	23.613234	0.004636
354.000000	-66.036367	38.999838	0.003275
355.000000	84.398934	-87.206605	0.001473
356.000000	88.379284	-69.613354	0.000825
357.000000	47.308336	76.885658	0.002438
358.000000	-66.014730	-29.655773	0.002610
359.000000	62.140355	-33.539281	0.004884
360.000000	52.628658	-65.280273	0.008858
361.000000	-68.113205	71.503312	0.173932
362.000000	-67.383666	17.230512	0.020756
363.000000	-56.350288	-23.667870	0.003856
364.000000	-57.404712	75.731818	0.013244
365.000000	-55.016816	66.354792	0.004984
366.000000	-72.655834	47.616105	0.003329
367.000000	-38.348244	84.645280	0.007335
368.000000	-68.512338	5.961432	0.008588
369.000000	-84.923258	47.597968	0.002519
370.000000	-54.624207	-74.302993	0.013832
371.000000	-69.882379	-47.337048	0.001050
372.000000	51.917608	-55.099893	0.003222
373.000000	81.871795	-83.394129	0.006200
374.000000	-83.039424	-21.655686	0.000651
375.000000	-72.332325	-39.338909	0.003464
376.000000	-53.867339	54.451472	0.001493
377.000000	79.989151	-19.124772	0.001002
378.000000	-59.274416	62.099479	0.007738
379.000000	88.941828	87.227695	0.000785
380.000000	42.443972	4.811545	0.033675
381.000000	-65.354022	-30.674058	0.014488
382.000000	-44.019380	-29.746263	0.002772
383.000000	-58.614912	-51.853242	0.016034
384.000000	-44.937129	65.129649	0.001133
385.000000	-43.814841	68.199069	0.004869
386.000000	-77.001530	63.555202	0.008025
387.000000	-46.481667	-69.152554	0.386793
388.000000	-67.583585	-67.442733	0.009224
389.000000	81.640471	3.333569	0.001934
390.000000	81.864241	62.922484	0.002920
391.000000	-55.830667	21.642212	0.004869
392.000000	90.357821	-65.444703	0.002698
393.000000	58.458939	-71.731029	0.005203
394.000000	-82.257865	-16.567764	0.005695
395.000000	83.883925	-10.338138	0.001484
396.000000	-66.898519	-51.237564	0.008428
397.000000	-33.086931	68.241680	0.005028
398.000000	54.860812	-90.463038	0.002711
399.000000	20.068746	90.189391	0.016727
400.000000	-49.401350	61.752247	0.001176
401.000000	-63.568459	20.925930	0.004278
402.000000	-55.703160	-73.231757	0.008062
403.000000	57.017768	-68.942743	0.032316
404.000000	-87.001442	-38.642046	0.005934
405.000000	54.224673	79.304799	0.006112
406.000000	84.884603	73.794065	0.018103
407.000000	-47.610345	-61.421758	0.002662
408.000000	60.194439	-61.192310	0.013404
409.000000	-61.484121	-14.996759	0.015291
410.000000	-61.531748	-80.898499	0.004825
411.000000	-51.168698	29.721176	0.006455
412.000000	-38.251713	3.150205	0.002667
413.000000	-71.124772	62.253737	0.000494
414.000000	82.560177	-77.996559	0.002901
415.000000	-59.640525	76.126848	0.005287
416.000000	-55.139208	44.570721	0.007744
417.000000	56.204881	79.867151	0.030992
418.000000	-71.942209	53.832180	0.010815
419.000000	30.236910	84.965159	0.005818
420.000000	77.628321	57.445438	0.002234
421.000000	21.583882	-16.437158	0.013560
422.000000	-68.217226	5.649766	0.002235
423.000000	-77.929514	3.661895	0.002854
424.000000	-50.214370	27.142150	0.001710
425.000000	9.753622	-3.294964	0.058616
426.000000	-73.108547	15.172616	0.000965
427.000000	13.162970	26.846203	0.017931
428.000000	25.738568	-79.615154	0.015396
429.000000	-40.106768	86.018515	0.004885
430.000000	-25.600326	16.292768	0.011596
431.000000	-24.631608	-74.784266	0.010652
432.000000	-86.957972	52.201361	0.001957
433.000000	-50.920354	25.010698	0.068443
434.000000	-90.322910	-37.934164	0.001743
435.000000	-19.360879	-44.756346	0.017872
436.000000	73.956113	-65.169529	0.000850
437.000000	74.164688	82.312312	0.004757
438.000000	-72.179970	-44.745473	0.001924
439.000000	57.859559	32.453126	0.001099
440.000000	84.383881	57.094813	0.001419
441.000000	-68.905295	-54.998687	0.029600
442.000000	-85.230629	-71.485647	0.003750
443.000000	70.446756	-39.083887	0.005795
444.000000	65.993615	-63.822394	0.017627
445.000000	13.309433	-2.801286	0.024152
446.000000	-69.662090	-90.220037	0.002075
447.000000	-74.961456	-43.262092	0.003959
448.000000	85.931552	-64.267244	0.001031
449.000000	56.246150	65.939105	0.137736
450.000000	-42.874165	-29.147244	0.008174
451.000000	-51.545537	38.040822	0.203488
452.000000	-62.749614	-85.886849	0.006906
453.000000	-49.526007	-2.150494	0.003041
454.000000	-71.183473	-64.081437	0.004637
455.000000	-78.283089	20.840934	0.001185
456.000000	70.920743	-64.158101	0.013222
457.000000	-27.899173	83.959002	0.011890
458.000000	-77.375992	-57.340027	0.000662
459.000000	81.759939	76.586027	0.000641
460.000000	-80.135720	-88.157289	0.004427
461.000000	79.070425	-74.104988	0.002947
462.000000	50.033230	-81.631245	0.004100
463.000000	63.178057	47.817445	0.001702
464.000000	-75.588215	-68.338138	0.004754
465.000000	-42.555647	-81.573987	0.003567
466.000000	-35.169490	-81.892692	0.001975
467.000000	-84.447834	52.563188	0.003299
468.000000	70.307590	78.354879	0.006223
469.000000	78.648503	87.978900	0.007821
470.000000	64.625749	-38.681578	0.004854
471.000000	49.170524	86.265423	0.006825
472.000000	-39.166498	60.339882	0.002629
473.000000	-71.356134	-75.159385	0.010658
474.000000	-89.044107	35.936235	0.002204
475.000000	-64.532282	-78.977514	0.002625
476.000000	72.570755	72.902698	0.001736
477.000000	-68.088697	-19.765946	0.000768
478.000000	66.100788	-60.614986	0.002012
479.000000	-76.076002	-80.039237	0.003740
480.000000	-50.929356	33.505336	0.008234
481.000000	-67.041165	57.661398	0.003399
482.000000	58.865442	-85.862288	0.008952
483.000000	39.261951	-44.736631	0.005660
484.000000	74.013493	39.202632	0.009729
485.000000	-49.502521	-69.005762	0.007047
486.000000	-75.282287	29.046979	0.010015
487.000000	-49.790435	38.615610	0.003671
488.000000	65.664766	-57.061081	0.009571
489.000000	62.644204	-36.992076	0.004878
490.000000	-33.986507	24.201939	0.003259
491.000000	-64.559420	-61.473577	0.001700
492.000000	79.378697	62.033443	0.000759
493.000000	85.693962	66.857801	0.001770
494.000000	85.511962	-37.016757	0.002915
495.000000	-69.657493	79.100758	0.003428
496.000000	-75.793431	-4.474220	0.000730
497.000000	85.050781	-40.416821	0.001322
498.000000	-75.242126	-35.645382	0.001365
499.000000	-69.289562	-69.655753	0.000786
500.000000	-60.886174	-27.869982	0.000788
501.000000	-31.294524	42.286316	0.006997
502.000000	75.459188	54.019306	0.001302
503.000000	-86.747160	26.302979	0.000472
504.000000	-50.974795	-27.498192	0.004642
505.000000	-57.998831	-1.902082	0.001133
506.000000	86.110014	-50.898958	0.002060
507.000000	-84.727249	-82.525579	0.002052
508.000000	-75.877802	54.169333	0.002966
509.000000	-50.019380	-23.680053	0.002975
510.000000	-76.564049	-3.613108	0.000310
511.000000	-82.804969	8.633288	0.002564
512.000000	59.728106	-72.048570	0.006772
513.000000	-41.694151	42.648183	0.003600
514.000000	-49.279033	-43.225240	0.004318
515.000000	51.275999	-78.332304	0.010396
516.000000	-47.652777	71.175455	0.003373
517.000000	-63.813061	20.690242	0.003612
518.000000	54.448476	22.292549	0.004950
519.000000	-50.121996	-74.918690	0.003904
520.000000	-80.394499	-64.031616	0.018009
521.000000	83.943755	-27.712167	0.034317
522.000000	-90.612044	51.922443	0.001371
523.000000	73.276053	-49.921675	0.000584
524.000000	-43.254417	62.404038	0.028440
525.000000	76.966389	60.071737	0.001334
526.000000	67.761069	48.759986	0.002927
527.000000	-79.257448	-74.768438	0.001779
528.000000	-76.246378	-59.094311	0.001692
529.000000	-55.383720	-10.809512	0.003479
530.000000	-80.140441	-66.397316	0.001940
531.000000	-17.613249	54.579968	0.009437
532.000000	46.951194	-60.768023	0.002237
533.000000	-55.299174	-1.311798	0.002807
534.000000	-83.697060	71.486499	0.001040
535.000000	55.457414	-71.196501	0.006180
536.000000	-77.588161	63.759992	0.001474
537.000000	67.161244	47.368693	0.001341
538.000000	24.813503	-83.062403	0.029362
539.000000	-60.977742	90.088273	0.011669
540.000000	63.454510	-31.166498	0.005530
541.000000	-63.746296	-65.989411	0.275002
542.000000	75.313825	-63.241717	0.005601
543.000000	46.555634	-10.762860	0.002744
544.000000	-86.695502	-63.158978	0.002195
545.000000	-65.974304	60.488091	0.001367
546.000000	86.442192	-49.686477	0.007086
547.000000	-66.273635	26.217656	0.004346
548.000000	-64.325775	-54.890628	0.002290
549.000000	-46.187523	-44.610356	0.005691
550.000000	-29.126479	-10.195590	0.006865
551.000000	51.131297	46.419552	0.004062
552.000000	-64.722599	-50.850050	0.004251
553.000000	-34.080652	72.356605	0.014300
554.000000	77.252786	-73.640399	0.003059
555.000000	-66.269024	60.278278	0.006219
556.000000	83.294142	-42.417879	0.001233
557.000000	62.194439	85.903803	0.006807
558.000000	-69.677144	10.361123	0.001245
559.000000	-69.640525	-7.277238	0.005051
560.000000	-84.719749	75.049877	0.001677
561.000000	-85.504229	-60.349970	0.006559
562.000000	33.533826	-4.749281	0.006956
563.000000	-58.607447	-70.572409	0.015705
564.000000	-58.084014	84.102568	0.023627
565.000000	-47.747857	60.379889	0.099617
566.000000	-73.543937	-67.234075	0.001288
567.000000	77.311985	13.266770	0.001522
568.000000	77.327344	-87.867092	0.003598
569.000000	52.025696	53.597968	0.003650
570.000000	47.630068	-86.673758	0.005596
571.000000	-81.528757	55.529056	0.003368
572.000000	-86.513269	-85.979585	0.010937
573.000000	-64.135806	-78.663528	0.007139
574.000000	-71.021867	-65.444366	0.003447
575.000000	82.078040	29.034489	0.001169
576.000000	88.720901	41.170689	0.001081
577.000000	84.008843	63.069209	0.027209
578.000000	-13.143678	40.382123	0.014462
579.000000	65.669395	-35.808518	0.002951
580.000000	-83.163749	55.956152	0.002016
581.000000	70.971006	76.571180	0.004032
582.000000	-82.979521	-71.758180	0.038250
583.000000	-83.456690	-80.535931	0.001958
584.000000	-76.129946	-38.483354	0.004643
585.000000	71.785683	82.145038	0.011465
586.000000	-79.061076	89.355769	0.002058
587.000000	-74.802012	-21.024190	0.005548
588.000000	-86.539769	49.114289	0.002414
589.000000	29.660155	-10.097971	0.005428
590.000000	-66.944449	-34.204192	0.001324
591.000000	-82.076002	-29.504389	0.001929
592.000000	-63.674273	4.480889	0.006218
593.000000	-39.119238	-4.255133	0.005944
594.000000	70.581349	56.246470	0.002334
595.000000	-51.652777	-39.522048	0.053480
596.000000	-76.940086	-56.523748	0.002175
597.000000	-73.195830	63.608464	0.002521
598.000000	39.871673	-51.864274	0.005380
599.000000	-86.995159	-42.322910	0.002069
600.000000	-68.925065	10.092935	0.001283
601.000000	53.906673	-57.237067	0.008996
602.000000	-75.242301	47.748825	0.002915
603.000000	74.908883	-37.387546	0.004476
604.000000	44.463710	-56.329322	0.001859
605.000000	-65.488771	-89.421068	0.093877
606.000000	-66.949273	-82.732798	0.002024
607.000000	-31.521203	-31.738529	0.252151
608.000000	-42.162638	29.463121	0.036734
609.000000	69.126713	10.422678	0.002825
610.000000	-85.302165	66.217193	0.001150
611.000000	-68.797250	-12.539294	0.000795
612.000000	-70.108555	56.576660	0.001088
613.000000	-54.649352	-6.861203	0.004131
614.000000	-43.504317	75.986400	0.003182
615.000000	-68.692665	77.951469	0.046429
616.000000	78.451385	-49.146488	0.162228
617.000000	-86.759310	-3.684697	0.000889
618.000000	-41.847429	26.302979	0.005885
619.000000	-83.252759	-82.851771	0.020277
620.000000	-72.167873	21.712878	0.000609
621.000000	-81.001903	64.515879	0.015395
622.000000	-81.509000	53.445438	0.001377
623.000000	-23.436832	45.838081	0.001220
624.000000	74.700846	-62.752655	0.000794
625.000000	4.733258	-10.214636	0.057884
626.000000	-71.026111	-64.161311	0.002439
627.000000	67.193737	77.703903	0.071748
628.000000	-13.386536	-20.485881	0.018476
629.000000	84.593634	-47.226489	0.001177
630.000000	87.207214	1.445544	0.001096
631.000000	75.262081	-65.833538	0.000624
632.000000	50.593673	80.905602	0.007473
633.000000	-83.805614	-88.740790	0.006996
634.000000	90.018176	-67.394129	0.002100
635.000000	-78.802012	-17.226986	0.001749
636.000000	-51.657193	-68.652185	0.003837
637.000000	-58.944590	35.049823	0.015216
638.000000	-2.117849	-64.016437	0.057306
639.000000	-12.073059	1.827165	0.050600
640.000000	-49.536431	72.825827	0.001313
641.000000	-44.583667	87.958684	0.008208
642.000000	34.439322	75.089144	0.005355
643.000000	78.480537	39.192142	0.002015
644.000000	-21.657460	50.732907	0.000680
645.000000	-7.954392	-49.922224	0.232246
646.000000	20.913108	47.373039	0.013833
647.000000	74.145071	-88.174069	0.002551
648.000000	-56.841520	-17.746257	0.003961
649.000000	78.273561	-51.677182	0.001415
650.000000	-40.490458	51.390416	0.007956
651.000000	-83.238807	32.107483	0.000497
652.000000	84.963485	-74.409214	0.002108
653.000000	-78.877864	-68.834160	0.001756
654.000000	-81.274416	9.899159	0.003419
655.000000	58.174735	68.785802	0.078851
656.000000	65.153764	-6.785071	0.004454
657.000000	79.248157	-49.624949	0.002763
658.000000	-33.795151	-59.942029	0.006932
659.000000	-81.765946	-67.805561	0.002466
660.000000	-53.461334	-81.585039	0.033431
661.000000	-82.048570	-65.149651	0.000850
662.000000	56.893332	68.586399	0.084741
663.000000	73.031532	-70.760473	0.004223
664.000000	80.656407	56.032134	0.001968
665.000000	57.583304	40.816527	0.001409
666.000000	-40.817963	82.264308	0.016221
667.000000	-14.912563	87.877938	0.008355
668.000000	-58.128258	74.948252	0.017338
669.000000	-69.934197	84.359529	0.001972
670.000000	85.859612	-83.519604	0.008221
671.000000	-64.929274	5.399947	0.003712
672.000000	74.745495	-6.530242	0.002095
673.000000	56.498500	40.670911	0.005226
674.000000	-58.806662	-81.961940	0.009850
675.000000	-6.695482	-18.995313	0.048240
676.000000	45.667675	-64.933498	0.004329
677.000000	-81.957296	52.503636	0.008829
678.000000	-11.613249	10.370370	0.011726
679.000000	-75.471977	59.936202	0.003178
680.000000	-41.028961	-44.452911	0.003334
681.000000	-72.743148	-30.048882	0.003299
682.000000	-70.244705	-66.466400	0.004906
683.000000	-80.659158	-72.849073	0.002215
684.000000	-52.545258	73.921825	0.017049
685.000000	-87.810191	-28.760473	0.000656
686.000000	-79.016850	51.436865	0.003715
687.000000	-62.241748	17.959022	0.004599
688.000000	73.943755	-84.207979	0.001576
689.000000	-81.326585	82.184599	0.001003
690.000000	-69.746142	68.102481	0.099854
691.000000	-72.463864	-66.814155	0.001371
692.000000	47.693962	40.712677	0.009285
693.000000	59.336192	-86.384760	0.633129
694.000000	-52.085296	73.533600	0.006572
695.000000	84.078007	-36.664971	0.000771
696.000000	76.419358	37.704540	0.006142
697.000000	-52.082392	-37.158441	0.001904
698.000000	-45.246864	89.921920	0.004386
699.000000	-15.613249	14.412052	0.007374
700.000000	86.025730	-82.039237	0.025768
701.000000	64.061153	73.605521	0.004030
702.000000	77.697154	48.314027	0.004175
703.000000	-60.850800	-14.670660	0.004546
704.000000	39.610151	66.158909	0.001411
705.000000	-49.986507	85.486565	0.010530
706.000000	-59.279066	46.789566	0.265416
707.000000	-87.077457	-58.028620	0.000386
708.000000	-79.726366	68.256841	0.002761
709.000000	-73.748004	37.123496	0.032526
710.000000	79.125781	78.147622	0.184794
711.000000	78.877820	-41.526325	0.000969
712.000000	-76.113199	-42.244652	0.003020
713.000000	-86.421346	24.319986	0.003437
714.000000	55.225192	-85.996592	0.002994
715.000000	-79.560798	41.576032	0.003012
716.000000	-86.952182	-37.738530	0.004850
717.000000	-86.338105	-83.129455	0.001403
718.000000	23.050688	79.471397	0.011534
719.000000	50.495863	-58.536699	0.019140
720.000000	-63.862501	85.027009	0.007655
721.000000	65.336192	-43.114188	0.008251
722.000000	80.628658	-14.093641	0.000990
723.000000	82.833381	69.408965	0.000598
724.000000	-59.815080	74.301071	0.711230
725.000000	-41.369562	-85.787490	0.007286
726.000000	69.499706	-77.995889	0.003771
727.000000	-75.971400	74.018176	0.007895
728.000000	-12.458635	82.719307	0.022460
729.000000	84.062441	66.773511	0.002189
730.000000	22.305849	71.098670	0.013820
731.000000	-19.652864	72.626405	0.013890
732.000000	65.632971	63.307886	0.001473
733.000000	36.838103	-89.154361	0.001750
734.000000	-46.156699	5.434805	0.009376
735.000000	69.020585	49.809408	0.004434
736.000000	63.755363	84.042474	0.010947
737.000000	-46.096197	53.112999	0.006281
738.000000	-30.571463	-58.789346	0.003678
739.000000	-83.652864	-70.367136	0.002025
740.000000	-42.944657	-52.446171	0.001453
741.000000	-86.507708	-34.590717	0.015248
742.000000	-64.622394	72.689578	0.025362
743.000000	71.539039	55.433308	0.001158
744.000000	-90.809566	80.688489	0.001964
745.000000	56.511229	-6.021120	0.025250
746.000000	-83.600326	52.951161	0.072099
747.000000	41.516526	74.622660	0.004658
748.000000	77.807059	67.862183	0.002309
749.000000	-40.197537	21.758305	0.007673
750.000000	75.565394	-61.862501	0.000715
751.000000	-29.528878	35.640525	0.007340
752.000000	78.665702	84.977550	0.000512
753.000000	-81.817744	67.779817	0.001412
754.000000	-61.998831	14.995508	0.009806
755.000000	-47.362008	-52.566780	0.002370
756.000000	83.867145	19.120553	0.004710
757.000000	-17.191147	77.222239	0.019222
758.000000	72.404285	-54.718041	0.000450
759.000000	44.491072	-32.762323	0.002598
760.000000	-43.181726	-76.751755	0.001669
761.000000	-70.060895	-56.259691	0.010955
762.000000	-86.924679	-27.404718	0.001829
763.000000	-88.224759	71.503258	0.002606
764.000000	-34.978271	-40.346374	0.005085
765.000000	41.948559	74.585960	0.016358
766.000000	-88.498381	-57.793345	0.003875
767.000000	43.768044	86.009592	0.002269
768.000000	-65.088495	58.752771	0.004835
769.000000	-63.266742	-29.590767	0.002141
770.000000	84.688468	31.409561	0.000194
771.000000	48.781104	76.829355	0.003021
772.000000	-68.949403	72.052218	0.002760
773.000000	-76.632464	68.305715	0.022728
774.000000	-83.154262	62.604131	0.000922
775.000000	41.257982	-56.836937	0.001259
776.000000	-53.959076	-44.676928	0.003941
777.000000	-82.128205	66.750194	0.001630
778.000000	86.201972	-34.550093	0.005634
779.000000	-80.598217	-14.611742	0.001478
780.000000	80.396765	-89.229392	0.001098
781.000000	65.442321	83.530092	0.018758
782.000000	-74.296417	-76.379266	0.003408
783.000000	51.460251	-62.634197	0.007352
784.000000	-48.666340	-80.167429	0.002893
785.000000	50.459173	-30.083516	0.008111
786.000000	72.926789	52.858063	0.004153
787.000000	-43.933660	-37.137009	0.648874
788.000000	-58.124866	-57.699002	0.004820
789.000000	60.073357	58.557234	0.002974
790.000000	-37.289841	-59.289700	0.002252
791.000000	81.583284	-30.841260	0.001444
792.000000	55.584057	-49.307201	0.016147
793.000000	-78.116108	-81.072866	0.002657
794.000000	25.355596	61.033672	0.008843
795.000000	-48.858827	-84.760981	0.004163
796.000000	68.601188	79.454504	0.000735
797.000000	-58.095068	12.011752	0.016568
798.000000	-64.471331	-46.061227	0.005460
799.000000	-50.339440	-60.083865	0.003598
800.000000	-74.315338	-81.491342	0.001948
801.000000	54.422281	82.510878	0.004836
802.000000	13.630246	33.711888	0.014777
803.000000	72.975650	78.581343	0.002951
804.000000	-75.625399	-46.663681	0.005145
805.000000	-80.719782	83.227092	0.001979
806.000000	-86.609140	60.547993	0.002025
807.000000	-73.817672	70.263740	0.003227
808.000000	83.792000	24.352008	0.000487
809.000000	-55.334319	32.734999	0.012813
810.000000	45.743516	-69.791874	0.030006
811.000000	-44.759344	-27.229890	0.002595
812.000000	-73.048839	-54.780066	0.002945
813.000000	-63.798008	-70.034607	0.015049
814.000000	30.606204	-83.806304	0.003464
815.000000	66.122251	-72.538029	0.000805
816.000000	37.253191	57.684775	0.002841
817.000000	-36.613489	-87.861598	0.004987
818.000000	-49.256279	11.000032	0.003985
819.000000	-75.770558	-54.789663	0.020259
820.000000	76.853259	-40.945494	0.018200
821.000000	-64.006385	-42.540846	0.005816
822.000000	-60.736307	15.338566	0.030242
823.000000	-33.891706	-36.950123	0.003423
824.000000	-34.476014	37.610436	0.005936
825.000000	-32.782082	-77.718846	0.016322
826.000000	28.281154	85.841725	0.004804
827.000000	-61.351146	-38.790673	0.010645
828.000000	-63.186727	13.517966	0.011405
829.000000	-82.654162	65.257664	0.000386
830.000000	-69.194368	67.959002	0.000179
831.000000	30.661091	-1.018212	0.027569
832.000000	51.948565	54.160266	0.002500
833.000000	-91.479018	80.610255	0.000351
834.000000	54.061153	-87.672586	0.016338
835.000000	80.471122	-5.593371	0.000866
836.000000	-85.543917	50.110014	0.002205
837.000000	70.986664	-80.115577	0.061118
838.000000	26.563134	-55.246864	0.003726
839.000000	68.290742	80.635892	0.007366
840.000000	-74.853220	89.727201	0.001546
841.000000	-60.944415	53.894582	0.003731
842.000000	-41.391220	76.411259	0.003870
843.000000	86.997220	-86.191868	0.002018
844.000000	88.545051	-28.084014	0.006753
845.000000	71.466907	32.555634	0.000771
846.000000	78.572501	-74.339597	0.061891
847.000000	56.962191	88.101244	0.002646
848.000000	-85.545517	-72.554435	0.001293
849.000000	-71.904986	-71.189373	0.005620
850.000000	47.220108	-32.832343	0.001547
851.000000	84.281295	-81.556148	0.001329
852.000000	-89.521203	75.347844	0.000291
853.000000	-52.956773	69.032469	0.007181
854.000000	77.636220	-78.615812	0.004067
855.000000	62.836836	68.676318	0.014293
856.000000	86.402038	79.998763	0.002074
857.000000	82.108501	74.018515	0.005694
858.000000	-29.698456	2.020044	1.080037
859.000000	84.038054	-89.825265	0.004397
860.000000	-55.909636	21.642159	0.002141
861.000000	85.405868	72.123627	0.001157
862.000000	75.340842	-84.687532	0.157505
