Thin Section: 	C:\Ice Data\2017-02-01-Wed\10.31 480 VTS SPICE

Results: 	C:\Ice Results\2017-02-01-Wed\10.31 480 VTS SPICE\2017-02-03-Fri, 10.44

Sequence Angles: 
xi	phi inner
0	0
45	0
45	-45
45	-90
45	-135
45	-180
45	-225
45	-270
45	-315

Threshold: 
45.000

Grain #		theta		phi	Rsquared

0.000000	-8.070189	-72.031665	0.033722
1.000000	88.093234	48.105471	0.004255
2.000000	70.588903	76.244637	0.000872
3.000000	-62.019380	43.747756	0.003991
4.000000	-81.143871	85.111452	0.005956
5.000000	-72.586603	-2.266926	0.001897
6.000000	-34.409315	-43.113802	0.008431
7.000000	79.787371	34.495624	0.001564
8.000000	-51.441390	-77.243934	0.001763
9.000000	43.087151	87.120764	0.009611
10.000000	43.158056	86.526468	0.005688
11.000000	-40.608258	-78.525646	0.136261
12.000000	-28.006385	23.234877	0.000864
13.000000	-83.294524	-77.034939	0.003026
14.000000	-55.870021	51.461971	1.305905
15.000000	-84.776591	-84.454092	0.003468
16.000000	71.385020	71.417215	0.001601
17.000000	-85.094431	-43.667864	0.002620
18.000000	-56.841520	-73.765940	0.016681
19.000000	63.372638	-82.595109	0.012627
20.000000	12.033230	33.409381	0.156519
21.000000	-53.028961	46.890003	0.002424
22.000000	-14.053181	-16.880853	0.012874
23.000000	44.764184	-27.004453	0.845965
24.000000	-80.252244	-74.369938	0.530081
25.000000	-73.065279	-83.181732	0.008056
26.000000	-74.985769	-28.297030	0.015676
27.000000	-33.082248	30.608481	0.392549
28.000000	-53.117179	86.063271	0.003176
29.000000	11.815386	10.361036	0.022629
30.000000	-70.258561	-64.970082	0.029743
31.000000	-81.699931	63.989151	0.002613
32.000000	55.590282	-9.734436	0.015554
33.000000	85.992638	-88.701229	0.002683
34.000000	81.467645	75.717342	0.001902
35.000000	-29.129695	39.512843	0.002231
36.000000	17.963613	-74.215500	0.004189
37.000000	-22.550087	78.144985	0.007993
38.000000	-65.798061	-44.622346	0.004288
39.000000	-68.735010	-23.195345	0.029787
40.000000	-58.043920	-50.031704	0.004185
41.000000	-79.254451	66.833468	0.000730
42.000000	-86.011826	43.677090	0.001981
43.000000	-47.573089	21.914266	0.003431
44.000000	-66.179970	-43.281975	0.004659
45.000000	-45.605554	-77.205416	0.005463
46.000000	-72.431770	-77.303824	0.007821
47.000000	-76.374849	-34.773067	0.002319
48.000000	-21.044233	-37.602583	0.005169
49.000000	-17.976044	52.810369	0.001720
50.000000	-90.147909	-86.788088	0.001118
51.000000	78.937751	33.451886	0.002096
52.000000	-32.063765	3.590414	0.003854
53.000000	46.520490	-90.815552	0.007973
54.000000	-87.277325	-54.066635	0.001429
55.000000	-25.473718	21.108514	0.000818
56.000000	86.382068	-69.066899	0.007400
57.000000	84.439289	-32.401960	0.003368
58.000000	-88.853584	-79.904613	0.001708
59.000000	-65.174173	-44.957725	0.005077
60.000000	85.810736	-73.835278	0.004847
61.000000	-69.902082	-63.109718	0.005892
62.000000	68.164722	-57.129875	0.048424
63.000000	81.230233	-15.261048	0.007476
64.000000	74.821177	-51.996592	0.001131
65.000000	-59.604943	85.190402	0.003566
66.000000	-84.076002	80.758230	0.004142
67.000000	-25.033611	-44.725141	0.013474
68.000000	-82.564049	37.762178	0.000533
69.000000	-82.480570	80.515879	0.001419
70.000000	-71.557841	2.584340	0.002085
71.000000	39.613007	75.064991	0.002216
72.000000	76.604131	-78.574334	0.003387
73.000000	-74.812702	-44.155636	0.012031
74.000000	-87.149684	68.472896	0.000636
75.000000	-81.773500	84.670506	0.002013
76.000000	-28.071319	-60.477177	0.013640
77.000000	-40.189264	60.678065	0.002824
78.000000	-90.495525	-16.758981	0.003282
79.000000	30.538660	77.789981	0.006218
80.000000	-30.865800	27.118194	0.012188
81.000000	-44.751307	76.601647	0.004950
82.000000	-71.978953	77.103880	0.004955
83.000000	-65.680086	-26.995565	0.004005
84.000000	-30.312434	-28.048882	0.059526
85.000000	-44.019380	65.755396	0.756888
86.000000	-51.498416	-33.366485	0.008816
87.000000	-85.782741	24.913122	0.000683
88.000000	-34.024063	-76.099101	0.005500
89.000000	-51.331547	-74.741722	0.002332
90.000000	-72.291772	3.841407	0.004714
91.000000	-68.246378	49.316669	0.087635
92.000000	-28.688015	-68.507428	0.010869
93.000000	-68.339845	-16.356227	0.004540
94.000000	-31.645082	-73.433405	0.012298
95.000000	64.001169	-89.169562	0.018748
96.000000	73.353320	88.902659	0.006828
97.000000	-84.557673	39.604642	0.000677
98.000000	-84.956773	-13.467114	0.003919
99.000000	24.122251	78.625716	0.004605
100.000000	-73.324844	48.685592	0.035523
101.000000	-82.182873	-37.364971	0.002887
102.000000	87.588707	-2.508751	0.011836
103.000000	-51.527500	-74.678020	0.002149
104.000000	-34.732160	27.451853	0.011494
105.000000	-47.539281	-15.416934	0.001642
106.000000	-47.051500	13.117883	0.001036
107.000000	-44.794512	64.403759	0.002039
108.000000	-63.082248	28.637938	0.035879
109.000000	47.968296	-49.241717	0.006213
110.000000	-61.951522	-10.232541	0.003096
111.000000	-81.557841	88.580372	0.001060
112.000000	-72.063798	35.735659	0.002344
113.000000	-71.514813	-73.770596	0.006719
114.000000	-80.079364	75.163018	0.021709
115.000000	-78.724379	57.936274	0.001036
116.000000	-76.088697	-34.701175	0.002127
117.000000	-74.010585	-65.306767	0.001608
118.000000	-67.805614	16.894932	0.008167
119.000000	80.593586	34.202206	0.001067
120.000000	-71.899212	-72.306043	0.001353
121.000000	-68.304422	70.426964	0.005112
122.000000	64.500274	76.347097	0.005104
123.000000	32.056017	-82.658824	0.031200
124.000000	85.681256	82.925930	1.030373
125.000000	-24.137532	14.902698	0.003116
126.000000	73.669395	-60.200480	0.021584
127.000000	-74.011826	-71.651123	0.006464
128.000000	-36.224774	80.406330	0.001688
129.000000	73.173460	76.422422	0.002259
130.000000	-53.323715	-79.274821	0.002292
131.000000	-47.852058	86.502884	0.789740
132.000000	57.111273	30.902626	0.006204
133.000000	-46.596970	-57.192016	0.001998
134.000000	-42.441290	87.395101	0.004437
135.000000	-86.488038	-28.039198	0.001115
136.000000	-68.663755	32.597080	0.008445
137.000000	-60.643791	63.326067	0.001698
138.000000	65.489388	-88.933430	0.048046
139.000000	-34.162060	3.675853	0.003743
140.000000	-38.481363	41.285621	0.001906
141.000000	19.672479	-61.323429	0.014809
142.000000	71.996519	-65.329494	0.002173
143.000000	-76.474274	86.229404	0.005021
144.000000	-88.569776	60.359475	0.002281
145.000000	87.588707	-79.569859	0.003614
146.000000	69.723456	-79.882432	0.008698
147.000000	-41.087291	79.643581	0.321874
148.000000	-73.420431	-64.789696	0.001785
149.000000	-62.622394	66.637639	0.025120
150.000000	-59.271425	59.965348	0.007929
151.000000	-15.743233	52.016402	0.000730
152.000000	-50.010531	-85.056398	0.002651
153.000000	-72.043920	10.895106	0.001101
154.000000	57.971287	71.457342	0.007182
155.000000	-79.199018	89.728250	0.042310
156.000000	-81.870021	59.540780	0.004046
157.000000	-73.231220	-65.811070	0.003989
158.000000	77.773929	-84.772801	0.690901
159.000000	87.276997	-89.650664	0.077941
160.000000	-79.004720	47.158824	0.002013
161.000000	-41.994148	-37.608605	0.005943
162.000000	73.122083	-74.487897	0.003941
163.000000	54.197295	-42.348409	0.004611
164.000000	-59.817711	25.147985	0.002697
165.000000	-32.898412	-4.971449	0.006034
166.000000	-11.299207	43.872147	0.119118
167.000000	-60.688015	31.045194	0.001134
168.000000	80.601227	-78.261398	0.002621
169.000000	72.021047	13.474015	0.547818
170.000000	-60.063765	29.076742	0.053157
171.000000	52.910373	82.720724	0.004188
172.000000	66.648854	22.902698	0.042473
173.000000	-59.158945	-85.613824	0.008738
174.000000	77.122083	-80.160053	0.002467
175.000000	82.110014	-24.195796	0.001998
176.000000	72.893191	-26.860856	0.003305
177.000000	80.354918	-59.121442	0.034552
178.000000	-87.048751	-88.777163	0.031624
179.000000	-82.619562	30.283183	0.016155
180.000000	67.197988	72.278484	0.002546
181.000000	-74.981301	-69.263871	0.002322
182.000000	84.085560	-79.105068	0.003008
183.000000	77.484878	-38.209634	0.003168
184.000000	-31.640399	31.405265	0.011173
185.000000	81.474021	80.318372	0.004920
186.000000	84.900886	87.966663	0.007445
187.000000	-63.649993	37.718691	0.005449
188.000000	-82.200446	-88.007679	0.003733
189.000000	52.910219	80.157449	0.006691
190.000000	73.257484	-64.160266	0.003899
191.000000	-75.643342	23.172264	0.015355
192.000000	-74.263211	-57.545279	0.005026
193.000000	-19.604943	74.580679	0.015138
194.000000	-37.254417	11.250748	0.008060
195.000000	85.227713	85.777265	0.005857
196.000000	-52.016476	-27.531820	0.005394
197.000000	-71.921960	-7.418657	0.002270
198.000000	-71.053489	29.163337	0.032356
199.000000	82.129718	-17.284912	0.002146
200.000000	-33.126546	-70.773197	0.018033
201.000000	47.816942	-32.073410	0.004044
202.000000	-61.838221	71.409381	0.003456
203.000000	68.451385	14.414781	0.002496
204.000000	-33.842832	58.751189	0.005117
205.000000	-80.495644	-87.648180	0.063997
206.000000	-49.659040	13.317567	0.002552
207.000000	-72.631608	-57.995889	0.009998
208.000000	-26.996867	63.282330	0.001945
209.000000	65.682903	78.105510	0.007566
210.000000	85.758198	68.653450	0.002706
211.000000	-43.692338	58.280671	0.001533
212.000000	-85.526007	-7.939267	0.002060
213.000000	86.295386	66.621066	0.002904
214.000000	-44.707546	-22.053532	0.007094
215.000000	-31.556153	68.613392	0.008210
216.000000	-40.648420	25.634923	0.005043
217.000000	65.546820	-62.226301	0.039930
218.000000	-81.810244	86.839892	0.003781
219.000000	50.893343	-44.719036	0.285610
220.000000	-55.782968	79.748248	0.007512
221.000000	-23.787651	66.356956	0.016184
222.000000	-42.567904	-54.447668	0.001764
223.000000	38.918149	86.323283	0.002532
224.000000	-65.882432	65.553191	0.028614
225.000000	63.956080	65.494032	0.006452
226.000000	41.721715	-39.743246	0.003899
227.000000	-67.362068	11.775241	0.021359
228.000000	67.170524	-40.086087	0.072871
229.000000	-59.917310	-82.804901	0.009033
230.000000	-76.024063	-46.696579	0.004483
231.000000	68.319947	11.179851	0.002045
232.000000	-80.917598	86.137485	0.004507
233.000000	-61.819485	-3.363788	0.018905
234.000000	55.297084	-88.792732	0.003614
235.000000	-86.710416	79.309201	0.002254
236.000000	-89.882432	58.805944	0.002648
237.000000	-76.232541	-46.093327	0.003041
238.000000	-60.864080	4.033230	0.002433
239.000000	82.073357	-51.994148	0.002671
240.000000	-32.589102	-11.623817	0.018019
241.000000	56.530932	-87.233583	0.006508
242.000000	-71.097341	8.142162	0.001581
243.000000	80.648854	75.028980	0.022684
244.000000	66.830438	82.312360	0.076403
245.000000	-90.427159	-70.598206	0.130583
246.000000	67.126647	-78.454252	0.008613
247.000000	-60.019380	-38.666697	0.014247
248.000000	-60.431770	9.507454	0.006947
249.000000	-16.768134	-14.648062	0.021271
250.000000	80.986054	-4.827417	0.029869
251.000000	71.163477	89.716033	0.010623
252.000000	-47.891706	-53.116759	0.002682
253.000000	-24.283089	-76.812049	0.002244
254.000000	84.960576	72.618162	0.000889
255.000000	-51.389517	74.688699	0.010693
256.000000	-60.401999	-34.940071	0.008203
257.000000	64.330410	89.166175	0.021566
258.000000	82.182289	-11.249806	0.002077
259.000000	-25.613249	-75.433425	0.001420
260.000000	18.344280	-71.619062	0.016090
261.000000	71.420983	-76.004233	0.005063
262.000000	32.315182	-4.736387	0.002275
263.000000	-70.036354	6.448529	0.008175
264.000000	-72.834073	78.545402	0.001209
265.000000	-69.951522	-7.092691	0.002984
266.000000	-14.367068	16.327468	0.059492
267.000000	-71.580628	-18.063798	0.003213
268.000000	-88.522709	80.149668	0.006344
269.000000	-27.697021	-24.360427	0.009199
270.000000	-61.782780	30.332064	0.006780
271.000000	28.399674	-17.090472	0.052311
272.000000	-27.974304	81.933331	0.015776
273.000000	-64.861170	70.825157	0.009153
274.000000	-21.568492	-15.084248	0.042354
275.000000	-64.100880	-33.504356	0.024235
276.000000	-25.728159	-83.418950	0.002505
277.000000	47.531593	-24.069704	0.000655
278.000000	-60.342788	21.404697	0.005610
279.000000	76.528197	-64.370166	0.011359
280.000000	-58.019380	-83.998831	0.020046
281.000000	-30.655834	-65.943930	0.018920
282.000000	-87.845741	14.021047	0.003608
283.000000	-82.896120	-39.007342	0.006039
284.000000	-69.814802	66.792470	0.011017
285.000000	64.200252	69.433220	0.004317
286.000000	-54.920049	32.942227	0.003004
287.000000	87.864188	-13.044107	0.002088
288.000000	73.275621	64.683181	0.007229
289.000000	-67.545658	15.205938	0.089354
290.000000	-74.510525	-35.585098	0.028518
291.000000	-22.999065	-5.207881	0.010538
292.000000	-88.834073	45.839720	0.002680
293.000000	82.958869	-21.652723	0.002343
294.000000	44.426944	-27.536431	0.003214
295.000000	41.347864	-57.359961	0.004396
296.000000	-64.702916	-8.448046	0.018312
297.000000	73.082489	60.309359	0.006255
298.000000	-87.338909	-74.772338	0.000887
299.000000	71.640471	-23.097476	0.004410
300.000000	-47.700742	13.910241	0.002603
301.000000	58.913102	41.030092	0.004366
302.000000	79.569971	-60.100880	0.003451
303.000000	-75.499726	55.945656	0.003910
304.000000	64.001169	89.119227	0.003786
305.000000	-73.001530	86.439289	0.004670
306.000000	-30.110316	11.231776	0.008657
307.000000	-36.448046	-78.905394	0.004291
308.000000	34.905569	-79.892484	0.012678
309.000000	-68.364179	61.049722	0.004641
310.000000	89.294175	85.207229	0.000978
311.000000	-62.128225	-89.194090	0.010037
312.000000	49.160221	22.707217	0.002082
313.000000	-50.833605	-74.403868	0.003319
314.000000	60.364105	-3.085157	0.008025
315.000000	-21.845741	73.585797	0.000498
316.000000	-86.140441	-33.447416	0.002009
317.000000	-69.142151	-36.224780	0.009173
318.000000	-36.742266	46.010377	0.003521
319.000000	-60.890394	-24.940998	0.011735
320.000000	-16.799967	-9.620277	0.014889
321.000000	-37.565589	-44.876504	0.004120
322.000000	-50.082392	53.757635	0.001544
323.000000	-5.642212	23.111312	0.044809
324.000000	-37.660364	76.663643	0.008059
325.000000	66.110014	58.798357	0.012348
326.000000	-26.371939	68.665861	0.001243
327.000000	-64.698319	-70.522795	0.006781
328.000000	-78.750103	-60.780588	0.000609
329.000000	87.040357	-80.577164	0.002759
330.000000	-28.057985	-22.264302	0.074342
331.000000	73.481936	54.243280	0.003282
332.000000	-51.966750	-4.208000	0.001010
333.000000	-36.766599	-81.414166	0.003816
334.000000	-85.847462	72.668644	0.009223
335.000000	82.234000	-11.282009	0.003310
336.000000	-23.782780	67.861285	0.001424
337.000000	-47.648180	-13.102356	0.012784
338.000000	80.053108	83.891599	0.001616
339.000000	47.348795	-24.874132	0.005313
340.000000	-76.357788	42.117568	0.001290
341.000000	-81.628341	-88.780588	0.001122
342.000000	61.680033	60.594006	0.018150
343.000000	-47.178856	-23.848327	0.003613
344.000000	-67.064269	20.670506	0.003905
345.000000	-74.016476	45.812477	0.026698
346.000000	-76.651205	-45.565394	0.045628
347.000000	54.428598	68.857883	0.013387
348.000000	-83.082166	-9.989498	0.001198
349.000000	-9.145612	43.589713	0.013873
350.000000	81.365536	70.149716	0.003315
351.000000	57.782726	-85.664993	0.001292
352.000000	-38.754660	21.600311	0.004699
353.000000	50.129718	47.295868	0.001348
354.000000	82.813503	88.161992	0.000953
355.000000	25.531539	-66.572587	0.002804
356.000000	-69.265001	39.988207	0.002779
357.000000	-86.858333	49.773983	0.001482
358.000000	-89.597456	-88.137049	0.002014
359.000000	60.491033	87.723461	0.004682
360.000000	-29.191147	-74.544364	0.006006
361.000000	72.818235	68.359508	0.003735
362.000000	37.911342	56.754093	0.002769
363.000000	-57.857924	-77.511942	0.008171
364.000000	57.182668	-55.761370	0.012844
365.000000	-13.389484	-89.869051	0.018032
366.000000	-30.525985	26.182289	0.015479
367.000000	-20.409547	-58.632089	0.022775
368.000000	-62.588296	81.170858	0.007569
369.000000	80.508286	-72.625303	0.004923
370.000000	-48.175055	13.627390	0.003193
371.000000	-61.904008	-24.469224	0.225240
372.000000	78.129718	3.782774	0.004961
373.000000	37.182707	66.251610	0.001521
374.000000	80.733258	76.053147	0.002498
375.000000	-75.753817	18.253858	0.001452
376.000000	84.194386	58.895139	0.002432
377.000000	-68.434606	-87.377155	0.004767
378.000000	-88.885838	48.713117	0.002203
379.000000	-49.675364	34.873137	0.024110
380.000000	65.509125	-67.684981	0.010242
381.000000	-27.091561	6.459187	0.007702
382.000000	-67.894562	55.254580	0.003993
383.000000	-63.254505	-79.518686	0.004102
384.000000	47.169712	-80.322817	0.002384
385.000000	-59.810191	-3.663306	0.010485
386.000000	-48.317097	40.167820	0.003770
387.000000	-84.108575	2.057791	0.035334
388.000000	-41.696901	-37.754281	0.003902
389.000000	37.799520	44.890302	0.001833
390.000000	-11.850318	62.955893	0.024885
391.000000	60.951161	83.654693	0.006109
392.000000	87.211859	25.410346	0.000598
393.000000	-90.335234	-43.817711	0.004150
394.000000	75.064559	-56.792684	0.003905
395.000000	-65.198734	2.906052	0.007637
396.000000	-86.971968	-88.234972	0.001286
397.000000	-70.525985	70.992658	0.004304
398.000000	-87.271425	-58.426979	0.042249
399.000000	62.676285	-70.623979	0.002301
400.000000	87.188708	78.231415	0.002853
401.000000	82.013493	1.510866	0.007072
402.000000	61.755363	-70.187523	0.008148
403.000000	-60.666712	4.750233	0.006170
404.000000	-58.774808	84.339636	0.003425
405.000000	-14.192926	49.988174	0.002861
406.000000	81.193358	6.855038	0.000926
407.000000	-74.338138	-0.980491	0.017655
408.000000	-25.371342	-11.424629	0.003612
409.000000	-84.113205	-77.181765	0.003099
410.000000	-28.993538	-24.380305	0.010039
411.000000	-5.521203	48.725387	0.055514
412.000000	-59.271425	-66.854998	0.010254
413.000000	30.693293	-3.300184	0.026237
414.000000	-40.562237	-66.327017	0.005648
415.000000	-77.577719	-57.175832	0.022203
416.000000	-62.169560	-88.401960	0.012337
417.000000	-44.897910	-77.047142	0.005867
418.000000	77.188708	73.669908	0.002188
419.000000	84.048478	50.722675	0.005090
420.000000	-44.507708	-18.898466	0.001731
421.000000	83.782774	-77.014863	0.008109
422.000000	89.326986	-55.886849	0.002191
423.000000	87.755262	42.605910	0.000581
424.000000	-10.236924	14.513985	0.047049
425.000000	-82.488038	19.111452	0.002202
426.000000	-60.557679	46.960576	0.004768
427.000000	-85.321902	84.547269	0.004938
428.000000	89.741386	33.190261	0.005532
429.000000	76.818235	-68.520968	0.001696
430.000000	8.474152	-81.395291	0.055268
431.000000	23.684683	-77.675085	0.004638
432.000000	81.252786	73.568478	0.002146
433.000000	-62.802012	-83.039438	1.342273
434.000000	67.565394	-40.980512	0.007577
435.000000	-66.604510	-55.750680	0.004562
436.000000	-66.027054	76.567812	0.003773
437.000000	-4.702916	-50.008917	0.048622
438.000000	-84.192946	69.437691	0.000775
439.000000	-90.399176	-89.735713	0.002194
440.000000	-51.429279	-44.018129	0.005406
441.000000	-63.785878	25.091795	0.002135
442.000000	-25.186497	6.312054	0.001473
443.000000	-85.974270	48.339597	0.011573
444.000000	-44.371679	28.285421	0.000700
445.000000	-12.666712	71.585344	0.012389
446.000000	-74.451400	-46.218826	0.025214
447.000000	-57.016637	-62.557554	0.048369
448.000000	-52.493639	-35.784649	0.005156
449.000000	-22.503130	46.280279	0.002167
450.000000	-50.616726	-46.792504	0.012712
451.000000	88.498500	-50.336369	0.001871
452.000000	-79.998798	-15.471977	0.003081
453.000000	-20.129946	65.333742	0.015254
454.000000	-72.552006	-17.602704	0.001360
455.000000	-71.645082	-60.790892	0.004432
456.000000	-76.224813	-38.276698	0.007309
457.000000	-78.271894	-82.325813	0.003524
458.000000	85.847181	-38.335234	0.002673
459.000000	-65.226483	-31.501940	0.008826
460.000000	79.316734	-15.356147	0.001538
461.000000	72.050258	66.253858	0.005236
462.000000	36.898015	-89.093807	0.009078
463.000000	85.822901	24.278211	0.231018
464.000000	-31.299174	58.526960	0.003352
465.000000	-49.645310	-50.691664	0.007168
466.000000	-31.021050	60.754565	0.010585
467.000000	-72.785232	13.701690	0.018081
468.000000	86.454376	22.419490	0.000594
469.000000	-35.767566	-49.822322	0.011474
470.000000	-23.493454	-63.034456	0.005313
471.000000	-17.592739	74.892831	0.015160
472.000000	82.508286	-23.897486	0.002024
473.000000	83.533280	-75.121902	0.003678
474.000000	40.828573	38.044356	0.002090
475.000000	-28.011826	-72.602803	0.016930
476.000000	-58.858333	29.400281	0.004083
477.000000	58.971039	44.685618	0.001735
478.000000	56.310653	-58.046956	0.018848
479.000000	-48.760209	-33.285277	0.001328
480.000000	-51.977174	-47.862521	0.000950
481.000000	-45.195830	-66.686169	0.003401
482.000000	64.990917	74.471296	0.004396
483.000000	-35.249806	-21.234163	0.002775
484.000000	-88.100880	74.416415	0.001207
485.000000	32.342593	-8.854849	0.004852
486.000000	60.354918	85.451403	0.005707
487.000000	-85.286653	16.179704	0.000897
488.000000	-77.291620	-86.562150	0.002795
489.000000	-50.451439	-45.177082	0.003241
490.000000	-27.174173	-77.873617	0.002170
491.000000	79.227713	57.978880	0.001920
492.000000	-64.463831	-63.710801	0.006625
493.000000	72.182256	79.442321	0.003256
494.000000	-28.031704	-13.592811	0.011007
495.000000	-79.798061	-13.833591	0.007169
496.000000	63.316681	79.447237	0.009872
497.000000	-86.522709	-20.201993	0.001029
498.000000	-33.301035	89.024312	0.006553
499.000000	-38.656448	-11.513026	0.006789
500.000000	-13.639410	77.917296	0.018874
501.000000	-54.507688	-87.489475	0.035669
502.000000	72.781071	-73.711151	0.003541
503.000000	-52.765118	-87.820350	0.000646
504.000000	-22.905415	-62.319101	0.016522
505.000000	-45.521324	-27.248790	0.002055
506.000000	-80.436400	-62.149682	0.004979
507.000000	-67.822355	-34.921412	0.004225
508.000000	90.498500	53.688809	0.061223
509.000000	-69.094431	-29.658131	0.007643
510.000000	89.645068	-75.386536	0.002402
511.000000	-90.663808	44.897895	0.000588
512.000000	86.771737	-27.554506	0.000831
513.000000	86.354879	72.905530	0.001680
514.000000	74.616455	-10.189385	0.004940
515.000000	-49.266742	24.580142	0.002048
516.000000	-56.475961	-6.924023	0.001106
517.000000	60.546181	87.705159	0.006592
518.000000	-30.334571	8.999273	0.006029
519.000000	-62.559420	-79.489122	0.013187
520.000000	-66.952182	-29.914772	0.003461
521.000000	-35.129875	-58.298484	0.004006
522.000000	-83.484160	-14.891684	0.006789
523.000000	-88.742531	-87.050013	0.001134
524.000000	82.386751	68.330840	0.001561
525.000000	43.871727	82.411279	0.004805
526.000000	87.316734	85.397290	0.002837
527.000000	-76.276719	-34.525898	0.003103
528.000000	-53.939267	-72.746986	0.005190
529.000000	-54.217274	-83.307201	0.002533
530.000000	-49.718846	71.472575	0.004575
531.000000	44.056017	83.787689	0.000943
532.000000	48.591894	-87.271313	0.005531
533.000000	87.050781	-6.433654	0.030072
534.000000	-83.576031	-53.371381	0.002467
535.000000	-88.962655	-19.166498	0.001237
536.000000	-77.718393	-18.255148	0.002078
537.000000	-65.889986	-25.112622	0.006526
538.000000	-54.197087	12.194878	0.004524
539.000000	-75.954426	22.053141	0.006740
540.000000	36.185696	-49.882707	0.905169
541.000000	-68.969151	-42.421471	0.007707
542.000000	-47.243873	4.730375	0.003332
543.000000	54.308657	64.435673	0.004038
544.000000	-60.396273	17.790421	0.005896
545.000000	-88.707546	-68.096158	0.000604
546.000000	-87.553244	45.635010	0.001712
547.000000	79.499779	57.735698	0.002590
548.000000	-66.123629	-46.535191	0.039734
549.000000	28.530986	-7.954107	0.010589
550.000000	-68.545496	60.910213	0.007152
551.000000	-80.811292	-56.310407	0.001712
552.000000	-35.156320	46.914558	0.015184
553.000000	82.768834	-47.581487	0.002559
554.000000	-86.771508	88.868453	0.058266
555.000000	-16.605935	36.102871	0.018118
556.000000	-79.311478	44.907748	0.040655
557.000000	66.705476	75.837356	0.002052
558.000000	88.110068	-24.553168	0.001234
559.000000	-79.334319	-69.384708	0.039788
560.000000	88.653570	88.535757	0.005403
561.000000	86.013493	-23.286659	0.095396
562.000000	62.821177	-84.562975	0.003709
563.000000	-57.850371	33.355133	0.003935
564.000000	-82.757570	63.928681	0.003113
565.000000	-75.557841	-7.396397	0.001161
566.000000	-86.581974	-33.201922	0.001307
567.000000	-69.707484	52.622845	0.021003
568.000000	-70.712196	71.252028	0.002585
569.000000	-86.388686	-79.441030	0.002189
570.000000	-77.758500	45.614748	0.002990
571.000000	69.173481	-83.717252	0.003767
572.000000	-76.399129	54.356691	0.008645
573.000000	-70.985136	-19.164840	0.001720
574.000000	83.504475	-65.459560	0.004915
575.000000	67.230233	86.421383	0.059678
576.000000	-51.684664	-28.871401	0.004667
577.000000	-69.262092	-75.916851	0.025857
578.000000	-58.145038	82.013493	0.003426
579.000000	-78.599947	55.345826	0.011288
580.000000	-38.293513	-0.789313	0.007405
581.000000	-23.545658	30.407174	0.000260
582.000000	-72.557659	76.549681	0.003223
583.000000	41.081591	-83.106306	0.004290
584.000000	79.883931	-73.886990	0.010515
585.000000	-80.031704	68.065836	0.000691
586.000000	-83.712167	31.386740	0.000854
587.000000	-64.519752	-53.390595	0.560401
588.000000	-39.319032	-32.922192	0.001832
589.000000	4.920743	62.401452	0.060376
590.000000	-76.184614	-68.792679	0.009604
591.000000	-34.761949	-35.293137	0.006316
592.000000	54.788657	-40.489009	0.002849
593.000000	81.703545	-45.977174	0.002933
594.000000	-85.056518	-43.419979	0.007697
595.000000	-72.722686	-74.658705	0.009959
596.000000	-86.547236	-64.132675	0.002603
597.000000	-20.882514	-11.423889	0.003032
598.000000	-27.969620	-44.350288	0.001274
599.000000	-65.597422	-28.813712	0.007122
600.000000	-42.441855	-37.291561	0.002627
601.000000	81.131297	84.246364	0.001640
602.000000	-88.371939	-0.993876	0.010565
603.000000	-73.166619	67.730117	0.007148
604.000000	78.761226	-71.912221	0.005495
605.000000	-64.976651	-11.452040	0.030285
606.000000	-72.782362	-33.951483	0.001364
607.000000	-46.932479	63.353620	0.001613
608.000000	-11.111246	74.908537	0.019677
609.000000	85.378697	18.685772	0.002689
610.000000	-46.740244	63.430037	0.006179
611.000000	-37.130426	-29.372867	0.120879
612.000000	-76.113205	5.703578	0.001979
613.000000	87.197935	31.516787	0.002463
614.000000	-77.986474	-22.063765	0.001524
615.000000	-62.574507	1.484845	0.005807
616.000000	-82.351975	-61.963807	0.002814
617.000000	-77.151425	42.013831	0.011568
618.000000	-39.743141	-48.117756	0.004243
619.000000	-73.904986	15.888521	0.002068
620.000000	-89.974304	-86.247594	0.006503
621.000000	80.488130	-54.471030	0.020896
622.000000	74.925393	-77.782761	0.003273
623.000000	21.289696	84.777182	0.100178
624.000000	-41.039145	-84.605335	0.020155
625.000000	-62.619562	-53.289880	0.010146
626.000000	-61.896303	-55.981906	0.039190
627.000000	-53.493454	-48.780408	0.003650
628.000000	78.226447	-52.518031	0.001436
629.000000	-45.121829	22.159826	0.028517
630.000000	-60.113205	19.752406	0.006957
631.000000	62.771737	-81.351517	0.006888
632.000000	-74.071319	16.161812	0.013338
633.000000	-66.298163	-33.062249	0.002902
634.000000	-29.935938	18.286577	0.011314
635.000000	20.286125	-81.113685	0.007667
636.000000	-72.993932	16.663731	0.004677
637.000000	-67.957296	-69.221839	0.002437
638.000000	-48.244705	12.830280	0.005782
639.000000	-62.339878	4.140442	0.082170
640.000000	-57.453819	79.676572	0.003604
641.000000	-67.118992	31.315664	0.004205
642.000000	88.256646	28.660894	0.001933
643.000000	-26.424216	35.400933	0.279412
644.000000	-66.152819	-63.218848	0.025553
645.000000	75.417215	83.000371	0.009413
646.000000	-73.453819	-87.883723	0.008055
647.000000	75.787371	-14.538095	0.002198
648.000000	-64.157377	-35.971361	0.005423
649.000000	-90.149682	-76.639952	0.001562
650.000000	-77.929514	-78.745473	0.001426
651.000000	-70.612044	-8.979926	0.004733
652.000000	-32.947532	64.836231	0.008107
653.000000	79.131276	-79.169490	0.004894
654.000000	80.070486	75.175168	0.007123
655.000000	-21.337130	-52.847430	0.009171
656.000000	18.471122	-4.109556	0.001243
657.000000	68.625716	-33.394129	0.011186
658.000000	68.852447	68.847599	0.004438
659.000000	61.646809	81.859612	0.042761
660.000000	50.229410	-8.266115	0.008116
661.000000	-60.542658	81.069242	0.074355
662.000000	-73.748037	29.849341	0.001013
663.000000	-71.785650	-87.046977	0.008183
664.000000	76.914843	77.924031	0.005131
665.000000	56.708439	61.047374	0.007639
666.000000	-87.756720	-67.094470	0.000546
667.000000	-18.490962	39.739308	0.003038
668.000000	-60.789882	80.792470	0.010142
669.000000	86.295425	42.218811	0.001522
670.000000	62.693146	75.282045	0.021969
671.000000	-79.311532	4.139577	0.134967
672.000000	-68.915791	-75.479510	0.003441
673.000000	39.348714	-85.691255	0.007403
674.000000	-29.415747	23.249071	0.010969
675.000000	66.357788	-62.218218	0.006488
676.000000	-59.954426	-69.329494	0.009282
677.000000	-69.211255	-64.190055	0.002289
678.000000	72.621066	-79.092657	0.014223
679.000000	-80.096230	-7.105068	0.016893
680.000000	-40.562237	-19.315072	0.002993
681.000000	66.708380	-70.250146	0.004048
682.000000	-88.794458	-71.094311	0.001965
683.000000	-55.158972	-70.366796	0.005398
684.000000	-83.682956	-69.000162	0.002720
685.000000	-17.959076	-23.196993	0.011519
686.000000	60.971039	-56.496683	0.003515
