Thin Section: 	C:\Ice Data\2017-03-08-Wed\15.02 1259  VTS SPICE

Results: 	C:\Ice Results\2017-03-08-Wed\15.02 1259  VTS SPICE\2017-03-13-Mon, 11.42

Sequence Angles: 
xi	phi inner
0	0
45	0
45	-45
45	-90
45	-135
45	-180
45	-225
45	-270
45	-315

Threshold: 
45.000

Grain #		theta		phi	Rsquared

0.000000	-45.669644	-40.810860	0.004218
1.000000	-52.598217	-52.125121	0.003477
2.000000	-51.071620	-57.297274	0.005222
3.000000	70.705476	89.274303	0.084654
4.000000	-52.357523	56.723811	0.026918
5.000000	-38.981633	-49.763696	0.003233
6.000000	-81.810244	-41.109544	0.001389
7.000000	-71.086878	-58.268952	0.014280
8.000000	-70.235411	81.698640	0.010006
9.000000	-34.430712	2.994300	0.003314
10.000000	-50.879022	-12.090190	0.000886
11.000000	-40.547796	70.130231	0.002435
12.000000	-83.211376	-82.234320	0.003956
13.000000	-60.351975	-44.937973	0.003060
14.000000	-47.929514	60.722762	0.010009
15.000000	-67.648039	61.637762	0.006150
16.000000	-61.647932	66.047705	0.001986
17.000000	-59.036515	-47.391132	0.006664
18.000000	78.402544	70.914902	0.003507
19.000000	-46.200964	57.180319	0.007153
20.000000	-71.536290	-60.519871	0.013838
21.000000	-61.476607	71.471111	0.006727
22.000000	-55.239223	78.047705	0.004697
23.000000	-27.674221	38.102979	0.000797
24.000000	-25.652777	59.729427	0.001203
25.000000	-66.322904	-56.760671	0.005083
26.000000	-49.480978	34.173354	0.000861
27.000000	-32.498429	12.088623	0.010128
28.000000	-37.063970	-7.927443	0.005668
29.000000	77.357956	68.620260	0.026420
30.000000	-47.639303	61.035543	0.003210
31.000000	-73.024824	-73.827584	0.014865
32.000000	-51.959037	-36.093288	0.002132
33.000000	-66.554841	-79.937526	0.012399
34.000000	-75.674273	-1.236619	0.002558
35.000000	-51.214602	66.799049	0.003891
36.000000	-74.538029	83.022326	0.024081
37.000000	-53.375992	-57.545483	0.060582
38.000000	-90.092539	-74.080109	0.051136
39.000000	-53.750946	-68.657302	0.005211
40.000000	61.519841	-72.431522	0.009671
41.000000	-85.514813	-65.226522	0.048716
42.000000	-46.888741	-40.432049	0.003344
43.000000	-40.051441	-43.954392	0.008915
44.000000	-77.543917	-79.080507	0.006147
45.000000	-42.624120	69.064758	0.001558
46.000000	-87.716899	-88.596241	0.000818
47.000000	78.304719	-85.929514	0.000829
48.000000	-76.716606	90.442112	0.000166
49.000000	-55.592772	32.518398	0.009028
50.000000	60.300069	-76.350201	0.005173
51.000000	-61.368471	26.838185	0.014180
52.000000	-49.242667	62.122716	0.013875
53.000000	-43.977174	72.304719	0.001249
54.000000	-79.426243	-75.317291	0.015008
55.000000	-49.371303	-29.676268	0.004745
56.000000	-26.766864	-18.908937	0.002930
57.000000	-50.465314	64.472312	0.014901
58.000000	-69.411097	79.807234	0.000595
59.000000	-74.893371	-75.572928	0.003260
60.000000	-40.739210	51.776748	0.002458
61.000000	-90.230496	-63.645029	0.001803
62.000000	-51.481130	47.032836	0.005683
63.000000	-74.302328	-59.926976	0.002320
64.000000	-46.663305	73.291189	0.362717
65.000000	-49.294021	21.181506	0.006074
66.000000	-43.526007	69.919036	0.003221
67.000000	-40.684336	34.531630	0.009990
68.000000	-46.897097	63.219578	0.021641
69.000000	-45.013766	60.151727	0.013800
70.000000	-49.748037	47.214822	0.003163
71.000000	-51.464204	66.062959	0.004310
72.000000	-33.231166	-69.578617	0.006332
73.000000	-60.707182	-66.848826	0.006305
74.000000	-61.441516	84.105457	0.001327
75.000000	-47.778318	-35.746030	0.002978
76.000000	-48.212576	42.030500	0.002370
77.000000	-51.536411	59.542033	0.002533
78.000000	-42.986296	36.777466	0.002763
79.000000	-81.053456	-74.177659	0.014738
80.000000	-86.244658	84.529944	0.002043
81.000000	-54.388686	-64.060231	0.008045
82.000000	-67.244341	55.036182	0.004772
83.000000	-27.368471	-19.642192	0.003318
84.000000	-32.551932	31.688655	0.012299
85.000000	-36.853637	-24.060735	0.004707
86.000000	-86.715132	-87.854929	0.019638
87.000000	-34.695502	-27.753530	0.003944
88.000000	-56.079364	-62.754699	0.025248
89.000000	78.357788	-76.456083	0.003845
90.000000	-71.484160	-74.661647	0.003928
91.000000	80.480537	-84.871613	0.006024
92.000000	-41.082035	-7.512142	0.001424
93.000000	-79.607885	-85.386596	0.119621
94.000000	-61.131567	-58.038107	0.011133
95.000000	-51.773408	79.151173	0.007105
96.000000	-42.096197	24.214317	0.003704
97.000000	-55.289880	72.010535	0.015514
98.000000	-47.388310	57.450233	0.004120
99.000000	-73.798008	40.376309	0.016542
100.000000	-75.091561	83.395671	0.003187
101.000000	-68.944629	89.163184	0.015837
102.000000	-82.868724	-72.582832	0.006630
103.000000	-58.409553	45.908432	0.002798
104.000000	-33.294524	-7.984356	0.007738
105.000000	-51.224116	56.164722	0.015174
106.000000	-35.981824	53.700641	0.020122
107.000000	-87.516553	-75.918963	0.013964
108.000000	-49.730990	66.103890	0.006009
109.000000	-36.920117	-50.188817	0.001122
110.000000	-44.076002	-15.917244	0.002394
111.000000	-25.506130	21.824945	0.006058
112.000000	-63.094485	-60.609366	0.006956
113.000000	-50.135812	-41.650895	0.008479
114.000000	-75.195830	-81.495821	0.005488
115.000000	-62.941599	-84.973924	0.013883
116.000000	-33.874839	-5.672340	0.006492
117.000000	-44.934225	-26.906100	0.001982
118.000000	-51.879382	-67.415262	0.005477
119.000000	67.392601	-86.321130	0.001974
120.000000	-35.811931	62.032619	0.005976
121.000000	-29.050498	-33.093967	0.005016
122.000000	-45.632986	-46.564927	0.005457
123.000000	-77.401682	87.513617	0.002646
124.000000	-34.996880	-15.842812	0.050147
125.000000	-23.867339	-19.115121	0.022888
126.000000	77.762809	-88.235411	0.002805
127.000000	-37.758374	52.945291	0.005662
128.000000	-50.636217	59.097809	0.004075
129.000000	-41.245118	-38.953524	0.003250
130.000000	-33.448977	-38.366395	0.021168
131.000000	-60.043887	31.980620	0.020139
132.000000	-27.814802	-28.110986	0.022798
133.000000	-66.542658	-66.769773	0.006429
134.000000	-76.897861	-78.563789	0.004108
135.000000	-56.399143	53.341162	0.005471
136.000000	-61.228263	-72.913780	0.008991
137.000000	-77.605575	61.250023	0.008368
138.000000	-38.236606	-44.916750	0.003122
139.000000	-49.074574	63.745191	0.001783
140.000000	-47.024190	32.858937	0.064405
141.000000	-42.581974	4.568495	0.006706
142.000000	-89.571348	86.662778	0.003284
143.000000	-75.857871	74.520523	0.011959
144.000000	-61.386536	89.227521	0.010073
145.000000	-75.613249	-82.305213	0.002274
146.000000	-76.063798	-70.113205	0.002489
147.000000	-50.003481	56.278245	0.002579
148.000000	-65.241717	-63.120122	0.006873
149.000000	-79.741453	82.003408	0.000515
150.000000	-67.504389	-60.915791	0.006802
151.000000	-60.639280	-59.709929	0.006514
152.000000	-50.837804	61.750379	0.005342
153.000000	-73.713908	89.145485	0.049739
154.000000	-75.805614	-77.462503	0.005459
155.000000	-76.841977	-77.154295	0.007938
156.000000	-63.616192	-83.885336	0.016331
157.000000	-58.113205	56.110014	0.008916
158.000000	-57.262059	41.054406	0.041535
159.000000	-72.725769	59.510779	0.020131
160.000000	-64.498429	57.742300	0.009430
161.000000	-41.509000	-46.170231	0.003280
162.000000	-49.316040	-51.403897	0.002490
163.000000	82.552584	-89.687781	0.002598
164.000000	-65.461340	-68.011787	0.012856
165.000000	75.135920	-80.661647	0.051778
166.000000	-74.179970	55.570057	0.045358
167.000000	-49.166619	69.294408	0.002845
168.000000	-77.877782	-61.426243	0.045371
169.000000	-33.345651	44.284379	0.006825
170.000000	-38.540387	-7.216184	0.009387
171.000000	-44.489009	-55.379248	0.003026
172.000000	79.137017	83.733021	0.006614
173.000000	-62.565093	-76.725509	0.010996
174.000000	-28.181744	-26.443986	0.020103
175.000000	-46.207947	45.059982	0.002505
176.000000	83.209327	79.752757	0.006718
177.000000	-68.688015	-64.599772	0.003202
178.000000	-52.409214	-55.150016	0.004227
179.000000	-75.430442	88.613545	0.015722
180.000000	-26.051441	32.045608	0.003637
181.000000	84.868804	-72.528170	0.004807
182.000000	-70.071319	-71.354022	0.038491
183.000000	-77.038593	-71.257442	0.001648
184.000000	82.028600	-87.733972	0.001799
185.000000	-39.642173	-32.796304	0.000816
186.000000	-44.841520	-25.521130	0.003877
187.000000	-58.411293	87.473057	0.001396
188.000000	-66.649517	61.152667	0.004872
189.000000	-40.596077	28.820757	0.001491
190.000000	-22.273635	-32.056403	0.003483
191.000000	-90.006385	-85.164879	0.005016
192.000000	-61.166619	84.925447	0.002084
193.000000	-45.536378	-15.545496	0.001171
194.000000	-85.191147	88.240245	0.101845
195.000000	59.747809	85.222283	0.013031
196.000000	-43.617737	39.855054	0.002658
197.000000	-65.306848	-49.609174	0.007039
198.000000	-42.424250	28.828398	0.004129
199.000000	80.517619	-78.367068	0.007372
200.000000	-62.439342	56.537497	0.010841
201.000000	-67.452099	-47.362035	0.007160
202.000000	-52.224827	51.901709	0.004339
203.000000	81.928681	79.779817	0.005242
204.000000	-30.628353	41.120509	0.009483
205.000000	-85.817711	-86.935441	0.004925
206.000000	66.312394	81.933365	0.020124
207.000000	-48.986107	51.387079	0.008005
208.000000	-81.692410	-74.369971	0.001272
209.000000	-66.605706	-48.338105	0.011552
210.000000	86.137499	70.810594	0.023762
211.000000	-30.186394	8.905689	0.010200
212.000000	-56.890467	-46.915524	0.002826
213.000000	-40.285335	10.244691	0.003568
214.000000	-40.031704	-20.192173	0.008251
215.000000	-44.750070	-67.329494	0.004248
216.000000	-65.838188	74.625749	0.002872
217.000000	-50.979787	66.955959	0.003106
218.000000	-54.905348	-27.903856	0.019463
219.000000	-46.296417	-50.673617	0.028226
220.000000	-35.583318	41.465096	0.003507
221.000000	-90.829423	-83.302024	0.002357
222.000000	-40.790727	12.463589	0.007305
223.000000	-87.805561	-82.960882	0.002514
224.000000	64.678059	7.550254	0.486038
225.000000	87.661895	-87.514813	0.010851
226.000000	-53.758500	44.734999	0.001418
227.000000	-73.371342	-62.229477	0.003487
228.000000	-80.264341	-75.172399	0.000560
229.000000	83.654348	73.870433	0.005914
230.000000	-51.065228	-49.091561	0.002169
231.000000	-48.200446	66.368788	0.003190
232.000000	-48.249335	50.282430	0.004219
233.000000	-42.085755	10.857589	0.006803
234.000000	-20.547303	-5.165875	0.028513
235.000000	-58.261470	68.653498	0.062642
236.000000	-47.039544	51.120542	0.001776
237.000000	-22.160286	-54.580233	0.006841
238.000000	88.579569	-80.534409	0.006455
239.000000	-42.579070	43.022978	0.005396
240.000000	-37.067020	64.406363	0.008648
241.000000	-82.306043	-76.586556	0.001592
242.000000	-38.190004	-18.352873	0.004830
243.000000	-85.479477	-73.798008	0.002866
244.000000	-43.778318	51.906960	0.003593
245.000000	-36.125369	-15.654230	0.003861
246.000000	-71.154295	-76.572414	0.004650
247.000000	-63.351113	81.603901	0.004644
248.000000	-32.782362	61.462238	0.014773
249.000000	-45.600326	25.229996	0.002505
250.000000	62.367048	83.091975	0.009318
251.000000	-46.253964	64.350181	0.004735
252.000000	-54.829476	-41.066376	0.001048
253.000000	86.608780	-89.613321	0.020051
254.000000	-50.616726	68.984930	0.001759
255.000000	-42.436492	38.217851	0.004868
256.000000	-77.680053	-64.212543	0.002161
257.000000	-50.093342	-35.832480	0.002438
258.000000	-59.785911	84.795453	0.006100
259.000000	-46.233921	-8.498269	0.002171
260.000000	-46.806212	74.187150	0.001752
261.000000	-63.694151	-78.419566	0.024083
262.000000	-77.613288	-65.543937	0.000933
263.000000	-85.934197	77.610098	0.003399
264.000000	-65.677110	88.623164	0.003987
265.000000	-75.647992	-54.533379	0.003487
266.000000	-43.441516	66.550613	0.005146
267.000000	-57.543931	-54.525452	0.214435
268.000000	83.903803	-61.978953	0.000435
269.000000	78.475733	70.286290	0.016624
270.000000	47.206064	78.356410	0.004496
271.000000	-66.284252	-76.866864	0.066069
272.000000	-51.533561	-40.001363	0.024032
273.000000	-55.859612	-17.126513	0.006402
274.000000	-44.917038	28.785238	0.003451
275.000000	-50.599914	70.586573	0.001166
276.000000	-62.917511	57.368533	0.007096
277.000000	-49.592793	-35.456569	0.009075
278.000000	-46.200480	70.336727	0.015137
279.000000	-43.178823	-44.321295	0.003281
280.000000	-82.683266	-78.069685	0.002118
281.000000	-54.253481	-10.217046	0.015497
282.000000	-56.591427	85.046959	0.001217
283.000000	-66.965559	-71.985965	0.004000
284.000000	-45.189865	59.540346	0.005758
285.000000	-35.269733	13.391795	0.005820
286.000000	-73.563621	62.734999	0.003274
287.000000	-30.093288	35.211989	0.027267
288.000000	-80.152819	86.910213	0.001679
289.000000	-40.203350	-64.190427	0.005028
290.000000	-50.371679	-85.969181	0.002893
291.000000	-64.671274	-46.733236	0.001768
292.000000	72.810594	-77.455003	0.003987
293.000000	-46.293010	71.515587	0.515772
294.000000	-82.043941	89.081392	0.003372
295.000000	85.864241	-81.260351	0.030563
296.000000	-68.612044	-65.352441	0.003967
297.000000	-73.476568	-80.604112	0.012758
298.000000	-39.208936	-48.306585	0.005043
299.000000	-41.998831	-28.762253	0.001730
300.000000	-41.919051	50.830510	0.007374
301.000000	-58.075969	78.218913	0.005287
302.000000	-49.830595	-57.268689	0.009617
303.000000	-60.539749	-65.967567	0.004165
304.000000	-22.722599	-41.471464	0.003034
305.000000	-47.010824	10.912127	0.002692
306.000000	-41.981824	60.907256	0.001932
307.000000	-39.398740	-14.936895	0.002520
308.000000	-35.039420	-2.501998	0.007389
309.000000	-88.831169	72.532886	0.002706
310.000000	85.625418	63.379876	0.001206
311.000000	-73.441516	70.293478	0.002229
312.000000	87.115909	83.716207	0.003204
313.000000	-50.891117	54.809078	0.004289
314.000000	90.628658	-78.685995	0.001848
315.000000	-68.377666	-82.891457	0.013549
316.000000	88.125068	86.717991	0.003856
317.000000	-37.537944	45.017531	0.005721
318.000000	-77.375992	75.573021	0.003341
319.000000	-47.994148	-43.516592	0.001784
320.000000	-72.999065	-47.348593	0.001937
321.000000	-55.195830	35.850338	0.012864
322.000000	-76.377666	-86.006385	0.014459
323.000000	-49.436832	30.980727	0.002455
324.000000	-33.652810	53.697597	0.007390
325.000000	-76.881188	-66.335054	0.001402
326.000000	-44.344025	-51.314228	0.035490
327.000000	-89.053489	-82.572554	0.001315
328.000000	-45.334385	-67.467470	0.028268
329.000000	-53.053522	-65.879666	0.007599
330.000000	-40.244685	59.170911	0.001848
331.000000	-43.453819	46.660860	0.007655
332.000000	-37.065780	24.498520	0.008100
333.000000	-60.959643	65.022499	0.012815
334.000000	-56.739607	46.872643	0.013123
335.000000	-60.662067	-58.871613	0.008422
336.000000	-88.649517	-85.712167	0.002051
337.000000	-41.358945	-32.554207	0.004205
338.000000	-69.842871	78.820014	0.005005
339.000000	-38.518031	23.211825	0.005253
340.000000	-31.432149	79.632992	0.009847
341.000000	-52.756816	60.450718	0.003032
342.000000	84.112971	73.557874	0.015190
343.000000	-47.896269	39.698142	0.016578
344.000000	-75.978953	-72.252244	0.004309
345.000000	-48.920208	66.507538	0.013075
346.000000	-90.318260	-81.721755	0.000702
347.000000	-47.632986	47.222496	0.007963
348.000000	-75.766000	82.875261	0.001626
349.000000	-67.687606	66.879878	0.007732
350.000000	-80.639207	-79.408864	0.002237
351.000000	-63.699964	53.911336	0.016995
352.000000	-35.891619	38.305715	0.077212
353.000000	-59.411064	-62.339597	0.010257
354.000000	-75.974304	74.803007	0.003658
355.000000	-49.981824	-77.885336	0.003246
356.000000	-55.516553	69.652742	0.001197
357.000000	-39.557841	64.038831	0.002386
358.000000	73.464815	-80.619296	0.009946
359.000000	-43.533561	-27.460857	0.002001
360.000000	-49.743407	49.597441	0.003292
361.000000	-66.043887	68.940665	0.042866
362.000000	-52.467978	-75.476798	0.017953
363.000000	-67.697021	-66.998687	0.003900
364.000000	-34.888350	-0.867438	0.004281
365.000000	-37.854788	-43.674407	0.004831
366.000000	54.788712	85.232291	0.037927
367.000000	-73.066987	66.556118	0.010092
368.000000	75.940885	-86.264374	0.001330
369.000000	-53.209596	-56.162905	0.002029
370.000000	-50.164471	68.018641	0.008953
371.000000	-57.420431	66.003408	0.008825
372.000000	-61.681827	-75.198197	0.010463
373.000000	-32.971054	-52.672206	0.012265
374.000000	-42.077742	16.269091	0.003292
375.000000	-77.704575	78.922435	0.001062
376.000000	-25.919051	-28.632485	0.004172
377.000000	80.339597	88.820014	0.007146
378.000000	-70.604543	75.894035	0.001948
379.000000	-65.766000	73.262134	0.003689
380.000000	-40.727510	47.646203	0.010420
381.000000	-42.312447	64.189969	0.002835
382.000000	-76.365288	-22.028713	0.000941
383.000000	-44.755525	59.692769	0.002290
384.000000	86.930076	-85.731063	0.002065
385.000000	58.720934	-80.440115	0.099698
386.000000	-40.692665	48.028286	0.179777
387.000000	-57.839962	-48.962224	0.006583
388.000000	-58.590653	-51.257360	0.016728
389.000000	-54.350302	-50.534838	0.004984
390.000000	72.114664	-88.627029	0.001496
391.000000	-44.898958	88.850316	0.006110
392.000000	-82.108575	82.396199	0.002462
393.000000	-48.850166	-9.880334	0.008323
394.000000	-77.877716	78.500733	0.010568
395.000000	-79.086931	-82.566692	0.002114
396.000000	-65.568492	68.091494	0.001097
397.000000	-81.778150	-85.814841	0.008825
398.000000	-38.501225	52.372992	0.005677
399.000000	-39.331727	52.023677	0.016315
400.000000	-51.711151	12.466687	0.004264
401.000000	-78.391643	-80.797909	0.006026
402.000000	-46.701083	39.302291	0.002927
403.000000	-55.228229	-52.090737	0.014029
404.000000	-69.551524	-44.912953	0.001824
405.000000	-24.080652	30.057791	0.002859
406.000000	80.951249	84.645666	0.003316
407.000000	-48.184614	49.523141	0.003757
408.000000	-34.202220	-23.444507	0.007983
409.000000	-46.853584	42.592379	0.005883
410.000000	-39.981824	30.085560	0.002866
411.000000	-37.556028	-12.147956	0.005689
412.000000	-43.603235	45.510779	0.002271
413.000000	-68.140441	-67.558971	0.003630
414.000000	73.126713	-75.569559	0.001271
415.000000	88.382068	-65.199018	0.000918
416.000000	-78.518079	-81.237443	0.010036
417.000000	-52.096230	-23.870021	0.023338
418.000000	-66.659158	-70.128219	0.007075
419.000000	-24.229409	8.552584	0.006420
420.000000	-63.870021	84.557234	0.001452
421.000000	-63.657460	-64.186174	0.003348
422.000000	-19.731029	-3.933858	0.014905
423.000000	-74.525979	75.091975	0.002245
424.000000	-53.625399	47.248331	0.002161
425.000000	-77.966770	-65.687606	0.010974
426.000000	-57.541061	63.974682	0.004692
427.000000	-71.469068	-55.967866	0.003437
428.000000	80.737941	-87.227153	0.010451
429.000000	-79.101985	-63.702342	0.002175
430.000000	-33.278979	-53.718565	0.010561
431.000000	-90.076002	-88.252191	0.003063
432.000000	-60.066669	49.434854	0.019670
433.000000	-50.616480	-56.889688	0.023940
434.000000	81.207214	89.355278	0.005925
435.000000	-71.163749	72.896721	0.003135
436.000000	-66.616653	-69.731029	0.007402
437.000000	-42.868752	12.462401	0.004773
438.000000	-36.426029	7.667995	0.011411
439.000000	-56.330425	53.200539	0.018427
440.000000	-86.924394	80.905569	0.008929
441.000000	-55.119291	73.084116	0.038948
442.000000	-59.331235	38.431594	0.031294
443.000000	-30.929596	18.318377	0.005476
444.000000	-35.386449	10.977276	0.006902
445.000000	-39.496817	-13.515988	0.003632
446.000000	-54.574420	84.845738	0.001452
447.000000	-47.533528	66.289930	0.002573
448.000000	-41.179135	-52.590625	0.001137
449.000000	-41.753778	32.833184	0.003737
450.000000	-44.176664	-33.443862	0.006426
451.000000	-53.022484	53.270713	0.003166
452.000000	-55.177082	72.996934	0.008341
453.000000	-58.068448	-61.109718	0.008371
454.000000	-71.048806	-74.090737	0.001628
455.000000	-11.319032	21.688916	0.015979
456.000000	-87.061360	-71.465055	0.006536
457.000000	-51.195830	71.419985	0.001948
458.000000	-64.890434	66.236044	0.002253
459.000000	85.297031	-80.391536	0.000876
460.000000	-60.488038	-62.335054	0.008992
461.000000	65.595163	-72.850166	0.026090
462.000000	68.740812	-73.177164	0.001815
463.000000	-58.988854	-56.372630	0.010374
464.000000	-31.143871	26.342888	0.011740
465.000000	-36.315338	-55.695049	0.009614
466.000000	-68.939907	-61.363821	0.003530
467.000000	-29.677144	19.897026	0.013333
468.000000	-41.723437	-0.008824	0.006856
469.000000	-28.312447	-43.738724	0.012708
470.000000	-60.616694	62.399075	0.005325
471.000000	-50.296164	66.629028	0.005306
472.000000	-84.084014	-77.389479	0.001220
473.000000	-45.637615	42.305125	0.002613
474.000000	-50.634453	78.550903	0.003985
475.000000	-51.391220	-47.566292	0.003948
476.000000	-52.964327	81.527878	0.006898
477.000000	88.335001	80.569592	0.006646
478.000000	-54.735680	80.326158	0.030271
479.000000	-32.785232	32.977569	0.010684
480.000000	-77.798061	80.201939	0.002185
481.000000	-44.327521	-46.125121	0.004013
482.000000	-49.516553	-56.944449	0.009239
483.000000	-39.191147	30.227824	0.004315
484.000000	-67.504376	79.525780	0.001859
485.000000	-55.359017	-56.037987	0.023717
486.000000	73.519430	83.070789	0.007978
487.000000	-57.201922	56.925447	0.111406
488.000000	-79.954392	88.980454	0.003792
489.000000	-44.303617	-59.960513	0.237997
490.000000	-72.920421	62.065836	0.007228
491.000000	-75.885336	-68.740823	0.001600
492.000000	-74.788141	73.891425	0.001103
493.000000	-51.691343	-70.642926	0.012188
494.000000	-64.747160	-79.926942	0.007178
495.000000	85.747756	77.325942	0.004335
496.000000	-81.294491	63.019755	0.018434
497.000000	82.605910	-79.739394	0.000679
498.000000	-31.391220	-25.291417	0.013126
499.000000	-26.463811	31.152932	0.002748
500.000000	74.693185	78.993787	0.012470
501.000000	-39.755363	55.867204	0.007608
502.000000	-43.935938	56.421613	0.001979
503.000000	-41.525887	38.992623	0.002519
504.000000	-42.505682	7.882757	0.003343
505.000000	-53.441516	69.484652	0.004951
506.000000	-49.998831	55.506216	0.002668
507.000000	-35.259188	52.605021	0.005573
508.000000	70.362418	-79.850703	0.004653
509.000000	-90.443900	84.090703	0.004717
510.000000	-47.089627	-51.780564	0.001608
511.000000	-22.912882	-17.626780	0.006878
512.000000	-25.782741	-3.705903	0.000755
513.000000	-78.220130	-86.625217	0.006012
514.000000	-40.581974	28.167260	0.009921
515.000000	-35.560765	36.446789	0.012636
516.000000	-33.509000	15.182046	0.008008
517.000000	-67.546874	-69.437995	0.003612
518.000000	-27.144962	5.402079	0.013037
519.000000	80.330356	-89.341780	0.001212
520.000000	-88.116075	-82.517978	0.001399
521.000000	-60.449659	60.287833	0.002857
522.000000	-47.026887	-31.880101	0.010242
523.000000	63.102119	-82.667156	0.001217
524.000000	-58.371939	-57.871345	0.011422
525.000000	-70.754699	-52.839886	0.010771
526.000000	-65.432182	-68.869535	0.014463
527.000000	-79.243654	90.110160	0.001099
528.000000	-65.721755	-43.499726	0.003853
529.000000	-38.090418	-25.149612	0.004354
530.000000	62.570809	-85.198964	0.002061
531.000000	-50.006385	-52.569722	0.010297
532.000000	-23.331688	-8.920877	0.271901
533.000000	-81.750946	-60.898925	0.002438
534.000000	-74.800319	74.020415	0.003004
535.000000	-38.053181	-31.057599	0.004090
536.000000	-76.690992	58.577151	0.009022
537.000000	-43.163749	-47.344404	0.005359
538.000000	-37.252000	-32.646087	0.012592
539.000000	-72.583667	-90.080964	0.009537
540.000000	-64.890467	59.089144	0.004449
541.000000	-42.931115	-35.515025	0.005604
542.000000	-83.961946	73.718652	0.002948
543.000000	87.548600	72.724728	0.003207
544.000000	-54.555948	59.866253	0.005262
545.000000	-74.431770	67.862414	0.003214
546.000000	-54.108575	48.217220	0.003624
547.000000	-65.813061	-89.874932	0.008364
548.000000	85.968296	77.891445	0.006083
549.000000	-28.391643	-27.956166	0.010670
550.000000	76.110068	71.155571	0.006681
551.000000	-41.050013	-37.939599	0.004186
552.000000	-77.408106	81.790401	0.125755
553.000000	-41.195830	0.234039	0.004878
554.000000	58.204849	86.322856	0.004720
555.000000	-44.962602	-43.436155	0.007551
556.000000	-68.244637	64.194472	0.003028
557.000000	-63.810244	-82.705825	0.017391
558.000000	-67.672586	74.258475	0.001804
559.000000	-78.296455	78.062899	0.002806
560.000000	-33.028961	-27.714699	0.013846
561.000000	-53.674273	-48.222735	0.001884
562.000000	84.579603	-83.401344	0.000763
563.000000	-44.124866	-57.368791	0.567388
564.000000	-53.097302	-48.316944	0.009336
565.000000	87.819997	73.968296	0.003517
566.000000	-43.802619	50.454342	0.001121
567.000000	-54.984555	54.498554	0.004013
568.000000	-56.996900	-72.040978	0.012745
569.000000	-85.845688	77.819997	0.000815
570.000000	-85.274416	77.568371	0.002013
571.000000	-74.043887	-83.142130	0.005420
572.000000	-34.777210	-2.694877	0.033950
573.000000	73.035673	-88.807135	0.001221
574.000000	-42.483515	-40.271837	0.007488
575.000000	-42.824343	29.527824	0.001124
576.000000	-76.939907	85.570822	0.001818
577.000000	-43.351113	-29.126009	0.003131
578.000000	-82.160319	78.349105	0.002097
579.000000	-55.331547	-70.746372	0.014394
580.000000	-61.961946	-56.284272	0.012323
581.000000	86.725584	88.008761	0.001934
582.000000	-87.159119	82.815649	0.001970
583.000000	-22.785232	-26.466453	0.009955
584.000000	-76.116075	-73.802658	0.008167
585.000000	-69.667903	88.090364	0.007504
586.000000	-40.443689	-35.361624	0.007679
587.000000	81.413444	-89.051748	0.002209
588.000000	-25.642265	-1.859645	0.007422
589.000000	-86.873287	-79.279329	0.002261
590.000000	-65.484088	-82.106303	0.019687
591.000000	-76.177099	-78.641997	0.002942
592.000000	-43.799607	55.748838	0.021791
593.000000	-48.234281	-24.323012	0.003654
594.000000	-56.897881	47.856953	0.002663
595.000000	-51.001544	-29.775485	0.019557
596.000000	-79.877749	-79.292783	0.005494
597.000000	-50.554770	0.920303	0.010145
598.000000	-49.266742	-51.371869	0.003658
599.000000	-82.547183	-80.500055	0.001228
600.000000	-66.674111	76.581310	0.008285
601.000000	-39.516695	29.680020	0.005464
602.000000	-84.036367	-75.386455	0.001172
603.000000	-75.097302	76.219091	0.006950
604.000000	-26.186394	-26.989238	0.011444
605.000000	-52.267027	70.913282	0.001620
606.000000	-76.113205	-84.804921	0.003634
607.000000	-52.691750	80.567784	0.002974
608.000000	-59.778130	70.862533	0.004484
609.000000	83.528636	-74.663528	0.001194
610.000000	-75.045848	81.543917	0.004014
611.000000	-69.047098	80.936015	0.016996
612.000000	-50.844164	-51.367669	0.009903
613.000000	84.841055	-87.266151	0.000986
614.000000	-32.385944	-26.354212	0.232844
615.000000	-68.654141	73.348643	0.010261
616.000000	-55.226483	56.598994	0.015873
617.000000	-21.942209	23.708228	0.000205
618.000000	-33.262092	70.696196	0.000383
619.000000	-69.741492	75.257484	0.004812
620.000000	-52.927616	-10.316944	0.006393
621.000000	-53.906727	37.719315	0.005313
622.000000	-77.986507	-73.802658	0.001696
623.000000	-60.207947	48.879911	0.008488
624.000000	-78.941779	-79.590501	0.028613
625.000000	78.992658	73.039118	0.010601
626.000000	70.149682	-85.761350	0.002289
627.000000	-80.660484	80.977902	0.004612
628.000000	-67.628288	-79.507226	0.008252
629.000000	-19.770537	-45.579791	0.007305
630.000000	-25.664993	1.255659	0.005859
631.000000	-63.294491	75.054406	0.005782
632.000000	83.484825	-90.261311	0.003514
633.000000	-57.677144	37.564066	0.537864
634.000000	-37.093118	-4.687337	0.003876
635.000000	-66.624120	85.260534	0.001667
636.000000	-64.128258	-65.281975	0.005534
637.000000	-50.102621	50.546784	0.004614
638.000000	-20.320001	41.716187	0.049686
639.000000	81.260393	77.320268	0.005180
640.000000	-68.660484	-88.320001	0.027846
641.000000	-42.929323	54.459206	0.005203
642.000000	-62.177099	-59.047065	0.008318
643.000000	-32.795323	-53.661229	0.006751
644.000000	-67.608658	-76.417106	0.004244
645.000000	-25.842832	16.461152	0.004917
646.000000	-85.262059	-75.593637	0.000954
647.000000	-27.016637	35.302010	0.011464
648.000000	-53.086501	-59.695352	0.001539
649.000000	-37.436832	-32.679339	0.004076
650.000000	-44.073059	80.687798	0.001757
651.000000	-57.807269	61.169262	0.004780
652.000000	77.055443	86.940500	0.005429
653.000000	-86.483480	-85.776457	0.000587
654.000000	-71.761370	-88.851982	0.006683
655.000000	-77.024278	73.853962	0.049946
656.000000	-85.934197	-88.589426	0.035171
657.000000	-35.218842	34.305715	0.008414
658.000000	-61.041165	-85.885017	0.020368
659.000000	-60.488038	-75.610258	0.002684
660.000000	-86.571516	-71.770416	0.001018
661.000000	-59.324844	74.887552	0.001318
662.000000	-17.571342	-7.046145	0.031383
663.000000	-62.929211	-84.129784	0.007663
664.000000	-22.941758	36.315603	0.003107
665.000000	-54.624141	62.137485	0.005104
666.000000	-62.562303	-82.185159	0.060908
667.000000	-64.315317	69.202638	0.008326
668.000000	-44.202187	62.813306	0.002901
669.000000	-48.489183	57.626095	0.002917
670.000000	-78.535259	73.694137	0.001298
671.000000	-46.134146	-36.993694	0.006816
672.000000	83.126647	-88.604248	0.193635
673.000000	-43.069924	-45.324493	0.002593
674.000000	-31.505937	6.710690	0.013824
675.000000	-42.031704	43.812477	0.003407
676.000000	-34.495525	-24.976881	0.016366
677.000000	-73.199018	61.978880	0.007762
678.000000	-70.001735	81.689273	0.000965
679.000000	-85.810244	-72.757603	0.000638
680.000000	-44.673014	63.770804	0.002684
681.000000	-49.943983	-59.719349	0.012846
682.000000	-65.479438	-79.853010	0.006663
683.000000	-64.462037	82.137479	0.008627
684.000000	79.359047	76.446963	0.003997
685.000000	-25.121829	-1.340823	0.126247
686.000000	-71.553178	-85.458038	0.023706
687.000000	-31.111439	-14.742007	0.012988
688.000000	-43.899173	45.284954	0.009065
689.000000	-73.094431	-84.779056	0.005012
690.000000	-50.200480	46.177606	0.002917
691.000000	-55.628303	-52.155405	0.025538
692.000000	-75.374212	-65.244161	0.010022
693.000000	-38.936679	-28.053161	0.005209
694.000000	74.781071	-73.408897	0.001022
695.000000	-51.906766	0.665681	0.046701
696.000000	-49.767566	-54.352873	0.002784
697.000000	-58.627044	62.575392	0.018248
698.000000	-33.526007	-67.714699	0.009456
699.000000	-75.672532	-66.083555	0.002113
700.000000	-27.935938	12.279527	0.038626
701.000000	-54.249287	1.634625	0.002342
702.000000	-43.476568	2.285978	0.001613
703.000000	-51.750907	-51.714579	0.002268
704.000000	-63.444425	85.530376	0.003740
705.000000	-42.831926	51.292652	0.010835
706.000000	-63.763090	61.271423	0.022032
707.000000	87.675349	-75.218929	0.003080
708.000000	-72.071319	-66.832299	0.009984
709.000000	-65.198734	-48.830738	0.007931
710.000000	-39.557841	21.283970	0.007067
711.000000	74.543310	77.316876	0.144585
712.000000	-66.468407	-75.787391	0.005758
713.000000	-40.374810	-23.484492	0.006524
714.000000	-52.574420	44.351820	0.003683
715.000000	87.733918	86.942313	0.001993
716.000000	-52.552006	-45.960816	0.019604
717.000000	-41.674273	-44.953235	0.007523
718.000000	-68.802065	86.392453	0.007561
719.000000	-63.680053	79.133103	0.005913
720.000000	-50.448530	-43.227153	0.048805
721.000000	-58.785265	65.039491	0.001853
722.000000	-46.695020	15.673098	0.006131
723.000000	-73.820615	78.758283	0.039329
724.000000	-38.021120	50.699795	0.010682
725.000000	-67.061076	84.379445	0.006191
726.000000	-84.258561	-62.535066	0.000682
727.000000	-59.121902	75.689294	0.011982
728.000000	-36.766394	16.518997	0.021214
729.000000	52.535757	-86.066317	0.007959
730.000000	-46.475961	4.426187	0.003698
731.000000	79.896249	88.174735	0.003091
732.000000	-45.746257	-36.964665	0.008502
733.000000	-27.269645	3.154247	0.007444
734.000000	76.399635	-85.039457	0.010742
735.000000	-61.835317	30.975804	0.012338
736.000000	-58.041017	-46.992675	0.000603
737.000000	-53.942209	-43.112568	0.002258
738.000000	-35.718846	10.736333	0.003553
739.000000	-61.473697	78.818606	0.011213
740.000000	-41.283749	-33.695049	0.002817
741.000000	51.197988	-84.679622	0.002992
742.000000	-81.692431	76.025696	0.001417
743.000000	-29.380636	40.627658	0.000306
744.000000	-63.206605	-84.989684	0.013691
745.000000	-57.974304	-28.362471	0.002444
746.000000	-68.298196	65.424028	0.002661
747.000000	-48.325775	49.480902	0.001118
748.000000	-71.966750	79.494032	0.007379
749.000000	-54.807560	-34.792967	0.005419
750.000000	-55.134538	78.496133	0.004090
751.000000	-66.727510	82.204935	0.006578
752.000000	-33.770590	-38.053181	0.003074
753.000000	-62.579070	75.528970	0.001631
754.000000	-69.790489	-68.996770	0.006908
755.000000	-63.029453	-39.267093	0.003365
756.000000	-72.408423	88.322977	0.003528
757.000000	-37.592772	-12.487298	0.002924
758.000000	-43.406438	-33.702090	0.087301
759.000000	-44.399129	-20.493784	0.002292
760.000000	-48.890076	56.220382	0.002878
761.000000	-35.088531	49.420402	0.006964
762.000000	-70.301306	86.226447	0.002929
763.000000	-78.306043	-59.877802	0.001578
764.000000	-80.048570	69.752406	0.001553
765.000000	-55.556028	-51.196480	0.006330
766.000000	-36.024063	-7.487064	0.004901
767.000000	-65.902082	83.989469	0.006560
768.000000	-49.625346	-50.037413	0.015153
769.000000	-78.530615	66.105385	0.002056
770.000000	-73.474827	-84.906511	0.004496
771.000000	87.654395	-76.291772	0.000355
772.000000	-88.897947	-84.186885	0.001151
773.000000	-69.479477	88.472809	0.001032
774.000000	-65.218896	71.388024	0.003507
775.000000	-47.758407	8.292768	0.009113
776.000000	-50.551932	44.270750	0.003296
777.000000	-84.757603	72.842763	0.003480
778.000000	-51.822355	85.982553	0.007307
779.000000	-43.077516	-18.325813	0.002046
780.000000	-75.423334	-37.497116	0.001481
781.000000	-81.516520	69.935570	0.002078
782.000000	-30.258582	37.311120	0.009265
783.000000	-34.045661	-47.416418	0.004876
784.000000	-45.660136	-52.863161	0.002835
785.000000	-79.767687	83.897864	0.001152
786.000000	-73.000162	65.574621	0.006254
787.000000	-54.970034	55.379632	0.002791
788.000000	-58.572164	52.347384	0.015164
789.000000	-46.764805	-54.093321	0.003482
790.000000	-53.857924	43.738530	0.004941
791.000000	-69.374284	-71.014896	0.004064
792.000000	-32.374582	33.634749	0.010003
793.000000	-50.090418	-47.963807	0.005575
794.000000	78.282895	-69.551471	0.000591
795.000000	-29.371342	-18.469078	0.015557
796.000000	-27.715855	-22.520757	0.012154
797.000000	-66.576113	75.616084	0.001647
798.000000	-36.725292	-49.883001	0.014251
799.000000	-53.464210	59.708480	0.003268
800.000000	-80.394532	-87.519637	0.018214
801.000000	83.115903	84.882782	0.006127
802.000000	83.155571	85.143408	0.003209
803.000000	77.289497	-83.904634	0.001412
804.000000	-43.948613	-72.750010	0.004332
805.000000	-84.132870	85.017836	0.016614
806.000000	-67.852058	90.208411	0.004676
807.000000	-46.140441	68.419372	0.004098
808.000000	-69.056431	-71.394162	0.011922
809.000000	-19.807302	87.204644	0.001618
810.000000	74.266061	-83.568531	0.003566
811.000000	71.173481	63.636220	0.006999
812.000000	-36.357484	-39.062311	0.003018
813.000000	-37.501446	-27.526327	0.003071
814.000000	-39.476568	-13.121863	0.003026
815.000000	80.781152	-73.042327	0.000685
816.000000	-86.325780	-69.560750	0.000948
817.000000	84.776387	-87.934476	0.013258
818.000000	87.128459	-47.894369	0.000495
819.000000	-46.866698	-39.601137	0.005054
820.000000	-70.804948	-81.403423	0.004994
821.000000	-63.981824	75.175221	0.005737
822.000000	-56.443450	48.969875	0.001558
823.000000	-32.792453	-32.318254	0.002126
824.000000	-58.982253	77.817391	0.004639
825.000000	-62.595264	-86.722706	0.005558
826.000000	-54.924999	-43.748674	0.002918
827.000000	-81.645082	76.668951	0.001741
828.000000	-48.384036	-18.894665	0.001374
829.000000	-67.687606	79.674220	0.010137
830.000000	-71.464384	63.941291	0.059469
831.000000	-76.528170	11.202780	0.003680
832.000000	-47.935992	65.501799	0.772971
833.000000	85.337933	-70.992675	0.002279
834.000000	-31.585219	59.444105	0.004507
835.000000	-70.789829	76.768813	0.007531
836.000000	-64.434659	-70.434659	0.013310
837.000000	-53.891706	53.131137	0.004544
838.000000	-39.516520	-29.448686	0.003642
839.000000	-29.981824	0.793389	0.008122
840.000000	74.545090	-82.602202	0.011284
841.000000	-70.654114	79.242430	0.023719
842.000000	-60.164916	-65.619062	0.014914
843.000000	-34.597043	49.021219	0.006453
844.000000	85.439504	-77.389479	0.000498
845.000000	-63.882432	64.218913	0.003714
846.000000	-83.291303	-68.539405	0.004625
847.000000	-63.424541	54.280671	0.008024
848.000000	-21.111246	-10.114262	0.100083
849.000000	-60.806695	-71.524000	0.005833
850.000000	-80.367029	-54.111386	0.006552
851.000000	-41.929514	63.817127	0.004145
852.000000	-78.548028	79.923720	0.017696
853.000000	-75.468927	-64.495343	0.013554
854.000000	-80.674091	-76.043887	0.005621
855.000000	-73.151425	70.474113	0.005222
856.000000	-49.934617	21.262380	0.003620
857.000000	-41.819485	45.825931	0.007482
858.000000	-57.867151	78.753580	0.002492
859.000000	-58.024063	55.498682	0.004967
860.000000	-38.215533	-30.442159	0.004263
861.000000	-86.944662	-48.310667	0.000845
862.000000	-40.209687	45.644223	0.016036
863.000000	87.210654	76.516040	0.001297
864.000000	-41.870210	12.803499	0.003269
865.000000	89.272490	-87.519111	0.002675
866.000000	-32.401993	-51.968790	0.050809
867.000000	-84.488124	-65.583318	0.001912
868.000000	-80.006385	84.722675	0.002215
869.000000	-50.896141	89.622334	0.006000
870.000000	-37.192016	47.984009	0.000744
871.000000	-52.045628	57.058707	0.002396
872.000000	-51.145746	63.173768	0.001683
873.000000	-78.800324	-77.539341	0.003264
874.000000	-20.941758	-46.724359	0.001259
875.000000	-49.154295	57.132242	0.003468
876.000000	-67.018416	-50.365090	0.006234
877.000000	-78.973024	85.076762	0.004925
878.000000	-52.748025	37.130996	0.001974
879.000000	-77.199018	83.615066	0.001861
880.000000	-41.016637	39.732846	0.003249
881.000000	-77.758428	77.535605	0.002364
882.000000	-40.093288	37.625418	0.003080
883.000000	-42.659689	35.327987	0.001712
884.000000	-59.277325	84.013526	0.001295
885.000000	-75.389479	-60.681578	0.001277
886.000000	-28.082764	56.463710	0.005287
887.000000	-70.121004	-83.811766	0.002177
888.000000	-53.002801	36.627049	0.050856
889.000000	-62.253985	-66.443726	0.010676
890.000000	-36.958589	-12.588380	0.006889
891.000000	59.499706	76.584340	0.009043
892.000000	-51.134525	-85.690956	0.017176
893.000000	-66.660484	-56.817025	0.008356
894.000000	71.640471	75.481608	0.022193
895.000000	-81.746296	-80.288902	0.000611
896.000000	-45.239271	-9.908539	0.003881
897.000000	-35.294524	36.475947	0.007397
898.000000	-54.648980	54.035893	0.001434
899.000000	-54.475458	69.743198	0.053857
900.000000	-61.741492	75.350417	0.007488
901.000000	-31.048751	-18.962481	0.011865
902.000000	-48.392449	-63.921046	0.000437
903.000000	-74.307784	-75.585219	0.002009
904.000000	-53.398773	39.061573	0.004331
905.000000	-88.892159	-78.878869	0.003444
906.000000	-37.735713	25.605593	0.001787
907.000000	-47.322273	32.309545	0.004883
908.000000	-72.060895	-75.292783	0.009121
909.000000	-47.632986	-43.491992	0.002322
910.000000	-56.372712	-71.327876	0.002169
911.000000	-78.256874	79.700215	0.002291
912.000000	-60.890467	74.451613	0.005438
913.000000	-60.544266	-51.627437	0.002452
914.000000	-61.074574	58.667953	0.004620
915.000000	-25.838221	-10.716315	0.009724
916.000000	-65.770611	79.467571	0.534878
917.000000	-71.131163	75.108969	0.003156
918.000000	-72.276698	-69.926643	0.001051
919.000000	-38.490924	-47.112004	0.006438
920.000000	-68.917038	73.207784	0.000947
921.000000	-47.306848	-4.395358	0.001579
922.000000	-39.026111	57.725520	0.000361
923.000000	-52.590392	-45.341852	0.002545
924.000000	-32.411327	-76.850998	0.006705
925.000000	88.292516	84.850349	0.002688
926.000000	-40.285993	32.896739	0.003468
927.000000	-52.700748	-71.949738	0.002418
928.000000	-65.904986	68.602968	0.007722
929.000000	-56.253932	76.197489	0.007763
930.000000	-26.033445	12.773517	0.009811
931.000000	85.234877	-84.501457	0.000276
932.000000	-38.501119	-51.391378	0.010943
933.000000	-83.620803	56.934581	0.007893
934.000000	74.757819	75.391128	0.350748
935.000000	-45.022365	-44.637429	0.002149
936.000000	-46.834073	51.720837	0.000652
937.000000	-74.604510	-51.050013	0.007533
938.000000	-68.777717	88.062474	0.003486
939.000000	-25.183506	39.026814	0.004383
940.000000	-56.527672	-58.189983	0.007136
941.000000	-77.813061	69.084143	0.001444
942.000000	-82.646694	85.516787	0.002170
943.000000	-64.174190	72.805632	0.007139
944.000000	-70.220130	-70.313543	0.007775
945.000000	-55.733939	71.135941	0.002919
946.000000	-37.048839	29.366389	0.006629
947.000000	-43.807335	49.126700	0.002427
948.000000	-74.162007	74.234039	0.001299
949.000000	-53.819798	-87.515083	0.000499
950.000000	79.202585	80.305682	0.008089
951.000000	-50.449091	72.232161	0.000960
952.000000	-79.749167	-53.949763	0.014057
953.000000	-87.163716	85.998758	0.003828
954.000000	-25.171230	-60.896106	0.003261
955.000000	-46.815445	74.525140	0.004563
956.000000	-22.775331	-29.716548	0.015102
957.000000	-42.238931	74.006311	0.001166
958.000000	-79.643530	72.006278	0.001654
959.000000	-62.939765	69.049196	0.005654
960.000000	-67.692410	-84.968415	0.022622
961.000000	-73.645310	-75.528737	0.001218
962	grain not analyzable
963.000000	-45.239223	-41.360115	0.004666
964.000000	-40.424250	-32.362432	0.002097
965.000000	-27.681794	-19.537708	0.013645
966.000000	-44.003481	-6.987979	0.003336
967.000000	-22.982253	-23.565223	0.018148
968.000000	78.241572	80.232691	0.009686
969.000000	-77.001465	-84.315974	0.005467
970.000000	87.634923	72.088132	0.001063
971.000000	-66.949557	67.372165	0.003885
972.000000	-57.635856	41.820315	0.012286
973.000000	-60.417826	-77.426243	0.002620
974.000000	-56.750064	83.336600	0.011184
975.000000	-40.120719	-28.459127	0.001188
976.000000	-51.243921	-35.060967	0.000524
977.000000	84.166462	-76.457407	0.000811
978.000000	54.477163	-72.709995	0.001705
979.000000	-62.028713	39.868871	0.015939
980.000000	-77.044861	74.570975	0.004205
981.000000	-65.870282	-68.422476	0.020272
982.000000	-45.436773	38.865718	0.003049
983.000000	-64.755384	-64.471610	0.004363
984.000000	-52.586570	50.542939	0.109692
985.000000	-50.245981	-59.852358	0.003571
986.000000	-40.310688	-27.583213	0.001959
987.000000	-57.731029	-55.339580	0.001600
988.000000	-58.966106	-62.521050	0.005529
989.000000	-56.039237	-64.100880	0.009455
990.000000	-64.598173	-49.394162	0.000833
991.000000	57.689312	-87.643130	0.046756
992.000000	-49.198734	40.877820	0.073538
993.000000	-52.292346	-67.527444	0.009931
994.000000	-47.696934	-56.366033	0.006944
995.000000	86.636299	-84.833739	0.000673
996.000000	-75.210366	70.607978	0.006378
997.000000	-68.359582	-56.003793	0.005449
998.000000	-31.939300	8.426066	0.016245
