Thin Section: 	C:\Ice Data\2017-02-21-Tue\11.45 260  VTS SPICE

Results: 	C:\Ice Results\2017-02-21-Tue\11.45 260  VTS SPICE\2017-02-22-Wed, 10.19

Sequence Angles: 
xi	phi inner
0	0
45	0
45	-45
45	-90
45	-135
45	-180
45	-225
45	-270
45	-315

Threshold: 
45.000

Grain #		theta		phi	Rsquared

0.000000	-53.862554	-10.177099	0.119856
1.000000	76.997220	57.020425	0.002261
2.000000	-62.162007	-47.592772	0.006179
3.000000	-27.775241	-59.954353	0.008055
4.000000	-71.012026	-76.417879	0.003032
5.000000	-64.730153	6.720318	0.005133
6.000000	-78.678755	-74.769931	0.008617
7.000000	30.310653	65.560750	0.009242
8.000000	59.911323	-45.670860	0.003042
9.000000	-86.388686	-18.656732	0.000613
10.000000	45.123499	57.557233	0.005523
11.000000	28.374601	-59.697919	0.003039
12.000000	70.351873	89.246849	0.008397
13.000000	37.350483	49.767687	0.006676
14.000000	-46.634511	-60.755505	0.022064
15.000000	-90.212597	-79.080420	0.040242
16.000000	-82.291772	-87.309758	0.081732
17.000000	87.043227	-53.354334	0.004343
18.000000	-63.021461	39.355279	0.014567
19.000000	-64.846170	-14.466228	0.008389
20.000000	-37.830595	-7.429292	0.002304
21.000000	-72.542586	-62.325442	0.140286
22.000000	37.121012	79.958477	0.001782
23.000000	-79.637615	50.080949	0.002991
24.000000	84.745495	-61.632899	0.009671
25.000000	15.978880	-89.208704	0.014056
26.000000	35.138975	42.486356	0.003776
27.000000	20.775990	-80.294435	0.003820
28.000000	-79.058172	-81.752255	0.000653
29.000000	-74.616653	-26.246069	0.002539
30.000000	36.750233	-34.410820	0.006116
31.000000	-60.357484	71.379305	0.001910
32.000000	-78.234020	-32.467712	0.008234
33.000000	-81.472289	21.669596	0.000251
34.000000	86.604097	83.509112	0.001405
35.000000	57.023349	62.498781	0.008115
36.000000	-15.565388	35.034044	0.445200
37.000000	-71.825265	-81.885336	0.006011
38.000000	-84.051441	-80.184653	0.051625
39.000000	-77.447416	-59.680086	0.000720
40.000000	-64.571463	60.672139	0.010067
41.000000	43.559402	-30.477000	0.002443
42.000000	74.838064	-82.900417	0.007175
43.000000	62.668732	84.604582	0.010077
44.000000	-26.962602	27.395932	0.002969
45.000000	-37.023984	-60.971281	0.697241
46.000000	-82.513435	-76.059169	0.001887
47.000000	-29.501467	64.594006	0.002464
48.000000	53.363523	-72.982643	0.005995
49.000000	-72.276544	88.457756	0.002378
50.000000	60.422281	60.575492	0.021756
51.000000	81.313726	75.886795	0.049872
52.000000	81.401833	-59.918744	0.016554
53.000000	-39.704946	14.752798	0.001043
54.000000	-69.009083	-85.577578	0.006523
55.000000	85.911303	-54.824799	0.002765
56.000000	82.096144	61.234679	0.001614
57.000000	-20.073059	71.151208	0.006456
58.000000	-87.592772	-32.065385	0.001847
59.000000	-51.158945	38.908252	0.002220
60.000000	64.448529	-66.131162	0.005232
61.000000	-6.929575	35.084476	0.056123
62.000000	46.454376	1.806814	0.019538
63.000000	64.498500	-4.646707	0.004182
64.000000	-49.637549	-19.835051	0.003402
65.000000	-72.224813	-81.902082	0.004523
66.000000	-88.071319	-5.978953	0.001700
67.000000	-88.338105	53.464809	0.002786
68.000000	-88.256888	24.567869	0.000816
69.000000	21.407607	-63.710582	0.005076
70.000000	-89.294524	48.930076	0.002228
71.000000	75.479032	59.422724	0.003856
72.000000	62.818235	72.645945	0.004821
73.000000	-72.624141	-51.578356	0.006583
74.000000	47.918323	58.767207	0.003426
75.000000	76.850388	-77.680047	0.008013
76.000000	-79.509039	83.728106	0.022410
77.000000	-20.206870	30.209161	0.006146
78.000000	69.617637	17.604642	0.011980
79.000000	65.915986	58.061153	0.086472
80.000000	-70.530629	-56.098291	0.004110
81.000000	-73.488804	-62.342521	0.004814
82.000000	47.583284	-65.799628	0.002797
83.000000	-36.989666	-64.469252	0.005133
84.000000	76.132921	-57.689468	0.004539
85.000000	70.414869	-60.692031	0.009362
86.000000	-70.116075	85.457342	0.028646
87.000000	-56.246431	-41.846979	0.002208
88.000000	61.847181	73.439417	0.178301
89.000000	65.271423	60.140122	0.002777
90.000000	-10.519752	69.306887	0.053336
91.000000	-52.677789	72.657877	0.070345
92.000000	73.600824	37.740574	0.329339
93.000000	-52.129999	-1.850332	0.001159
94.000000	-78.773067	-70.649517	0.001756
95.000000	74.319914	-61.882345	0.001940
96.000000	15.111998	33.632494	0.013170
97.000000	39.155576	64.233483	0.005542
98.000000	58.315303	-18.801958	0.004318
99.000000	-89.114309	49.131137	0.001965
100.000000	12.736168	-59.581448	0.028378
101.000000	62.442159	-43.481097	0.010620
102.000000	-81.334298	72.803007	0.014092
103.000000	-84.686453	-68.264163	0.010517
104.000000	-67.036659	-25.897108	0.000770
105.000000	47.891605	-56.268985	0.003359
106.000000	37.758252	-26.037019	0.002288
107.000000	-84.152819	50.945348	0.003266
108.000000	59.011146	14.311597	0.006690
109.000000	16.965100	67.258343	0.515517
110.000000	82.636158	-60.912654	0.002578
111.000000	-39.986507	-34.689251	0.004162
112.000000	-36.839595	-19.094916	0.007979
113.000000	-73.986507	-76.513435	0.001713
114.000000	-88.148169	-72.200480	0.002008
115.000000	-37.713792	-33.196480	0.004340
116.000000	-38.431770	-66.331455	0.003551
117.000000	64.742640	85.574621	0.009049
118.000000	-51.154204	-64.364699	0.007263
119.000000	-84.777732	33.060074	0.000773
120.000000	63.852091	-61.543970	0.015161
121.000000	83.758252	-87.292597	0.010856
122.000000	-39.906727	55.876864	0.010419
123.000000	-83.508967	-17.787424	0.003658
124.000000	-22.194667	-60.184932	0.020091
125.000000	-75.541061	-28.177713	0.001147
126.000000	90.154312	-80.118945	0.004967
127.000000	-80.814195	46.282430	0.001853
128.000000	-41.079339	-9.536476	0.005821
129.000000	-35.488771	-68.995313	0.005833
130.000000	-77.974304	-81.234075	0.002362
131.000000	67.963633	-37.206611	0.010350
132.000000	-89.391220	43.057169	0.003009
133.000000	78.402544	-35.086757	0.003252
134.000000	-79.577772	38.917785	0.000967
135.000000	65.551470	72.289447	0.008897
136.000000	-59.319032	-21.456690	0.002597
137.000000	-49.041165	25.629523	0.001782
138.000000	-32.073092	74.752345	0.005561
139.000000	-20.474268	56.345090	0.002375
140.000000	-29.026091	-71.493269	0.007017
141.000000	54.567838	-77.917132	0.013068
142.000000	-32.880821	-71.505531	0.010020
143.000000	-46.148136	0.922517	0.004842
144.000000	66.737908	-36.310513	0.007433
145.000000	29.802463	16.344740	0.001357
146.000000	77.560697	50.703256	0.002223
147.000000	-84.240061	15.537876	0.000949
148.000000	-62.428938	60.191800	0.059173
149.000000	-31.939300	-80.040857	0.012907
150.000000	73.689294	77.325909	0.017086
151.000000	41.294127	-72.540895	0.005995
152.000000	43.101173	-85.110863	0.004798
153.000000	-70.574420	-5.638076	0.004340
154.000000	-27.218929	66.992643	0.001959
155.000000	-31.731029	-80.282241	0.010369
156.000000	67.331562	-51.190523	0.007331
157.000000	-61.139208	28.244637	0.003070
158.000000	-83.672586	-77.337222	0.002583
159.000000	-55.765967	-89.269684	0.005537
160.000000	-27.613249	-67.009421	0.062908
161.000000	3.807074	66.722675	0.118442
162.000000	-87.521203	-49.094311	0.003138
163.000000	59.528636	-18.286804	0.004313
164.000000	71.389644	60.042704	0.004203
165.000000	81.652654	-62.672603	0.002794
166.000000	67.271423	61.986454	0.052131
167.000000	88.117568	23.325909	0.000759
168.000000	-60.617750	14.734999	0.002020
169.000000	-87.565622	17.166208	0.000831
170.000000	59.923998	57.274491	0.044201
171.000000	-59.089841	15.569971	0.003183
172.000000	-76.850800	15.013893	0.000333
173.000000	-85.652903	81.891599	0.003080
174.000000	-67.254451	11.404877	0.005632
175.000000	86.268971	62.575405	0.000709
176.000000	-85.664999	-44.167786	0.001298
177.000000	-78.252244	-70.106654	0.003803
178.000000	-64.809512	67.417114	0.008877
179.000000	-84.212597	-62.264374	0.001283
180.000000	-64.668438	-32.637135	0.006638
181.000000	-82.877864	-74.108341	0.005281
182.000000	73.936202	-51.124772	0.003822
183.000000	-59.388349	-83.904701	0.023490
184.000000	80.512969	-87.897519	0.001562
185.000000	-46.566470	-4.956806	0.002349
186.000000	52.785841	-81.554109	0.003079
187.000000	-61.444473	-53.309578	0.006680
188.000000	-18.134596	-52.981705	0.007588
189.000000	-75.934197	-64.481667	0.008652
190.000000	71.513703	-59.059335	0.003674
191.000000	78.226447	67.067516	0.003666
192.000000	17.420950	-80.270561	0.003600
193.000000	-65.306795	32.367613	0.655745
194.000000	-70.147909	50.327414	0.003104
195.000000	-65.704614	28.250867	0.001289
196.000000	82.270711	-21.120089	0.007916
197.000000	-76.302846	67.081108	0.002292
198.000000	-88.565146	71.916445	0.000747
199.000000	64.253704	-79.181765	0.078400
200.000000	-42.241748	-64.700692	0.003653
201.000000	73.931552	-86.980512	0.006281
202.000000	78.908439	-62.098749	0.001330
203.000000	64.781071	13.648045	0.005224
204.000000	73.980620	-82.674111	0.004014
205.000000	46.680968	-19.736120	0.001984
206.000000	-81.726418	-14.207946	0.000853
207.000000	-42.678735	-39.690419	0.005642
208.000000	-59.476568	39.282084	0.027703
209.000000	72.653537	79.460392	0.005179
210.000000	22.563134	-36.234952	0.001609
211.000000	-58.799108	-17.811070	0.004026
212.000000	-62.056265	84.980280	0.020102
213.000000	-72.754660	45.851903	0.011738
214.000000	70.648887	-55.326585	0.020281
215.000000	57.260340	-24.267033	0.004130
216.000000	-37.592772	48.838151	0.005639
217.000000	84.281154	7.946698	0.001747
218.000000	-76.640953	43.230565	0.002324
219.000000	68.821177	-42.100614	0.006363
220.000000	29.161318	-43.282287	0.000948
221.000000	-83.616158	19.123910	0.000481
222.000000	87.708228	65.347579	0.001927
223.000000	-76.310727	60.018143	0.002052
224.000000	-67.782780	-24.474187	0.003291
225.000000	75.097489	-44.032908	0.006008
226.000000	-66.010762	-50.192772	0.006029
227.000000	52.665681	25.449809	0.025411
228.000000	78.765925	-73.721755	0.005344
229.000000	-23.131196	28.034081	0.004557
230.000000	68.870578	87.595131	0.011056
231.000000	-63.850371	-28.215533	0.001989
232.000000	39.803183	33.612515	0.001904
233.000000	-49.411064	-41.593338	0.002749
234.000000	-86.701229	-56.099101	0.001260
235.000000	89.122083	62.776421	0.050562
236.000000	-58.700132	68.530986	0.011419
237.000000	-51.290053	37.956775	0.132715
238.000000	-58.725509	-54.903727	0.012714
239.000000	-78.408423	76.200648	0.001900
240.000000	-47.283749	-43.652636	0.003698
241.000000	-82.172503	69.574621	0.001107
242.000000	88.511196	-49.966557	0.003692
243.000000	-84.920489	31.696329	0.002236
244.000000	-37.020997	-14.867361	0.005365
245.000000	-60.532282	59.447096	0.006758
246.000000	-45.593371	10.725213	0.004056
247.000000	-65.279066	-58.829196	0.007859
248.000000	56.801299	-68.206622	0.011393
249.000000	-78.718036	-21.037185	0.000647
250.000000	83.155576	81.613234	0.018232
251.000000	86.776387	-85.844384	0.001907
252.000000	81.715781	56.424055	0.005595
253.000000	-68.463778	-71.194051	0.001810
254.000000	-62.802012	-44.357696	0.037730
255.000000	72.648887	-48.244424	0.005600
256.000000	-82.619562	41.674187	0.003047
257.000000	68.930109	-83.956133	0.010194
258.000000	-53.594864	67.868508	0.002917
259.000000	39.350628	8.636907	0.005149
260.000000	57.575750	74.463622	0.010702
261.000000	11.630068	25.375861	0.020474
262.000000	-77.798008	22.468213	0.001444
263.000000	-20.993538	-62.432102	0.007226
264.000000	80.636212	-76.302993	0.003767
265.000000	-24.143042	52.878708	0.010901
266.000000	79.629801	-71.635842	0.002746
267.000000	-48.317097	29.374855	0.002856
268.000000	56.693152	72.048517	0.004793
269.000000	-27.694151	18.884987	0.002547
270.000000	-23.440201	25.412045	0.241742
271.000000	86.523432	6.394305	0.004039
272.000000	86.658181	75.963666	0.000918
273.000000	23.131363	21.072258	0.002054
274.000000	73.871795	75.540780	0.003491
275.000000	40.209532	81.366615	0.004207
276.000000	-28.766897	-81.403756	0.009248
277.000000	-78.071319	64.189842	0.010613
278.000000	-54.114945	-70.868551	0.007390
279.000000	-67.521345	-84.309896	0.003322
280.000000	72.307590	36.500274	0.002609
281.000000	-38.792231	-47.260718	0.008415
282.000000	-26.307817	44.100948	0.002119
283.000000	31.153764	-73.337953	0.011854
284.000000	-28.776959	-35.090259	0.010243
285.000000	-69.741492	-70.852015	0.016761
286.000000	27.672479	-60.522514	0.002522
287.000000	-80.422476	-58.950442	0.013894
288.000000	-58.480644	27.045565	0.003928
289.000000	-52.786490	-57.800027	0.005834
290.000000	39.033420	-8.504525	0.002346
291.000000	-34.510612	-12.844034	0.003116
292.000000	76.249093	-51.669502	0.008551
293.000000	20.229356	-40.621202	0.008113
294.000000	-88.167873	35.661895	0.000863
295.000000	-45.311390	6.414922	0.004891
296.000000	-29.461373	68.587696	0.001566
297.000000	9.122116	-52.203877	0.061088
298.000000	75.649712	-73.377155	0.008777
299.000000	-27.928384	19.702289	0.001803
300.000000	-59.143871	-60.672516	0.007983
301.000000	53.232016	70.544743	0.015449
302.000000	-30.824847	-57.114003	0.006574
303.000000	72.188069	-55.798022	0.018183
304.000000	-67.418657	-53.586489	0.022333
305.000000	85.344166	48.925426	0.002004
306.000000	46.051421	54.188447	0.006714
307.000000	60.673415	-62.440148	0.006650
308.000000	-67.951522	-36.614986	0.004078
309.000000	-89.785650	13.415224	0.000656
310.000000	-30.745155	-35.022614	0.019058
311.000000	69.143459	-70.948571	0.004993
312.000000	-78.200446	-80.972991	0.003447
313.000000	-77.351113	-1.509000	0.000504
314.000000	-59.513683	58.893245	0.004793
315.000000	71.664805	-21.491992	0.016940
316.000000	69.076748	-52.301858	0.010101
317.000000	-63.279066	-37.228900	0.012033
318.000000	-72.802065	67.513948	0.002342
319.000000	-34.113205	-66.123629	0.010178
320.000000	83.664766	-87.937526	0.004055
321.000000	83.657212	-50.007646	0.001603
322.000000	70.700826	-51.660364	0.004765
323.000000	-62.885471	-63.169102	0.006759
324.000000	-53.464210	86.406155	0.004702
325.000000	54.065836	-80.318260	0.006321
326.000000	-50.876031	54.516523	0.002190
327.000000	-30.068409	11.850318	0.002652
328.000000	82.266061	62.725666	0.001804
329.000000	-53.476568	-64.388633	0.015935
330.000000	-60.719782	60.426294	0.004185
331.000000	46.626082	62.349825	0.002105
332.000000	-41.743233	19.607116	0.003369
333.000000	-29.684697	-50.938340	0.008825
334.000000	-28.252191	-0.287089	0.002224
335.000000	76.997021	-24.565212	0.003367
336.000000	85.578654	53.213492	0.001637
337.000000	81.193358	14.188552	0.001402
338.000000	-57.001882	-15.149410	0.002811
339.000000	66.881008	58.113151	0.012346
340.000000	75.445159	37.043802	0.002222
341.000000	-78.232280	-70.677015	0.005705
342.000000	31.125670	33.393800	0.003710
343.000000	79.782774	-63.717105	0.004748
344.000000	80.722675	-76.328684	0.002046
345.000000	71.792000	45.498543	0.002180
346.000000	11.373221	-9.710689	0.010888
347.000000	-71.034774	-39.209514	0.004711
348.000000	-49.246864	51.477031	0.002295
349.000000	68.584253	17.213216	0.004543
350.000000	89.165874	-34.807473	0.005466
351.000000	21.536222	87.397503	0.013811
352.000000	-70.838756	-32.890912	0.010489
353.000000	83.716911	-71.044156	0.011440
354.000000	-34.719246	76.956051	0.004043
355.000000	64.922484	-81.120122	0.007104
356.000000	31.758252	-14.495191	0.005637
357.000000	-65.969620	-78.108555	0.011468
358.000000	-68.394479	66.980487	0.003387
359.000000	-62.737866	-58.232507	0.012186
360.000000	-44.935156	5.567439	0.006786
361.000000	44.157254	-80.749731	0.010480
362.000000	-60.386946	-25.117218	0.005721
363.000000	-59.199018	-48.507754	0.009744
364.000000	73.224062	47.135854	0.001769
365.000000	-29.021287	24.641016	0.003169
366.000000	-85.687606	4.727325	0.001057
367.000000	16.634438	-50.480978	0.011084
368.000000	68.555527	-68.471030	0.205934
369.000000	35.507312	-83.371342	0.006244
370.000000	82.410098	61.063321	0.011431
371.000000	44.711430	8.747164	0.016655
372.000000	-79.733939	-24.856665	0.002127
373.000000	-71.007624	67.664134	0.073990
374.000000	-72.579070	-54.809566	0.012773
375.000000	-27.286653	88.548443	0.000709
376.000000	-39.859612	-25.752255	0.002981
377.000000	62.697883	-58.333421	0.007974
378.000000	-83.738622	49.689273	0.001914
379.000000	-48.164964	-17.972031	0.001404
380.000000	-24.241748	-42.093411	0.001227
381.000000	-88.152819	28.105438	0.000322
382.000000	-61.565622	-33.054159	0.009620
383.000000	47.581385	-77.242121	0.004735
384.000000	-62.988854	-67.374212	0.009274
385.000000	-65.403456	35.404964	0.003049
386.000000	-64.873287	-56.424022	0.005267
387.000000	73.163018	-56.208000	0.003663
388.000000	-90.048570	-37.019546	0.009838
389.000000	-53.642173	65.879373	0.004461
390.000000	-60.332325	64.873116	0.022314
391.000000	-40.463811	46.772223	0.002364
392.000000	-52.356373	-23.421846	0.005768
393.000000	-81.589902	77.737538	0.002259
394.000000	53.548600	46.890462	0.004023
395.000000	-58.504871	-12.182555	0.004107
396.000000	16.033230	63.143408	0.011921
397.000000	28.604097	-69.416934	0.009821
398.000000	73.477339	-77.741492	0.008322
399.000000	70.315264	69.434907	0.004545
400.000000	-77.830688	-51.857871	0.003171
401.000000	-83.085157	-29.080507	0.001828
402.000000	-24.734977	-43.174843	0.001219
403.000000	15.946819	62.877766	0.004109
404.000000	-26.612044	21.991117	0.000935
405.000000	-85.899212	-80.737919	0.000731
406.000000	83.580047	65.300836	0.008772
407.000000	-73.114348	4.862533	0.003183
408.000000	-53.324014	-75.337240	0.005447
409.000000	-66.905348	37.870451	0.002159
410.000000	-64.862983	-39.045848	0.008003
411.000000	83.185838	77.314005	0.002279
412.000000	-77.001550	-64.274963	0.004483
413.000000	-15.065241	13.226826	0.006768
414.000000	25.943909	88.870578	0.000763
415.000000	35.993615	81.851831	0.004499
416.000000	-85.909636	30.837992	0.000541
417.000000	76.941861	58.513308	0.002328
418.000000	89.553164	62.927224	0.000688
419.000000	64.411818	-53.194056	0.009286
420.000000	-76.016476	-1.998831	0.001384
421.000000	-80.802012	-86.822189	0.003081
422.000000	77.425580	73.404654	0.002585
423.000000	-74.646680	-43.632938	0.004474
424.000000	-54.726915	21.559291	0.061378
425.000000	-52.496542	78.827104	0.005238
426.000000	81.583304	-57.107875	0.001877
427.000000	60.708380	66.060720	0.065061
428.000000	-79.971400	88.902626	0.007303
429.000000	-78.518064	5.358003	0.001349
430.000000	75.360787	66.336727	0.001892
431.000000	-65.071518	77.025490	0.069360
432.000000	-87.215938	81.725037	0.028027
433.000000	-67.558971	-85.904986	0.016874
434.000000	71.165927	64.566575	0.001394
435.000000	84.535757	-44.757531	0.002095
436.000000	-62.264341	71.779870	0.004428
437.000000	82.330356	52.750233	0.001975
438.000000	65.284901	-66.046439	0.040152
439.000000	-86.917598	-82.056544	0.002878
440.000000	-78.666697	53.266677	0.001006
441.000000	-24.038107	-33.906868	0.005106
442.000000	86.258508	18.404318	0.000744
443.000000	-64.394532	-67.039457	0.013346
444.000000	-83.974270	9.007325	0.000995
445.000000	-53.850318	89.039118	0.003444
446.000000	61.851831	82.747323	0.010124
447.000000	-68.692665	-48.718056	0.006177
448.000000	52.973909	-80.225672	0.009143
449.000000	75.876371	-81.848645	0.007930
450.000000	76.694892	-33.495043	0.002446
451.000000	-56.031704	22.618195	0.007306
452.000000	74.933957	-35.609174	0.003296
453.000000	-57.926643	83.321259	0.152526
454.000000	59.733885	84.322977	0.010627
455.000000	88.065803	62.336694	0.001196
456.000000	89.723281	48.146758	0.001278
457.000000	-77.086931	-83.860510	0.003666
458.000000	76.038054	-55.221839	0.014306
459.000000	-76.707566	-71.598054	0.002115
460.000000	-88.237191	-46.657384	0.001312
461.000000	64.936015	-66.318227	0.162486
462.000000	40.640862	75.579622	0.001245
463.000000	71.822901	-59.902082	0.011429
464.000000	74.986000	67.236192	0.001941
465.000000	31.894509	87.648045	0.005548
466.000000	82.668765	-74.574366	0.002452
467.000000	29.750665	-47.931254	0.013184
468.000000	38.908291	88.681984	0.004023
469.000000	74.157129	20.987954	0.006843
470.000000	-23.195830	45.667005	0.029869
471.000000	-76.782362	66.788745	0.003170
472.000000	-46.540470	-83.018949	0.004524
473.000000	90.149629	68.322818	0.001298
474.000000	-29.071583	55.934656	0.008616
475.000000	42.853259	-82.732757	0.005369
476.000000	47.187579	-67.660403	0.004332
477.000000	73.427321	-43.056398	0.008808
478.000000	45.822901	-22.956285	0.007384
479.000000	-85.873152	42.613371	0.000648
480.000000	-86.244691	79.286642	0.008450
481.000000	42.038054	-65.146780	0.005949
482.000000	-55.168677	-28.390018	0.040075
483.000000	75.827551	-75.932417	0.003754
484.000000	-26.905468	-22.986335	0.002378
485.000000	60.350007	45.906712	0.004018
486.000000	77.747809	-73.667903	0.002906
487.000000	-12.710503	12.191800	0.001512
488.000000	-73.702834	17.715781	0.000551
489.000000	51.485657	70.232319	0.002792
490.000000	72.975650	-43.578848	0.004304
491.000000	-51.837954	67.183236	0.001955
492.000000	-68.096230	13.661895	0.003167
493.000000	80.662831	-80.291772	0.223702
494.000000	40.808623	56.441015	0.002415
495.000000	-79.306767	-42.457407	0.003071
496.000000	79.746036	-81.286937	0.004527
497.000000	61.980620	-81.214198	0.012880
498.000000	-83.761370	60.755380	0.001008
499.000000	-56.269024	78.500241	0.014168
500.000000	-52.834073	-45.787477	0.004225
501.000000	23.590453	-78.591212	0.000687
502.000000	10.725584	17.983530	0.006873
503.000000	-48.973292	-72.440753	0.009471
504.000000	-45.977174	-76.795641	0.003784
505.000000	85.835084	-68.058994	0.001071
506.000000	62.862533	-61.036553	0.007930
507.000000	-70.759583	64.748054	0.473334
508.000000	73.597968	57.839681	0.002393
509.000000	50.535616	61.252851	0.001508
510.000000	-69.198788	-55.969181	0.009135
511.000000	-90.770541	-70.824512	0.000952
512.000000	-77.000162	-82.728412	0.001647
513.000000	31.799554	-19.583531	0.009613
514.000000	-77.415747	-66.673986	0.001721
515.000000	-89.001550	-62.672153	0.003098
516.000000	-59.126513	-80.387805	0.010476
517.000000	67.356209	66.910198	0.003573
518.000000	-66.559420	9.939265	0.028407
519.000000	23.010280	-84.641185	0.001893
520.000000	-65.611508	-16.550265	0.004635
521.000000	-84.060895	67.975937	0.005247
522.000000	-76.519805	83.054299	0.003800
523.000000	-50.800324	-45.056431	0.006839
524.000000	-61.196993	44.727445	0.006968
525.000000	-54.546819	53.869528	0.003707
526.000000	42.990917	-18.782937	0.000732
527.000000	-89.715530	-62.301105	0.002819
528.000000	72.842796	75.226550	0.002713
529.000000	-82.890467	67.838134	0.008632
530.000000	33.220542	-16.502146	0.003669
531.000000	43.271545	41.342856	0.002746
532.000000	87.980620	-40.951635	0.001688
533.000000	81.072098	-84.669022	0.004100
534.000000	-64.160314	-82.367256	0.008690
535.000000	-87.766000	46.586081	0.124790
536.000000	-30.517933	-40.894167	0.016166
537.000000	-69.006213	-13.811467	0.003639
538.000000	76.307569	23.715748	0.002730
539.000000	-85.865371	75.019488	0.001753
540.000000	-48.273370	-72.642736	0.006856
541.000000	79.703578	72.436346	0.015395
542.000000	60.680968	-65.223306	0.009366
543.000000	82.161812	-41.334144	0.004339
544.000000	-48.809115	29.555573	0.002239
545.000000	69.307335	-77.400068	0.008517
546.000000	0.877532	-84.858765	0.059092
547.000000	-80.147909	-68.066635	0.003159
548.000000	83.000935	-51.234660	0.002093
549.000000	-51.810191	-65.882379	0.002100
550.000000	-55.395903	23.475997	0.005836
551.000000	-68.715099	58.140442	0.005964
552.000000	-57.379036	7.042503	0.001596
553.000000	69.356230	73.146504	0.001940
554.000000	-54.927660	-65.534849	0.006928
555.000000	35.968296	-64.244604	0.007240
556.000000	34.038054	-59.389532	0.009442
557.000000	84.983363	-89.277320	0.003970
558.000000	-49.966770	66.110014	0.002382
559.000000	-86.794479	-68.554542	0.002061
560.000000	88.253683	-41.509039	0.004403
561.000000	34.637932	-21.626615	0.005460
562.000000	68.367014	-87.048981	0.006736
563.000000	72.653498	-78.063765	0.040702
564.000000	77.269581	72.035150	0.003629
565.000000	-62.965559	-2.147956	0.007648
566.000000	69.491215	-76.088664	0.018765
567.000000	17.870034	84.778959	0.008657
568.000000	74.733258	72.910198	0.005764
569.000000	-35.629795	-65.907508	0.097074
570.000000	78.781071	70.401680	0.011325
571.000000	75.506216	-84.296455	0.002259
572.000000	-84.269024	59.022326	0.009549
573.000000	-50.965559	45.551849	0.002595
574.000000	88.090364	-25.401682	0.000842
575.000000	72.953800	56.811844	0.002670
576.000000	-20.065506	-4.401960	0.001297
577.000000	-85.105272	74.783138	0.046962
578.000000	-65.894582	59.337933	0.002174
579.000000	-51.339242	19.134733	0.001746
580.000000	45.022331	72.833468	0.003275
581.000000	-80.920349	48.793395	0.001182
582.000000	71.577530	87.758929	0.007969
583.000000	57.812477	-45.974270	0.001880
584.000000	-75.758500	-73.781087	0.002989
585.000000	-83.408106	-48.198885	0.002722
586.000000	-70.571516	-32.097971	0.004625
587.000000	-48.748005	-13.428283	0.001718
588.000000	75.248210	-65.812763	0.004095
589.000000	-50.005881	-49.707484	0.005012
590.000000	-76.006385	-50.797368	0.004365
591.000000	74.105438	-65.543970	0.008644
592.000000	-56.914694	80.856250	0.083108
593.000000	56.394305	-51.996734	0.004464
594.000000	70.930076	67.026076	0.002049
595.000000	-24.495525	-54.189789	0.009282
596.000000	-86.459220	78.948339	0.001847
597.000000	-62.071319	-84.525932	0.014040
598.000000	76.785802	-43.237067	0.011761
599.000000	76.722675	-43.454916	0.003125
600.000000	88.374568	-59.963807	0.005521
601.000000	-18.320001	-54.687950	0.019947
602.000000	40.673448	62.217173	0.003868
603.000000	-71.600326	-39.756798	0.005653
604.000000	-79.316161	50.828060	0.007352
605.000000	-21.859612	82.300529	0.006615
606.000000	-71.782780	-29.969674	0.009662
607.000000	-81.822394	76.758283	0.004527
608.000000	-33.528878	31.880020	0.002157
609.000000	42.322977	80.865143	0.004389
610.000000	61.245301	16.460713	0.007470
611.000000	52.717752	16.395846	0.002155
612.000000	79.140570	-53.174212	0.001990
613.000000	29.022258	-69.135660	0.012709
614.000000	-47.573122	-3.776105	0.002656
615.000000	-87.694151	-56.838324	0.000886
616.000000	-58.747160	-77.779870	0.011273
617.000000	-56.730380	66.426999	0.010184
618.000000	4.716251	43.978900	0.070745
619.000000	-65.921960	59.115903	0.004571
620.000000	-20.571516	-43.554076	0.001189
621.000000	86.605871	70.042704	0.000831
622.000000	-36.746754	-7.663381	0.000965
623.000000	-52.503058	-46.592166	0.003185
624.000000	84.246150	-35.514813	0.001866
625.000000	-57.969620	53.738530	0.011311
626.000000	-63.488771	12.705002	0.005614
627.000000	-77.981824	87.202632	0.003128
628.000000	-74.241802	-27.859558	0.003290
629.000000	-76.745473	-76.437563	0.003192
630.000000	-31.701705	-55.226986	0.009179
631.000000	-88.207947	85.231562	0.003736
632.000000	-45.359158	25.814787	0.002063
633.000000	-85.266742	-48.113836	0.002318
634.000000	-82.826519	61.098238	0.000918
635.000000	76.618195	-50.598206	0.002277
636.000000	-58.566887	18.231136	0.005440
637.000000	-74.384089	71.792059	0.002638
638.000000	-43.509000	-34.683916	0.047018
639.000000	74.359475	-87.366718	0.010220
640.000000	-86.505968	-71.559024	0.000258
641.000000	-27.021287	38.161455	0.061719
642.000000	-70.179970	32.472863	0.001441
643.000000	74.348877	7.619377	0.003184
644.000000	-79.798008	-48.772677	0.003802
645.000000	-84.389410	-39.854995	0.135973
646.000000	-80.508785	70.411839	0.001029
647.000000	67.610098	72.359508	0.003936
648.000000	27.225192	-24.760135	0.006155
649.000000	-82.084014	9.031618	0.001802
650.000000	-60.424216	13.075249	0.004792
651.000000	-88.155690	-46.335234	0.003623
652.000000	78.132849	70.931817	0.003724
653.000000	53.285197	69.633311	0.004626
654.000000	-88.179970	49.936202	0.000960
655.000000	-81.506130	75.726244	0.001653
656.000000	-70.403773	-32.777558	0.006812
657.000000	-59.850318	47.048593	0.005755
658.000000	-86.910044	25.718811	0.029702
659.000000	32.593586	-54.852307	0.007662
660.000000	-79.016637	-11.791172	0.002022
661.000000	-65.331409	-51.046639	0.020095
662.000000	-17.557888	40.085247	0.008788
663.000000	27.782726	59.685906	0.000709
664.000000	50.367334	-67.725383	0.004028
665.000000	-58.113205	63.216509	0.007105
666.000000	-62.212576	-57.959076	0.023769
667.000000	-83.704575	66.527885	0.000886
668.000000	-87.218929	62.955844	0.000955
669.000000	-86.212576	6.010535	0.000924
670.000000	-81.770596	-70.019380	0.001710
671.000000	-73.534691	-20.106654	0.002946
672.000000	63.546820	-52.068409	0.005637
673.000000	-79.004786	54.123575	0.001428
674.000000	-56.291772	73.303421	0.005198
675.000000	-65.509000	-30.779892	0.005339
676.000000	-86.271894	-53.366751	0.003365
677.000000	-77.966596	-74.975862	0.002377
678.000000	38.197522	88.528706	0.008076
679.000000	33.032748	-26.476260	0.005212
680.000000	-54.970209	3.745224	0.001656
681.000000	-65.403423	80.827886	0.006275
682.000000	42.563168	67.445491	0.010057
683.000000	81.871795	-74.718041	0.008880
684.000000	-22.386993	75.726244	0.005039
685.000000	78.963485	80.876478	0.001735
686.000000	-79.942209	-47.902082	0.004642
687.000000	51.541047	-15.642038	0.003163
688.000000	67.648025	-77.746224	0.019854
689.000000	-1.649993	61.747549	0.054008
690.000000	-50.261465	84.555668	0.005342
691.000000	-82.765123	72.560225	0.013024
692.000000	83.824680	-68.932484	0.002551
693.000000	-48.419600	85.832765	0.003180
694.000000	82.065803	53.632932	0.003257
695.000000	-70.019380	35.385014	0.005448
696.000000	-44.759344	-62.069080	0.003724
697.000000	-70.678755	47.049763	0.003055
698.000000	87.948559	-48.750103	0.037714
699.000000	-2.829476	-54.863108	0.056850
700.000000	35.298771	67.990711	0.004181
701.000000	-77.033644	61.873840	0.002212
702.000000	86.842796	-63.467186	0.007268
703.000000	-27.432149	-52.221720	0.003077
704.000000	41.123809	-73.047166	0.003299
705.000000	22.546181	-53.746030	0.005240
706.000000	-64.607447	85.417147	0.008315
707.000000	-68.436367	13.489302	0.005559
708.000000	-16.492688	-66.271160	0.026792
709.000000	-42.474220	68.727325	0.002494
710.000000	-62.010531	14.999858	0.002678
711.000000	-57.045848	79.065916	0.013501
712.000000	85.075054	42.237084	0.000645
713.000000	4.685559	34.702567	0.057440
714.000000	-81.016903	-1.354334	0.006759
715.000000	57.563654	-71.715822	0.029811
716.000000	-73.645082	-7.335733	0.002987
717.000000	-82.362471	-85.800964	0.024461
718.000000	69.104956	-23.476972	0.001436
719.000000	-57.114309	79.006091	0.011379
720.000000	-83.467153	67.602684	0.008346
721.000000	-65.432149	13.459613	0.005312
722.000000	-83.763058	41.376223	0.001321
723.000000	-62.814195	-31.404630	0.009210
724.000000	-45.289841	15.946819	0.002885
725.000000	19.640418	25.996225	0.007608
726.000000	-77.902082	-3.212418	0.002624
727.000000	49.481921	-84.234000	0.003210
728.000000	86.204849	-32.524003	0.003086
729.000000	89.504528	89.628771	0.002139
730.000000	41.523180	-64.504584	0.663512
731.000000	-40.853200	-28.688483	0.003028
732.000000	77.217672	18.396205	0.000747
733.000000	-59.669676	-47.083422	0.008105
734.000000	70.201939	13.986565	0.006586
735.000000	83.304432	82.155636	0.001483
736.000000	56.463655	51.294113	0.010576
737.000000	-87.721755	-65.715038	0.010872
738.000000	39.877501	-76.244145	0.004392
739.000000	73.613007	-36.764896	0.001154
740.000000	78.122251	-11.137467	0.000972
741.000000	-33.969620	8.440976	0.004364
742.000000	27.331595	87.223515	0.003368
743.000000	71.523986	76.531073	0.007593
744.000000	-67.830667	-11.595715	0.004755
745.000000	80.005852	17.799554	0.421979
746.000000	69.030849	-16.520876	0.004837
747.000000	-39.827725	37.035335	0.011884
748.000000	47.805333	74.161992	0.001876
749.000000	87.536222	64.442052	0.003017
750.000000	-43.398740	-25.961236	0.002978
751.000000	-72.422509	-77.519496	0.006550
752.000000	-63.238828	8.960915	0.004908
753.000000	88.422281	25.232126	0.001039
754.000000	-84.113205	-83.934197	0.001606
755.000000	50.419378	-81.701698	0.079151
756.000000	-74.981334	-80.910876	0.004844
757.000000	25.954339	3.926941	0.007675
758.000000	61.715748	-72.533518	0.006578
759.000000	-62.648003	58.535419	0.006479
760.000000	-67.235904	-60.118486	0.009193
761.000000	-83.704614	-36.893303	0.001370
762.000000	80.644237	-46.760155	0.002403
763.000000	63.337933	83.597968	0.007136
764.000000	38.401946	-50.644982	0.004463
765.000000	-72.246378	-87.059346	0.004193
766.000000	-64.324651	-68.580069	0.014965
767.000000	75.190488	-65.637529	0.005181
768.000000	-85.053489	-70.622221	0.000545
769.000000	-62.327521	-22.878110	0.002302
770.000000	-85.386536	32.502884	0.001111
771.000000	-55.616119	-80.868582	0.003417
772.000000	-66.739627	-60.132849	0.053176
773.000000	48.359514	-75.730319	0.002741
774.000000	-60.116108	48.273615	0.006946
775.000000	85.087876	-16.731192	0.003605
776.000000	-35.991157	26.411785	0.009717
777.000000	-61.101952	-18.326385	0.003988
778.000000	22.180515	77.089337	0.012114
779.000000	-56.208000	47.266677	0.004556
780.000000	-37.224043	89.981501	0.005146
781.000000	-90.218967	-81.750907	0.067452
782.000000	-47.293341	9.867190	0.005204
783.000000	-85.491714	-68.516338	0.003202
784.000000	47.130465	32.480597	0.002880
785.000000	-57.123522	15.523161	0.073264
786.000000	-80.765123	67.274491	0.007050
787.000000	65.094705	-80.293513	0.010572
788.000000	-54.095068	-58.777451	0.002629
789.000000	-49.127807	-36.875827	0.015509
790.000000	24.790486	-89.942209	0.001067
791.000000	-54.532355	-87.489616	0.001918
792.000000	-47.154436	-4.612236	0.004195
793.000000	62.720901	85.950657	0.003536
794.000000	-85.873152	-12.003481	0.002502
795.000000	-56.527672	-54.112992	0.003578
796.000000	-59.929514	-20.649517	0.006962
797.000000	79.563600	82.708500	0.001252
798.000000	-81.195830	-81.622621	0.005370
799.000000	-74.547183	-62.809598	0.009501
800.000000	-82.297624	-25.687567	0.002080
801.000000	64.645525	-38.617483	0.007322
802.000000	76.733225	82.905723	0.002033
803.000000	-55.524267	46.642615	0.003387
804.000000	-60.710019	56.957474	0.007317
805.000000	-34.964327	32.604562	0.010479
806.000000	-79.481251	54.640860	0.000502
807.000000	17.089882	27.381689	0.001227
808.000000	49.885055	75.620734	0.000686
809.000000	55.059929	-71.027100	0.006960
810.000000	-48.006385	-76.607399	0.002174
811.000000	74.013493	78.154345	0.074215
812.000000	86.147975	-60.276626	0.413854
813.000000	-84.846170	-39.462464	0.005330
814.000000	-76.610350	-59.996592	0.004602
815.000000	76.986033	34.957508	0.003292
816.000000	-49.746296	-70.310693	0.002879
817.000000	82.040924	44.045608	0.002333
818.000000	-80.908371	-63.069924	0.003410
819.000000	-79.131196	-48.688826	0.001546
820.000000	-79.366658	13.328214	0.000459
821.000000	83.222288	-73.432182	0.001676
822.000000	-76.519752	-75.285191	0.003229
823.000000	-9.111279	29.464326	0.014974
824.000000	-36.992410	60.570795	0.005048
825.000000	-50.815234	-53.396028	0.003753
826.000000	80.061153	-78.915771	0.003137
827.000000	-81.069924	36.395528	0.000880
828.000000	-72.367029	-68.829390	0.003865
829.000000	-73.785650	-71.499693	0.000864
830.000000	80.670506	78.665681	0.001498
831.000000	-76.698319	68.478797	0.002341
832.000000	-37.790522	-86.292569	0.003589
833.000000	-45.573056	-42.794458	0.002761
834.000000	70.194386	59.757036	0.007497
835.000000	-57.223579	11.180527	0.013290
836.000000	54.149662	45.306238	0.002676
837.000000	-62.224827	-3.479809	0.003999
838.000000	42.954152	48.010961	0.003603
839.000000	-86.147909	82.110101	0.001595
840.000000	71.583304	63.054299	0.020235
841.000000	-50.181710	40.335181	0.007110
842.000000	-62.771044	50.945324	0.003198
843.000000	-20.214317	79.855021	0.010877
844.000000	-26.325780	-67.949709	0.001906
845.000000	-71.283749	-78.596323	0.003927
846.000000	-33.481218	-42.634298	0.002704
847.000000	89.703583	19.433308	0.000943
848.000000	36.716251	69.409283	0.006154
849.000000	82.636158	42.973239	0.004767
850.000000	9.275621	-3.271937	0.023160
851.000000	24.038054	-9.224742	0.004934
852.000000	-44.189264	61.976030	0.017476
853.000000	78.157254	-73.356147	0.002527
854.000000	73.318427	-33.723355	0.007547
855.000000	-81.524287	89.956113	0.004563
856.000000	-64.347399	71.409420	0.004598
857.000000	-70.510525	-41.894402	0.005819
858.000000	-65.601066	76.776035	0.000303
859.000000	-58.856401	-79.920002	0.024449
860.000000	-57.121863	-68.644668	0.012793
861.000000	-27.617932	-75.755396	0.002844
862.000000	73.584023	18.858029	0.003004
863.000000	72.694892	84.050291	0.002297
864.000000	-23.484121	-59.091024	0.004503
865.000000	-64.944590	21.089144	0.001801
866.000000	-83.897432	87.968296	0.002032
867.000000	42.010502	80.625749	0.003581
868.000000	24.022826	-39.902082	0.001724
869.000000	48.749856	-60.798386	0.020770
870.000000	-65.697021	-31.581169	0.092752
871.000000	22.948234	-67.102221	0.003194
872.000000	-42.468218	-83.176294	0.002954
873.000000	50.247373	57.527079	0.007760
874.000000	-40.068448	-68.788141	0.004469
875.000000	-59.211255	-3.630927	0.357983
876.000000	49.167972	82.201699	0.003526
877.000000	51.760296	-67.783214	0.006407
878.000000	60.312394	-42.538029	0.010582
879.000000	51.023349	42.710159	0.002913
880.000000	-62.735064	23.660122	0.009672
881.000000	26.530932	-53.828024	0.042956
882.000000	-67.721755	65.849188	0.005762
883.000000	-78.976651	-76.335866	0.002270
884.000000	78.125107	-78.812610	0.223433
885.000000	68.070486	-80.545409	0.023539
886.000000	-76.861005	12.011082	0.021014
887.000000	-78.028713	82.980454	0.001755
888.000000	-38.472335	-84.130326	0.036001
889.000000	70.053108	-69.850338	0.005440
890.000000	-89.044156	38.092375	0.001037
891.000000	-60.837030	41.592953	0.013950
892.000000	45.269620	-22.398969	0.004033
893.000000	67.511876	-20.106303	0.007768
894.000000	-64.742516	82.758283	0.007920
895.000000	-59.151391	65.685906	0.004672
896.000000	43.352352	43.836903	0.003870
897.000000	67.122136	-54.587536	0.004386
898.000000	44.111323	44.224428	0.003950
899.000000	6.389601	89.553230	0.052281
900.000000	-19.359158	-54.684336	0.006581
901.000000	79.449860	-79.759131	0.016663
902.000000	-53.225381	33.074884	0.002047
903.000000	56.920776	-47.583267	0.019438
904.000000	48.583105	85.508459	0.081046
905.000000	58.577151	-40.505701	0.015174
906.000000	-70.814423	-41.608425	0.005368
907.000000	-33.492133	83.576704	0.004093
908.000000	80.722675	-78.520935	0.001578
909.000000	-73.645310	-11.057778	0.005260
910.000000	84.001202	48.790486	0.002592
911.000000	73.123496	4.296953	0.004006
912.000000	73.097489	87.958441	0.002820
913.000000	82.065803	70.713341	0.002142
914.000000	17.741439	30.743548	0.002090
915.000000	5.553495	-72.619654	0.069047
916.000000	37.157535	42.696323	0.004579
917.000000	-52.811827	-86.971517	0.000599
918.000000	-67.088607	64.903349	0.000108
919.000000	-82.244658	-64.550265	0.001567
920.000000	-71.119343	51.359982	0.002831
921.000000	-69.126546	-65.144311	0.005399
922.000000	-21.879523	-25.930838	0.023460
923.000000	-70.459181	-60.628629	0.005632
924.000000	-53.306848	-41.642192	0.003147
925.000000	-79.479477	-33.341852	0.025650
926.000000	-63.104888	72.139915	0.023977
927.000000	68.501545	-79.513630	0.004375
928.000000	-30.530629	-37.501799	0.005739
929.000000	-74.229424	84.293478	0.005392
930.000000	84.488130	-70.195616	0.063638
931.000000	65.885055	87.632744	0.005096
932.000000	49.163558	-88.780800	0.004735
933.000000	-33.634499	-66.058156	0.211846
934.000000	-64.357841	-50.977674	0.004039
935.000000	-83.215938	-37.824926	0.005102
936.000000	-43.886990	-61.206605	0.003476
937.000000	54.048484	60.430837	0.001036
938.000000	-74.244691	53.796683	0.005970
939.000000	-37.603916	86.982420	0.041746
940.000000	86.732874	-34.278061	0.003344
941.000000	32.618114	53.585767	0.010759
942.000000	-83.989498	75.993615	0.003518
943.000000	-41.338876	-31.720701	0.002639
944.000000	-87.011987	39.660820	0.009463
945.000000	83.263831	-89.884452	0.001203
946.000000	-70.578567	76.710180	0.003814
947.000000	75.963613	-75.677182	0.003999
948.000000	77.958983	-87.854968	0.001830
949.000000	74.595147	-81.958227	0.047810
950.000000	-55.191147	1.017816	0.006035
951.000000	-8.385399	43.743765	0.090188
