Thin Section: 	C:\Ice Data\2017-07-13-Thu\10.33 SPICE 797 VTS

Results: 	C:\Ice Results\2017-07-13-Thu\10.33 SPICE 797 VTS\2017-07-14-Fri, 11.08

Sequence Angles: 
xi	phi inner
0	0
45	0
45	-45
45	-90
45	-135
45	-180
45	-225
45	-270
45	-315

Threshold: 
45.000

Grain #		theta		phi	Rsquared

0.000000	81.084548	89.007044	0.001150
1.000000	-74.757251	-51.822706	0.007776
2.000000	72.745549	-41.847234	0.002761
3.000000	-80.988821	-78.620388	0.082796
4.000000	82.973039	-81.064129	0.307615
5.000000	-60.324147	33.598286	0.001465
6.000000	-83.723463	-44.786784	0.001615
7.000000	-85.894562	-9.934164	0.002580
8.000000	85.528384	25.941291	0.247700
9.000000	-88.307784	72.390844	0.223565
10.000000	-70.252238	-25.335433	0.001493
11.000000	-89.568439	-45.511870	0.274481
12.000000	80.839740	45.615066	0.001928
13.000000	73.113544	49.017415	0.542903
14.000000	-58.659667	80.832338	0.002018
15.000000	-15.316161	-74.089798	0.004144
16.000000	46.201978	78.155317	0.001221
17.000000	82.053108	-52.163190	0.417842
18.000000	-68.320001	3.439220	0.013063
19.000000	-87.929514	-85.902082	0.003464
20.000000	-86.224759	76.021047	0.265298
21.000000	-62.550930	57.876572	0.108350
22.000000	-60.389902	-25.269651	0.022506
23.000000	-80.631554	40.650966	0.001266
24.000000	57.693792	-9.701839	1.040541
25.000000	75.852091	6.174702	0.283854
26.000000	70.322856	8.730267	1.409272
27.000000	-71.415714	74.190002	0.001797
28.000000	73.919348	85.965393	0.021406
29.000000	-82.666664	-83.989498	0.172453
30.000000	54.147942	70.132661	0.001207
31.000000	-76.545350	-52.006026	0.004620
32.000000	83.744721	-51.026761	0.496714
33.000000	86.656528	60.308532	0.007998
34.000000	56.090282	-73.479018	0.506647
35.000000	-63.613288	-37.257360	0.007827
36.000000	-61.118992	-22.953181	0.003486
37.000000	-82.344528	-71.268036	0.003192
38.000000	-89.053594	-79.279296	0.002501
39.000000	-65.025970	85.986400	0.194981
40.000000	-27.041198	55.339947	0.001504
41.000000	-81.456690	-90.304773	0.182843
42.000000	-48.031698	84.587696	0.007489
43.000000	-67.042690	-20.963064	0.209089
44.000000	-75.687606	-74.401999	0.017483
45.000000	85.876371	42.578440	0.182822
46.000000	71.983524	-15.802658	0.098463
47.000000	-71.048799	-9.573526	0.006786
48.000000	79.852091	-44.938345	0.001861
49.000000	85.523141	-13.685542	0.083548
50.000000	-86.028713	2.996934	0.054272
51.000000	31.328214	-77.263386	0.001073
52.000000	79.496876	-13.959848	0.000529
53.000000	-83.981791	0.085560	0.001071
54.000000	63.160221	-60.340975	0.002475
55.000000	-80.330605	83.374697	0.000950
56.000000	-70.155690	-38.106654	0.013146
57.000000	-74.109207	68.573125	0.392399
58.000000	75.903803	40.436346	0.002600
59.000000	-28.754375	-27.910535	0.000856
60.000000	-58.269024	-2.188296	0.040222
61.000000	89.301594	79.009243	0.001436
62.000000	-90.367894	-11.877517	0.145250
63.000000	-75.649745	0.463850	0.007675
64.000000	69.420930	83.299090	0.039670
65.000000	73.669570	-8.200480	0.077318
66.000000	81.963633	-12.940018	0.115994
67.000000	63.000371	70.501106	1.416154
68.000000	82.005852	-20.437563	0.292465
69.000000	89.392586	-29.279736	0.002290
70.000000	-85.977174	64.287833	0.202020
71.000000	-75.432182	6.100423	0.145763
72.000000	81.799554	61.856688	0.014468
73.000000	74.167592	-41.392250	0.003489
74.000000	-86.212597	21.720378	0.037858
75.000000	-75.429279	-12.907938	0.008534
76.000000	-85.395903	74.209585	0.001999
77.000000	-52.281343	-87.790294	0.742776
78.000000	-66.693476	-34.311398	0.011061
79.000000	71.460251	-77.676977	0.003885
80.000000	-68.060889	10.592412	0.001731
81.000000	80.825827	-76.924899	0.026659
82.000000	74.060782	-7.942209	0.005979
83.000000	85.931552	-11.129422	0.011884
84.000000	-73.111439	29.465141	0.000636
85.000000	76.351747	8.968130	0.033081
86.000000	-59.106809	-41.059479	0.022827
87.000000	-79.201961	84.344280	0.001420
88.000000	-89.560711	43.472555	0.001479
89.000000	-79.877749	-10.215533	0.142450
90.000000	-65.223579	16.745583	0.001617
91.000000	-73.516553	21.876431	0.010336
92.000000	-57.269684	-1.753817	0.001680
93.000000	-50.063765	-29.929480	0.010100
94.000000	-85.496817	75.131469	0.000774
95.000000	84.241500	-39.014896	0.494440
96.000000	-51.842871	65.693957	0.001008
97.000000	86.673448	-41.521183	0.423858
98.000000	58.022826	14.793389	0.012540
99.000000	84.838064	-10.374562	0.029354
100.000000	82.125107	1.946698	0.031925
101.000000	-77.991157	74.182256	0.004924
102.000000	-43.062337	-65.375593	1.032473
103.000000	-78.028713	-59.249773	0.083014
104.000000	76.756455	-69.709225	0.001757
105.000000	-74.969097	-1.818251	0.019665
106.000000	40.696143	60.135871	0.490162
107.000000	-30.929575	-64.335866	0.010475
108.000000	89.807054	-60.299359	0.005125
109.000000	-57.681827	13.266727	0.008941
110.000000	72.960529	-42.760155	0.112937
111.000000	-9.074574	13.975996	0.003630
112.000000	-55.206572	2.932967	0.004850
113.000000	-84.831169	-66.584719	0.001293
114.000000	77.726365	34.012237	0.002563
115.000000	-86.307044	24.948678	1.186973
116.000000	-79.743266	52.129790	0.001534
117.000000	72.640842	7.902029	0.494808
118.000000	67.309076	26.827568	0.015577
119.000000	80.404285	-88.271894	0.107124
120.000000	83.084209	-70.545562	0.022787
121.000000	-77.009436	29.202482	0.014233
122.000000	-60.884605	-33.185254	0.014652
123.000000	72.776421	-23.183506	0.392713
124.000000	-72.698319	87.500277	0.006835
125.000000	81.654342	-58.325955	0.510313
126.000000	-80.794512	82.645525	0.125659
127.000000	-74.584140	-72.036174	1.086965
128.000000	79.217927	52.930109	0.001603
129.000000	-71.604976	10.922435	0.003376
130.000000	83.832127	-26.944668	0.002419
131.000000	76.200252	-6.527445	0.092558
132.000000	-75.241399	-27.218950	0.001300
133.000000	87.228486	75.730117	0.012006
134.000000	49.249883	-78.801393	0.911021
135.000000	-80.532282	70.485505	0.021729
136.000000	-38.797508	-59.003609	1.299022
137.000000	42.209478	-70.681259	0.095973
138.000000	75.996519	4.765837	1.120971
139.000000	78.411911	52.902698	0.003427
140.000000	-50.554287	-32.782060	0.008655
141.000000	-75.099081	77.617690	0.074141
142.000000	-80.631554	73.184510	0.075852
143.000000	-88.093321	23.269706	0.551241
144.000000	77.489409	-19.398773	0.614262
145.000000	-28.056245	0.182256	0.002479
146.000000	66.992424	29.106697	0.008743
147.000000	-79.852058	-77.632899	0.015380
148.000000	-71.111439	-85.850332	0.031731
149.000000	-82.205129	54.154259	0.002289
150.000000	-68.051441	-19.471977	0.078432
151.000000	-74.080652	75.799554	0.006337
152.000000	-81.652903	-73.514780	0.000912
153.000000	-58.283089	30.518079	0.073185
154.000000	-73.677144	-3.161815	0.479165
155.000000	-72.695568	75.111786	0.001200
156.000000	77.595097	-89.563848	0.186066
157.000000	85.297031	77.551849	0.001421
158.000000	-84.742081	-46.033457	0.072130
159.000000	42.963519	-62.684424	0.002575
160.000000	84.688535	-84.209579	0.031691
161.000000	43.101535	-19.585439	0.815296
162.000000	-89.600293	23.731015	0.003031
163.000000	83.301609	-74.926162	0.022000
164.000000	-87.534691	-61.989377	0.003085
165.000000	-83.338909	30.558505	0.053956
166.000000	42.898713	-64.381536	0.133611
167.000000	-84.976651	0.616455	0.180940
168.000000	45.575679	-29.967629	0.769995
169.000000	86.354879	53.377534	0.005959
170.000000	-62.813692	79.468293	0.009153
171.000000	-71.625399	7.294181	0.086640
172.000000	-25.553211	28.221802	0.000908
173.000000	-79.625432	-34.237011	0.001328
174.000000	-63.163749	79.171007	0.163255
175.000000	83.948559	-20.639213	0.079253
176.000000	-76.498381	45.234877	0.368518
177.000000	-90.192946	25.557841	0.015363
178.000000	-79.254451	4.640983	0.001285
179.000000	-57.814802	26.995600	0.013620
180.000000	-41.308415	-6.822062	0.051074
181.000000	84.569558	-72.896087	0.001165
182.000000	-77.166619	-41.664819	0.002969
183.000000	-81.914460	-36.769773	0.001858
184.000000	-66.762900	14.791043	1.062146
185.000000	85.513688	47.303686	0.002372
186.000000	85.053592	-76.850025	0.045016
187.000000	63.058188	-63.791192	0.008658
188.000000	-69.467153	-48.187556	0.014854
189.000000	68.784095	1.827744	0.097055
190.000000	70.273561	-68.725769	0.421569
191.000000	-69.998831	22.030380	0.928643
192.000000	77.063085	58.720691	0.002076
193.000000	78.734999	-40.540813	0.008959
194.000000	-77.998831	-85.487031	0.413499
195.000000	-52.146779	75.904613	0.008077
196.000000	-80.581920	-6.416768	0.092759
197.000000	-59.496817	-42.545436	0.014122
198.000000	65.864188	-0.674091	0.118822
199.000000	-62.160319	-18.308947	0.005400
200.000000	75.006091	-13.753636	0.033469
201.000000	87.031585	-32.704132	0.137068
202.000000	-70.981334	-47.174140	0.765646
203.000000	-52.470881	-15.261115	0.001504
204.000000	-77.013766	57.256852	0.017648
205.000000	75.007783	45.268808	0.097155
206.000000	84.913102	37.533339	0.184309
207.000000	-81.166619	-27.171182	0.001464
208.000000	52.501545	76.731332	0.001557
209.000000	87.146297	-66.202292	0.082566
210.000000	-86.597043	42.030839	0.068016
211.000000	-84.757435	50.837693	0.050307
212.000000	80.761172	-76.893815	0.000840
213.000000	-65.159119	21.433308	0.046472
214.000000	-64.853703	15.308270	0.958655
215.000000	-72.832332	42.702567	0.093023
216.000000	-70.657417	-21.904986	0.160997
217.000000	-90.401999	-78.577329	0.006815
218.000000	-72.234054	-79.628023	0.234870
219.000000	-77.942209	32.948252	0.008073
220.000000	89.266710	-26.557679	0.000599
221.000000	37.521082	-5.541906	0.004906
222.000000	86.753136	-59.692338	0.035109
223.000000	-69.289562	25.394294	0.001185
224.000000	-76.868637	-30.513215	0.005413
225.000000	-86.631608	43.762935	0.001464
226.000000	77.030849	24.838031	0.001686
227.000000	-45.632879	-66.461153	0.715254
228.000000	68.154259	-64.362438	0.004387
229.000000	67.363623	23.391742	0.015673
230.000000	-63.082248	-17.746137	0.008283
231.000000	67.434860	88.882117	0.002786
232.000000	46.140388	75.694754	1.162732
233.000000	71.963613	-87.560750	0.046986
234.000000	-83.044107	44.658181	0.111775
235.000000	59.016574	-13.631371	0.003882
236.000000	-73.934197	-71.140371	0.009056
237.000000	87.109606	-32.400471	0.000804
238.000000	-35.239446	-7.608643	0.124457
239.000000	86.085560	-48.195796	0.002128
240.000000	-62.024063	-63.805561	0.009791
241.000000	76.856129	-18.116036	0.003059
242.000000	-67.009122	-34.071319	0.001768
243.000000	37.769281	-5.274242	0.005311
244.000000	-90.424216	-79.562092	0.209280
245.000000	58.563134	86.096144	0.001564
246.000000	65.319950	-32.451152	0.003584
247.000000	53.682903	-33.167290	0.624240
248.000000	45.303600	79.904615	1.069997
249.000000	88.088482	-51.974231	0.270432
250.000000	-75.938847	45.730976	0.051701
251.000000	-66.927834	19.760133	0.010964
252.000000	-78.379439	18.808887	0.460340
253.000000	80.535790	-36.414796	0.002154
254.000000	-88.569776	-0.143312	0.035174
255.000000	-47.461373	-17.608404	0.003337
256.000000	84.648854	-24.172377	0.043434
257.000000	-82.425379	-71.184756	0.001861
258.000000	-78.806695	32.039184	0.001618
259.000000	-76.890394	21.886164	0.007226
260.000000	-76.006385	86.169312	0.000650
261.000000	79.833343	-38.284180	0.151737
262.000000	-89.203701	75.363115	0.001131
263.000000	-60.800271	-22.016476	0.005903
264.000000	85.363623	-51.776448	0.002417
265.000000	-66.547303	37.959022	0.037673
266.000000	88.253704	38.955893	0.033665
267.000000	-68.498215	-25.976835	0.549958
268.000000	-76.885784	15.639177	0.001279
269.000000	-55.415747	-19.334139	0.111471
270.000000	88.922435	-30.173009	0.120688
271.000000	-72.856251	58.837693	0.099665
272.000000	85.563600	-85.363667	0.381341
273.000000	49.867145	27.207316	0.002325
274.000000	83.516526	-90.584511	0.093792
275.000000	-61.842799	55.859544	0.217043
276.000000	-61.153198	80.717659	0.040139
277.000000	-82.251028	-83.109572	0.003259
278.000000	72.506579	-67.593371	0.013945
279.000000	70.471122	69.205683	0.001834
280.000000	-75.061076	-65.337501	0.040822
281.000000	-58.315356	89.294195	0.001685
282.000000	-82.861310	78.925447	0.003739
283.000000	-62.904516	-84.392455	1.479930
284.000000	-75.889986	-50.581959	0.033761
285.000000	70.221682	64.620293	0.534920
286.000000	-82.245517	-46.250180	1.134678
287.000000	62.543310	-20.028654	0.808143
288.000000	-80.636377	42.779412	0.011681
289.000000	-62.367029	-83.686477	0.852313
290.000000	69.469459	50.436379	0.001906
291.000000	-83.974304	46.560258	0.273138
292.000000	72.526282	10.234092	0.003305
293.000000	33.363714	-51.339920	1.889141
294.000000	-56.128273	11.978880	0.001571
295.000000	-55.839962	-19.672460	0.212564
296.000000	-71.770596	-26.498521	0.003634
297.000000	-55.835278	-86.945822	0.004673
298.000000	63.504528	-15.308055	0.825237
299.000000	-85.882432	87.661895	0.362494
300.000000	82.078040	80.300069	0.009561
301.000000	-64.712196	-22.249248	0.017371
302.000000	-72.421346	-32.118486	0.053221
303.000000	65.993615	-26.075969	1.135013
304.000000	82.690242	38.300036	0.002298
305.000000	-56.999809	-46.493850	0.006517
306.000000	-76.519752	79.371661	0.010938
307.000000	86.946478	-5.086757	0.109111
308.000000	-58.229457	-54.458913	0.003670
309.000000	-71.882379	5.928681	0.891893
310.000000	-52.155636	57.649766	0.185764
311.000000	-46.940114	87.529946	0.003212
312.000000	-80.060895	-24.754699	0.000765
313.000000	-71.419858	83.822042	0.994867
314.000000	-67.865371	14.815244	0.002687
315.000000	-61.709258	-53.558652	0.003983
316.000000	80.013493	13.891445	0.017038
317.000000	-57.097302	-33.649508	0.007239
318.000000	-82.060895	47.700182	0.051586
319.000000	-83.576031	-20.980578	0.086635
320.000000	-75.134525	-63.779009	0.002450
321.000000	47.220108	-36.963012	0.006026
322.000000	-66.547356	0.673448	0.007828
323.000000	-56.904483	-52.904289	0.004247
324.000000	-70.800324	-0.501318	0.002409
325.000000	-74.782328	-27.963720	0.052024
326.000000	74.033250	-73.825265	0.007813
327.000000	-34.416542	28.738865	0.005512
328.000000	-66.147909	-86.306043	0.001341
329.000000	77.138690	50.783621	0.037337
330.000000	-76.996867	77.274637	0.002512
331.000000	-89.009122	64.154225	0.005564
332.000000	-89.374212	-47.666599	0.908511
333.000000	60.567818	-77.526307	0.006718
334.000000	-63.274329	54.612116	0.004226
335.000000	-78.148169	-26.669428	0.006247
336.000000	-59.761317	-65.280229	0.948272
337.000000	-33.169109	-48.630069	1.119132
338.000000	-61.126884	52.046405	0.579743
339.000000	-69.257448	-64.406682	0.003730
340.000000	-57.019507	76.419572	0.001038
341.000000	-34.624141	-55.356554	0.434290
342.000000	-68.581974	11.491166	0.954119
343.000000	-63.199051	-13.565942	0.007051
344.000000	-80.663808	-23.508879	0.002351
345.000000	-79.014964	53.081396	0.341674
346.000000	44.451385	-35.961236	0.024353
347.000000	-67.959076	-41.499726	0.006701
348.000000	-77.591032	13.703545	0.005664
349.000000	64.920743	-57.159790	0.006354
350.000000	38.685745	-39.437264	0.246419
351.000000	-72.200480	24.090364	0.024653
352.000000	-59.785650	22.197342	0.000930
353.000000	-80.818263	0.044412	0.000709
354.000000	72.987726	-59.449136	0.001982
355.000000	-70.571484	71.672532	0.010736
356.000000	-58.301858	30.963399	0.276604
357.000000	-55.797969	35.787376	0.091604
358.000000	70.713347	-64.681041	0.363028
359.000000	-81.652864	-62.431629	0.089408
360.000000	-80.996900	64.917926	0.001598
361.000000	82.431469	0.718025	0.002591
362.000000	-61.770596	14.080910	0.006501
363.000000	70.362471	35.093774	0.078883
364.000000	59.100845	-6.182061	0.146498
365.000000	-52.989226	6.682748	0.019509
366.000000	-45.344761	-88.163262	0.026406
367.000000	79.951430	-21.788781	0.000804
368.000000	62.791151	67.843136	0.846652
369.000000	-71.128110	31.025369	0.108773
370.000000	-49.004786	-62.387805	0.051153
371.000000	-70.923258	58.226500	0.016996
372.000000	-70.809512	82.075629	0.363255
373.000000	-83.456723	-35.503558	0.010900
374.000000	-81.262097	-21.107798	0.002348
375.000000	-46.416716	-64.543967	0.003189
376.000000	76.978593	-30.126073	0.080950
377.000000	-65.403423	-32.958817	0.004945
378.000000	-84.468407	-38.760638	0.263373
379.000000	-61.449190	-25.411801	0.013186
380.000000	71.568250	-60.632968	0.005509
381.000000	-88.849074	-33.776139	0.194979
382.000000	-81.331235	-31.363667	0.001211
383.000000	55.720387	79.647127	0.056657
384.000000	-45.847456	12.703910	0.808276
385.000000	36.001169	-4.497878	0.549707
386.000000	-85.758461	52.824533	0.006246
387.000000	88.873454	72.077674	0.012485
388.000000	81.368446	86.048179	0.089223
389.000000	74.865442	80.419378	0.102484
390.000000	79.028032	-30.565001	0.338861
391.000000	-80.834917	-62.196885	0.067224
392.000000	75.693957	-24.108575	0.078728
393.000000	51.882151	72.830510	0.001590
394.000000	-69.645121	33.306172	0.003949
395.000000	-53.432149	34.306207	0.002080
396.000000	-90.896141	81.493966	0.210705
397.000000	-60.655888	48.916596	0.031706
398.000000	52.105438	-64.553168	0.045950
399.000000	-55.054637	7.084377	0.073629
400.000000	-65.145920	64.518470	0.448110
401.000000	82.816494	17.820069	0.046680
402.000000	-80.147909	-33.129422	0.169332
403.000000	88.576666	-37.995889	0.160791
404.000000	-83.063960	-49.750674	0.425663
405.000000	-57.729289	22.585960	0.005177
406.000000	88.117601	-25.536470	0.002544
407.000000	-65.916180	27.645154	0.140548
408.000000	-56.451003	13.724405	0.001394
409.000000	83.588707	72.007872	0.001339
410.000000	67.291020	-48.618949	0.446234
411.000000	-80.471364	-44.579994	0.013851
412.000000	-70.734977	-67.645082	0.081718
413.000000	86.925181	68.962177	0.279659
414.000000	-82.419605	-62.844495	0.007437
415.000000	66.383881	-30.217274	0.238489
416.000000	83.637535	-65.138246	0.021522
417.000000	-69.974270	-79.726439	0.041521
418.000000	75.020653	-28.842800	1.945205
419.000000	79.661862	-58.550093	0.010466
420.000000	60.553927	23.304389	0.002200
421.000000	-83.439823	69.983563	0.115151
422.000000	88.722680	15.046779	0.586787
423.000000	89.123824	29.491129	0.015832
424.000000	48.192752	-36.631273	0.842815
425.000000	-74.293513	-46.414916	0.028246
426.000000	-67.247026	-64.742516	0.002984
427.000000	48.424022	-58.971372	0.656043
428.000000	-65.501500	-61.668762	0.007461
429.000000	71.782726	-21.573706	0.394767
430.000000	-89.718393	37.341256	0.096692
431.000000	-81.097302	-88.101282	0.003341
432.000000	63.138830	-81.167290	0.625700
433.000000	71.807074	-25.854968	0.003710
434.000000	77.249897	30.996934	0.025082
435.000000	73.255743	66.443832	0.002753
436.000000	-73.058172	-14.764805	0.001969
437.000000	-46.982232	21.146350	0.249176
438.000000	67.007325	7.262134	0.000912
439.000000	-68.693762	-22.466687	0.162410
440.000000	-52.273668	-56.543398	0.001373
441.000000	-62.539835	-83.254538	0.010557
442.000000	-56.552006	21.762989	0.001535
443.000000	24.683999	-85.726570	1.206146
444.000000	-82.394479	41.271360	0.005754
445.000000	-81.998798	5.313726	0.001404
446.000000	84.865442	77.504091	0.003027
447.000000	-87.942209	-60.750049	0.000455
448.000000	81.134200	-42.998687	0.024589
449.000000	-52.310706	-64.299359	0.002754
450.000000	-69.461373	84.824533	0.012743
451.000000	-63.750907	-11.857606	0.011050
452.000000	74.700826	1.532981	0.394559
453.000000	57.372956	-84.734803	0.004741
454.000000	-59.695281	-20.614953	0.073874
455.000000	63.496975	2.211711	0.363266
456.000000	-86.727510	-14.454498	0.011095
457.000000	-87.838149	-59.903856	0.925926
458.000000	76.520490	37.985974	0.487012
459.000000	41.465232	86.110492	0.001999
460.000000	-72.424250	-78.691884	0.470016
461.000000	-66.103745	11.761296	0.041907
462.000000	39.125250	-59.652297	0.367464
463.000000	88.122198	51.537963	0.180617
464.000000	-47.616119	56.896739	0.003759
465.000000	85.243560	-61.504229	0.035962
466.000000	-84.200480	53.167614	0.289155
467.000000	-50.754714	30.889219	0.001256
468.000000	68.126848	-18.232541	0.226012
469.000000	-79.588215	27.545658	0.020501
470.000000	-73.692410	-0.704132	0.039744
471.000000	-59.493626	-24.293411	0.028577
472.000000	-73.271392	8.409287	0.011321
473.000000	-65.302117	-56.983415	0.010813
474.000000	90.552584	29.998265	0.000611
475.000000	68.446842	-9.146621	0.351752
476.000000	88.112971	3.262081	0.029774
477.000000	88.900886	13.335747	0.000884
478.000000	-84.232280	-5.077483	0.001498
479.000000	-76.096197	-0.446789	0.059030
480.000000	68.371712	77.570024	0.002446
481.000000	-78.224813	-37.394129	0.002105
482.000000	86.132849	-54.357841	0.001520
483.000000	69.677090	-65.391258	0.007581
484.000000	-30.954806	81.609657	0.021085
485.000000	-76.406682	88.129979	0.223914
486.000000	-85.746317	-73.610789	0.002171
487.000000	-81.528737	0.956231	0.686835
488.000000	-61.548528	39.647248	0.002187
489.000000	83.499878	52.028760	0.053947
490.000000	-82.024063	-14.155690	0.006768
491.000000	-73.024350	33.747809	0.018470
492.000000	-82.224813	-75.566524	0.000459
493.000000	-53.151425	-51.944827	0.005884
494.000000	-72.586120	34.710300	0.622376
495.000000	54.531073	-52.740872	1.159959
496.000000	75.750713	-50.696545	0.206905
497.000000	63.173481	-47.654977	0.043599
498.000000	37.931552	-0.908205	0.004226
499.000000	-76.993909	-24.837841	0.019847
500.000000	-60.300563	-11.630009	0.010307
501.000000	88.344227	-64.429976	0.004602
502.000000	-89.689521	59.890329	0.275357
503.000000	-80.900785	-14.076314	0.009334
504.000000	-64.454309	-48.003481	0.036969
505.000000	23.836864	2.528023	0.988241
506.000000	87.741439	-46.643530	0.090552
507.000000	-84.994316	2.391629	0.007273
508.000000	-83.942209	20.830471	0.008571
509.000000	-64.189264	7.743252	0.002035
510.000000	-67.929514	75.708228	1.049221
511.000000	-70.010531	-14.856665	0.035971
512.000000	-81.608478	6.353879	0.005515
513.000000	85.299868	3.781174	0.012343
514.000000	-46.132399	8.145038	0.001371
515.000000	73.499779	-6.788082	0.002278
516.000000	-64.285959	89.392640	0.001027
517.000000	-63.758374	63.217866	0.002920
518.000000	69.971287	41.422671	0.003579
519.000000	24.912845	-44.569369	1.204272
520.000000	-88.369938	90.258475	0.032229
521.000000	-87.585272	77.940924	0.005278
522.000000	-63.814802	16.881128	0.125876
523.000000	-85.035325	-9.573493	0.126330
524.000000	-42.628696	85.762888	0.008445
525.000000	-86.944668	4.080910	0.106504
526.000000	-70.586603	-28.113025	0.005405
527.000000	78.613464	52.955042	1.260327
528.000000	-84.140441	69.219412	0.001216
529.000000	82.201939	15.896249	0.000486
530.000000	-82.858406	85.205683	0.002139
531.000000	-84.192946	-44.425379	1.298707
532.000000	88.800982	-44.182662	0.004993
533.000000	-73.403423	-49.026728	0.005163
534.000000	-45.887076	-28.137049	0.239814
535.000000	79.782774	73.195046	1.189774
536.000000	-39.065937	79.357816	0.419311
537.000000	-35.689468	40.421557	0.004911
538.000000	-74.536932	-19.948492	0.004165
539.000000	76.117568	-63.514780	0.018955
540.000000	-51.926643	-67.588215	0.874783
541.000000	-58.247594	-20.737886	0.003094
542.000000	-57.161849	9.746413	0.003748
543.000000	73.371230	10.532766	0.002691
544.000000	-39.926571	81.600311	0.006290
545.000000	-59.026091	56.462274	0.010013
546.000000	78.214350	78.682709	0.030426
547.000000	-51.954387	87.694016	0.162040
548.000000	87.481941	80.538627	0.001757
549.000000	-60.181710	-34.702775	0.232543
550.000000	-76.249335	-17.077565	0.077513
551.000000	-83.077516	-68.598173	0.006156
552.000000	-44.636698	-28.347444	0.191921
553.000000	82.596577	-41.423971	0.003217
554.000000	-87.218848	47.112999	0.002578
555.000000	81.825757	-13.424595	0.000877
556.000000	-86.291772	18.778161	0.051014
557.000000	-73.631206	-16.416995	0.006374
558.000000	-74.351975	-51.692338	0.030890
559.000000	-88.327695	-10.631620	0.001565
560.000000	77.879242	40.803040	0.005467
561.000000	85.217672	40.593673	0.251503
562.000000	-80.624120	56.342681	0.004426
563.000000	74.932980	11.823052	0.030209
564.000000	84.010502	26.112971	0.006852
565.000000	-55.645082	87.069494	0.002156
566.000000	-51.689521	-28.028674	0.003088
567.000000	68.705476	7.933650	0.002423
568.000000	79.416354	35.238269	0.000901
569.000000	64.105385	-30.973065	0.403225
570.000000	-79.427499	-50.318778	0.031607
571.000000	80.645945	-45.981824	0.324098
572.000000	81.684644	59.415224	0.109067
573.000000	-75.926571	87.070803	0.378358
574.000000	-52.377719	67.896216	0.002161
575.000000	71.746068	72.327506	0.000814
576.000000	62.893245	37.483580	0.324391
577.000000	87.103158	1.464069	0.235322
578.000000	66.286092	37.054791	0.345629
579.000000	-80.932265	-44.950177	0.023922
580.000000	61.551470	-48.632968	0.001018
581.000000	-46.258614	-65.577341	0.001250
582.000000	-79.998831	-50.947538	0.228168
583.000000	55.096821	-51.059958	0.834215
584.000000	49.663631	32.794497	0.021742
585.000000	-65.501467	30.387974	0.004349
586.000000	76.253683	19.757036	0.155330
587.000000	47.871795	22.182256	0.041808
588.000000	-53.528878	-39.943842	0.183000
589.000000	-87.949742	-49.753817	0.002057
590.000000	87.435951	-62.100841	0.004421
591.000000	75.464809	36.057758	0.174827
592.000000	75.204325	47.226933	0.929720
593.000000	47.794856	31.119179	0.015593
594.000000	85.475598	14.604580	0.396619
595.000000	55.260373	48.016655	0.001626
596.000000	-75.974270	-31.214198	0.005186
597.000000	84.042704	-59.954392	0.087899
598.000000	-81.743233	27.198438	0.560854
599.000000	66.241539	-65.188156	0.603087
600.000000	42.840743	-83.879609	0.026463
601.000000	-70.821212	31.748022	0.026430
602.000000	84.637932	27.569971	0.005094
603.000000	-72.616653	66.012237	0.002519
604.000000	-84.947538	88.154225	0.002377
605.000000	-87.139241	37.001849	0.012762
606.000000	86.966356	31.820349	0.005867
607.000000	42.068467	-79.082189	0.222335
608.000000	-62.522205	-46.161832	0.005900
609.000000	-83.533561	35.905901	0.319821
610.000000	59.864188	85.951430	0.001736
611.000000	87.134200	80.664585	0.020550
612.000000	70.754916	-67.727931	0.478608
613.000000	-66.651258	13.963793	0.031724
614.000000	75.103870	0.443924	0.007617
615.000000	-64.080652	26.070453	0.004695
616.000000	-78.871494	-65.702801	0.050948
617.000000	-72.386940	48.856129	0.002897
618.000000	79.130959	43.733885	0.003740
619.000000	71.461977	26.805752	0.020011
620.000000	89.173481	79.051138	0.008249
621.000000	82.264287	-14.374900	0.001188
622.000000	-59.578668	-15.339383	0.005394
623.000000	-59.473697	-18.795356	0.002048
624.000000	39.797462	66.993234	1.722866
625.000000	78.498554	-31.947153	0.009996
626.000000	88.784062	-41.822322	0.103566
627.000000	70.868804	-55.847288	0.001481
628.000000	80.573757	-88.454570	0.227321
629.000000	-63.343593	-85.600925	0.639776
630.000000	-57.825265	-5.658676	0.004002
631.000000	-70.220177	-11.183506	0.127680
632.000000	64.110014	-78.147909	0.011138
633.000000	80.478655	30.672603	0.201245
634.000000	-86.031704	27.537963	0.093608
635.000000	67.565341	-65.329669	0.101297
636.000000	-88.209687	-55.341780	0.001481
637.000000	-52.283089	-27.348593	0.005886
638.000000	-49.557948	-54.328178	0.068952
639.000000	83.859559	-48.788088	0.004394
640.000000	-56.737934	-9.079257	0.036155
641.000000	78.140442	-30.373006	0.004750
642.000000	85.387903	-2.286127	0.005451
643.000000	71.684683	15.946698	0.002678
644.000000	58.745642	-24.313723	0.002142
645.000000	84.515879	76.189936	0.150146
646.000000	85.563633	61.257664	0.001511
647.000000	-83.135187	40.898048	0.031408
648.000000	-57.652777	30.396258	0.150384
649.000000	-45.620803	-2.322871	0.007319
650.000000	-48.060895	-47.921993	0.003306
651.000000	-72.854124	77.725945	0.406385
652.000000	65.741386	-56.108516	0.536445
653.000000	-83.680014	-42.004113	0.001936
654.000000	59.164579	-56.175283	0.002194
655.000000	-72.921744	3.736622	1.185435
656.000000	73.486934	-16.887920	0.674801
657.000000	-79.870210	40.244893	0.026604
658.000000	-90.560545	-23.274593	0.037139
659.000000	70.471122	14.107516	0.005872
660.000000	81.654342	-71.305020	0.032412
661.000000	-52.725509	-69.214164	0.001746
662.000000	-77.814802	-10.881105	0.506854
663.000000	79.948559	-68.335234	0.000612
664.000000	-75.513703	-24.375621	0.001272
665.000000	-50.735381	79.234927	0.003074
666.000000	-89.198734	33.165433	0.195403
667.000000	74.813536	34.875513	0.295899
668.000000	-59.154262	-76.775383	0.896850
669.000000	-71.294524	41.379559	0.006935
670.000000	73.536222	-4.986783	0.286189
671.000000	-55.580448	78.768568	0.002300
672.000000	-85.051748	-79.272675	0.002354
673.000000	65.648104	-84.581814	0.008911
674.000000	83.277401	47.874792	0.006167
675.000000	-73.267093	-38.008896	0.131267
676.000000	69.289551	46.259744	0.000720
677.000000	-78.792771	77.602564	0.004091
678.000000	-70.384036	54.407348	0.039793
679.000000	75.304432	-77.509033	0.052784
680.000000	67.695207	-24.125262	0.017829
681.000000	-55.750680	35.819138	0.003360
682.000000	-72.953080	71.986892	0.003974
683.000000	-63.139241	-54.551018	0.223901
684.000000	-68.063765	-58.508785	0.543187
685.000000	-83.378895	-67.916851	0.005529
686.000000	-63.634538	69.639607	1.262795
687.000000	-74.796932	-35.832707	0.690385
688.000000	-85.817744	72.694892	0.000421
689.000000	69.958983	-67.785650	0.003276
690.000000	-64.515241	-53.620782	0.024179
691.000000	-59.672586	0.332097	0.131515
692.000000	-88.539769	58.937630	0.055472
693.000000	64.673415	-46.425061	0.001467
694.000000	59.425580	88.402227	0.046503
695.000000	44.500454	80.378494	0.002522
696.000000	81.599131	32.307629	0.055946
697.000000	62.100788	-90.593523	1.714125
698.000000	57.859612	89.321259	0.005938
699.000000	-62.226520	-15.082107	0.001782
700.000000	-82.108575	-65.109665	0.373515
701.000000	83.903803	50.742586	0.002677
702.000000	75.568230	66.273775	0.027470
703.000000	80.394305	62.938254	0.199851
704.000000	68.249093	-69.203701	0.005305
705.000000	66.848575	45.384188	0.001802
706.000000	-84.128253	-2.812610	0.013270
707.000000	55.062871	-43.926942	0.003924
708.000000	-62.063765	53.928648	0.129448
709.000000	-78.120758	34.282895	0.515710
710.000000	66.848575	-58.306541	0.002735
711.000000	-53.723529	-6.579968	0.151667
712.000000	-37.215938	-20.372751	0.019019
713.000000	-83.371342	41.498881	0.002592
714.000000	42.326728	-56.919938	0.535872
715.000000	84.217220	-34.335234	0.001785
716.000000	53.607545	50.026560	0.001465
717.000000	80.708380	-55.187474	0.001336
718.000000	74.865442	47.852169	0.003341
719.000000	-60.384707	-59.107127	0.004169
720.000000	-70.915641	73.954399	0.525788
721.000000	87.326986	-59.990615	0.000768
722.000000	82.801036	-60.537396	0.024444
723.000000	-56.031704	55.557788	0.002201
724.000000	63.787371	43.550374	0.085838
725.000000	-70.837841	70.559805	0.008526
726.000000	-57.351566	26.469389	0.435644
727.000000	-64.920349	-86.666519	0.005916
728.000000	62.665774	31.058896	0.154670
729.000000	86.061153	79.410574	0.083084
730.000000	78.137485	62.297625	0.000553
731.000000	61.452764	-89.509353	0.015038
732.000000	82.636212	-60.328278	0.427204
733.000000	74.439289	-63.854532	0.001236
734.000000	-90.712196	-11.269996	0.077836
735.000000	46.928029	-5.167284	0.004041
736.000000	69.963613	3.474102	0.003479
737.000000	-24.670858	4.072758	0.000904
738.000000	-81.914368	39.380853	0.004412
739.000000	76.901040	-63.670521	0.232246
740.000000	-83.496783	-10.971054	0.047155
741.000000	-80.411293	-11.416451	0.048476
742.000000	-59.588089	-10.968062	0.001852
743.000000	-82.018900	67.572933	1.032007
744.000000	-49.493907	16.513150	0.140521
745.000000	-55.573089	-25.717096	0.001246
746.000000	79.445164	-57.179493	0.001401
747.000000	86.082729	51.599529	0.001255
748.000000	-28.744257	82.551488	0.009258
749.000000	-37.689314	-33.408931	0.006752
750.000000	61.639573	82.189391	0.699236
751.000000	74.134629	-88.143259	0.215939
752.000000	-85.423619	-23.951537	0.093936
753.000000	67.130628	33.361692	0.003260
754.000000	-68.723090	43.093353	0.003991
755.000000	-33.851966	68.412927	0.654072
756.000000	-53.798028	23.931552	0.001089
757.000000	-84.545443	-81.442678	0.000929
758.000000	-90.086054	23.620702	0.315017
759.000000	72.989999	45.942755	0.456529
760.000000	69.558106	15.846902	0.278017
761.000000	-83.681827	-23.343253	0.001418
762.000000	62.625788	19.232150	0.624965
763.000000	77.844373	-48.295439	0.096139
764.000000	-50.600453	79.051912	0.017678
765.000000	70.543310	3.906393	0.466890
766.000000	-86.664914	-86.350959	0.000406
767.000000	-70.562303	-49.811070	1.032760
768.000000	74.174735	-39.309758	0.160690
769.000000	-74.683319	-7.791271	0.007573
770.000000	-68.145086	-12.912621	0.093408
771.000000	-63.862689	-10.306508	0.561272
772.000000	22.064062	11.814092	0.324198
