Thin Section: 	C:\Ice Data\2017-03-09-Thu\11.09 1339   VTS SPICE

Results: 	C:\Ice Results\2017-03-09-Thu\11.09 1339   VTS SPICE\2017-03-13-Mon, 12.02

Sequence Angles: 
xi	phi inner
0	0
45	0
45	-45
45	-90
45	-135
45	-180
45	-225
45	-270
45	-315

Threshold: 
45.000

Grain #		theta		phi	Rsquared

0.000000	70.419324	22.753136	0.004551
1.000000	-87.536345	-34.098291	0.004856
2.000000	72.713063	33.701657	0.005941
3.000000	78.952824	-56.726995	0.018320
4.000000	-88.247594	-52.489221	0.123485
5.000000	85.457414	-55.352177	0.001727
6.000000	78.374654	77.361120	0.049313
7.000000	-90.789882	70.880690	0.001087
8.000000	79.040647	-0.001417	0.001226
9.000000	-83.131196	60.335007	0.001836
10.000000	-88.550265	62.022826	0.000819
11.000000	76.500454	27.092257	0.001574
12.000000	-88.129966	-30.828993	0.001691
13.000000	73.577231	75.841745	0.002517
14.000000	78.585993	43.936202	0.053188
15.000000	-85.589902	-20.980506	0.001792
16.000000	-86.800319	-50.395305	0.012927
17.000000	83.336192	46.892574	0.034390
18.000000	-79.652777	25.743339	0.279255
19.000000	87.852091	-10.745420	0.001231
20.000000	85.565326	-52.528117	0.002183
21.000000	82.167592	-55.262059	0.003256
22.000000	80.471122	-17.743266	0.002391
23.000000	82.878137	-81.669590	0.001547
24.000000	-78.722638	53.469459	0.001978
25.000000	-90.436367	-43.299648	0.001899
26.000000	82.246183	82.364105	0.343989
27.000000	73.129550	32.950491	0.001893
28.000000	-71.563809	-82.456895	0.006863
29.000000	73.316121	59.435192	0.002257
30.000000	-86.890730	-80.668337	0.002991
31.000000	67.648004	-6.839567	0.006811
32.000000	-79.825265	72.137499	0.001628
33.000000	75.134180	35.511044	0.002062
34.000000	83.891445	-73.423340	0.003261
35.000000	-81.830688	-89.309670	0.008848
36.000000	80.948252	-88.617856	0.003031
37.000000	69.911336	-41.595682	0.011407
38.000000	75.939105	54.477634	0.001394
39.000000	-81.573122	-61.114155	0.001684
40.000000	85.469371	63.000003	0.001177
41.000000	82.567818	-32.351834	0.006172
42.000000	-89.159066	22.728575	0.009600
43.000000	-88.747160	75.361342	0.000709
44.000000	82.500274	-49.753850	0.002487
45.000000	81.245253	10.941158	0.002293
46.000000	65.475997	-50.549859	0.007083
47.000000	77.153830	72.110527	0.005555
48.000000	84.833381	11.956119	0.002297
49.000000	84.334953	55.714128	0.017593
50.000000	77.037398	59.119432	0.039859
51.000000	69.423887	-18.234865	0.003931
52.000000	-70.419605	-49.773533	0.774727
53.000000	86.253863	-61.264995	0.004567
54.000000	75.722167	8.223861	0.001314
55.000000	-69.521203	63.024264	0.002316
56.000000	-86.993876	-59.054676	0.005239
57.000000	70.491000	68.560284	0.060985
58.000000	74.905569	-12.990737	0.001914
59.000000	-80.662014	84.839892	0.000943
60.000000	75.854962	77.069242	0.004417
61.000000	83.580395	38.820014	0.001448
62.000000	-87.094470	61.310921	0.001328
63.000000	-83.994148	83.249897	0.020851
64.000000	81.007377	3.199940	0.039368
65.000000	72.680968	87.015478	0.013020
66.000000	77.852091	3.597968	0.006709
67.000000	84.374654	7.588075	0.000793
68.000000	83.951430	32.275341	0.001156
69.000000	76.665774	19.837044	0.001781
70.000000	-75.817711	87.389664	0.003339
71.000000	68.745583	-2.016450	0.003392
72.000000	83.274491	61.963646	0.002336
73.000000	85.911303	-45.961946	0.004242
74.000000	88.285837	-51.019195	0.001341
75.000000	80.137499	-35.590998	0.046240
76.000000	72.407348	27.926557	0.004304
77.000000	81.401833	-25.722253	0.001903
78.000000	-82.949240	64.621105	0.005710
79.000000	84.167625	19.054178	0.008585
80.000000	77.992638	77.084209	0.004237
81.000000	-86.179970	76.985104	0.002175
82.000000	82.164722	70.983397	0.008681
83.000000	-82.147909	-87.362068	0.042355
84.000000	68.364158	-69.882345	0.008555
85.000000	79.648025	19.933824	0.001992
86.000000	79.896249	-0.096230	0.998228
87.000000	88.552584	65.678903	0.002602
88.000000	66.968130	-66.968382	0.004218
89.000000	86.760424	-17.343910	0.004376
90.000000	77.799554	53.374697	0.002559
91.000000	62.563168	-52.330404	0.012443
92.000000	-88.871547	69.242430	0.000650
93.000000	70.930076	-79.981485	0.006379
94.000000	-89.271425	47.992093	0.001115
95.000000	-78.024063	63.175168	0.081989
96.000000	85.344577	60.297625	0.005877
97.000000	78.613464	67.407908	0.002405
98.000000	-91.049862	-75.722877	0.001903
99.000000	74.264287	-26.639087	0.003101
100.000000	80.567818	75.731015	0.002154
101.000000	75.810736	46.979217	0.002012
102.000000	-86.103751	-77.435092	0.002820
103.000000	84.169333	-71.435092	0.006688
104.000000	-81.568531	53.617738	0.000581
105.000000	80.330356	19.818410	0.000778
106.000000	75.087151	-7.003061	0.003519
107.000000	-87.044107	53.705324	0.005341
108.000000	67.472274	-41.820051	0.070487
109.000000	-90.474220	59.762809	0.000634
110.000000	77.017747	15.559885	0.001616
111.000000	-83.761317	-82.951638	0.002863
112.000000	77.480195	-24.265949	0.004367
113.000000	-71.773500	-79.635895	0.003238
114.000000	84.752798	44.955893	0.009381
115.000000	87.114583	-28.779892	0.001901
116.000000	69.593323	-36.080964	0.002946
117.000000	-86.352028	73.604422	0.000597
118.000000	87.014859	86.300036	0.004363
119.000000	79.331636	-76.149682	0.002666
120.000000	70.757874	51.556315	0.003004
121.000000	-87.904986	84.960543	0.027611
122.000000	83.928681	-41.986507	0.003040
123.000000	86.552584	-63.346502	0.003821
124.000000	84.725584	84.898015	0.000810
125.000000	70.813503	42.354918	0.024800
126.000000	-87.286653	84.550173	0.003153
127.000000	-86.727282	41.752865	0.000823
128.000000	-87.331409	-66.209493	0.002202
129.000000	-84.950505	-53.956012	0.025248
130.000000	81.669575	38.498201	0.001081
131.000000	-89.560711	-3.013612	0.001234
132.000000	-88.797415	4.801069	0.019246
133.000000	-86.003481	53.389644	0.006274
134.000000	75.220542	72.511732	0.001706
135.000000	85.585024	35.871775	0.000096
136.000000	-86.932532	82.693326	0.010798
137.000000	78.913069	20.063745	0.010999
138.000000	88.865475	-49.044068	0.004115
139.000000	87.859612	54.182289	0.003723
140.000000	87.363623	-82.515069	0.001649
141.000000	80.868804	-70.160898	0.001595
142.000000	89.114216	77.854103	0.043805
143.000000	78.531107	27.466747	0.000742
144.000000	84.249093	70.371697	0.013187
145.000000	68.090364	-9.942209	0.004738
146.000000	72.882544	-4.862349	0.001949
147.000000	68.253683	-81.157204	0.004000
148.000000	86.848609	16.068341	0.033904
149.000000	87.236006	-66.028707	0.002871
150.000000	73.812477	61.711098	0.006356
151.000000	84.352008	-51.121902	0.085145
152.000000	-85.906766	-53.946892	0.007635
153.000000	83.449907	26.775258	0.002100
154.000000	-90.187523	51.318356	0.001019
155.000000	-85.079257	69.960802	0.000977
156.000000	69.661895	40.284929	0.016370
157.000000	-88.772287	83.580362	0.001303
158.000000	79.153850	25.042377	0.010146
159.000000	81.404703	73.251942	0.002343
160.000000	86.990650	-22.768192	0.001355
161.000000	69.578654	-7.737007	0.002268
162.000000	77.560744	60.523393	0.001044
163.000000	-84.100880	-34.835289	0.017163
164.000000	84.182256	-37.260318	0.003387
165.000000	-84.988854	-47.886990	0.001939
166.000000	84.038054	-5.655720	0.000963
167.000000	85.157766	4.905548	0.022892
168.000000	-88.851896	-57.289847	0.005499
169.000000	81.025235	-36.830771	0.107646
170.000000	87.321245	51.140769	0.001522
171.000000	67.931552	9.725202	0.004941
172.000000	80.840934	-18.357782	0.000840
173.000000	-90.920435	-88.795269	0.001451
174.000000	64.560177	2.229442	0.040360
175.000000	85.714007	-63.262092	0.004138
176.000000	-86.965511	-51.117218	0.012754
177.000000	-84.076002	-63.675403	0.243345
178.000000	-83.712167	73.239560	0.006048
179.000000	76.399635	61.043768	0.001841
180.000000	-81.741492	84.095014	0.002453
181.000000	73.044845	64.119753	0.002546
182.000000	-84.595303	-78.028713	0.016408
183.000000	70.161779	36.943569	0.010202
184.000000	87.240656	51.286754	0.001570
185.000000	-87.541028	14.998591	0.000768
186.000000	-85.645121	-76.369971	0.001380
187.000000	78.816494	54.264287	0.043944
188.000000	-80.103751	57.747809	0.000878
189.000000	82.827568	40.388492	0.001168
190.000000	73.657212	42.005852	0.018300
191.000000	79.543689	45.556154	0.001169
192.000000	-74.063798	-54.466720	0.002554
193.000000	70.584253	-39.839734	0.003711
194.000000	62.648920	-0.226500	0.005734
195.000000	-84.804969	-74.267013	0.003536
196.000000	87.669416	-29.134105	0.001316
197.000000	-88.362471	-63.012026	0.001964
198.000000	83.443418	-14.038798	0.001257
199.000000	76.399674	-26.300123	0.001081
200.000000	80.154259	12.356691	0.002240
201.000000	72.515912	-4.016470	0.020221
202.000000	79.392553	-55.191851	0.003386
203.000000	80.154312	-78.911108	0.003352
204.000000	77.025235	-12.659689	0.001210
205.000000	84.840934	78.800949	0.001140
206.000000	82.637932	-56.404903	0.003717
207.000000	80.325727	19.388030	0.302331
208.000000	76.816494	-45.711205	0.004555
209.000000	75.272718	-50.787533	0.003576
210.000000	-79.589902	85.715820	0.004797
211.000000	-84.200480	25.415137	0.000384
212.000000	76.300036	-83.257448	0.004136
213.000000	80.753742	-68.016437	0.006304
214.000000	70.808853	-66.157182	0.066048
215.000000	83.839734	-48.152819	0.003385
216.000000	-77.039424	44.535718	0.001307
217.000000	77.548514	48.578899	0.002429
218.000000	85.867145	13.039118	0.000625
219.000000	79.628061	-51.380190	0.002690
220.000000	87.110745	-89.299154	0.002437
221.000000	85.178024	79.187757	0.000542
222.000000	-85.697060	-70.217226	0.007463
223.000000	76.673415	42.703817	0.003633
224.000000	88.065803	-51.628288	0.001586
225.000000	77.787371	-43.394129	0.001341
226.000000	-80.610356	-39.039424	0.048886
227.000000	70.278245	59.998265	0.002404
228.000000	77.481989	-40.725769	0.002728
229.000000	58.917785	14.423636	0.005583
230.000000	88.013493	58.710438	0.001826
231.000000	64.281154	47.827710	0.009548
232.000000	84.161812	-24.362418	0.001679
233.000000	76.085560	-40.871460	0.001446
234.000000	77.975937	3.298825	0.001764
235.000000	78.601227	-63.174173	0.004631
236.000000	71.804204	-31.254456	0.005272
237.000000	-86.591167	-49.400049	0.002156
238.000000	78.860759	-15.211255	0.000700
239.000000	-86.844429	31.723281	0.000713
240.000000	89.422671	-1.277238	0.001373
241.000000	89.835084	84.641295	0.001408
242.000000	79.480248	-45.295537	0.005526
243.000000	84.840881	-85.867339	0.001647
244.000000	82.781104	47.750926	0.002854
245.000000	-83.077516	-74.847333	0.001246
246.000000	83.818256	-37.589436	0.002132
247.000000	-87.718813	-83.150908	0.138556
248.000000	76.399635	-47.252677	0.006898
249.000000	78.317044	73.948526	0.001605
250.000000	79.341262	84.958802	0.059186
251.000000	79.129550	73.077029	0.004099
252.000000	80.848575	67.914353	0.002991
253.000000	85.784467	10.445573	0.002905
254.000000	79.298771	59.167668	0.001850
255.000000	79.533333	52.304719	0.009830
256.000000	77.457347	-56.404584	0.002980
257.000000	73.179851	-36.498381	0.004134
258.000000	-87.716817	48.637899	0.001592
259.000000	78.456030	49.820030	0.006265
260.000000	74.359529	35.449735	0.012675
261.000000	-84.551932	-54.926359	0.007570
262.000000	77.876371	9.755309	0.003956
263.000000	-73.449190	86.157396	0.003057
264.000000	-86.718041	-81.129455	0.003599
265.000000	87.323072	44.332044	0.002962
266.000000	77.891445	46.073357	0.035585
267.000000	83.585024	-64.625217	0.023416
268.000000	-82.406682	76.376255	0.004404
269.000000	85.698895	-51.773553	0.002695
270.000000	-86.853584	-26.138364	0.003071
271.000000	88.966356	17.854947	0.000699
272.000000	-89.449190	50.374197	0.120059
273.000000	77.822901	-19.349406	0.000743
274.000000	70.850388	-45.722233	0.567884
275.000000	-84.982232	88.417772	0.001087
276.000000	-90.754660	-41.462151	0.003548
277.000000	-84.485220	-5.613791	0.003711
278.000000	86.416468	-70.271894	0.007765
279.000000	75.457342	43.370133	0.031167
280.000000	84.001169	71.792053	0.002372
281.000000	-87.765946	5.617738	0.002533
282.000000	83.242397	-61.954426	0.001844
283.000000	-88.809551	-46.614879	0.002440
284.000000	78.770575	65.553191	0.002576
285.000000	76.503183	-29.013766	0.002170
286.000000	74.821177	-39.254538	0.004755
287.000000	78.650628	-82.091514	0.007198
288.000000	79.210085	-64.842525	0.003252
289.000000	51.412020	56.627283	0.834380
290.000000	83.368392	-78.920208	0.002437
291.000000	77.304518	36.508658	0.002678
292.000000	87.272751	64.713150	0.001972
293.000000	77.389644	-40.330551	0.001050
294.000000	-83.048839	-59.847429	0.002189
295.000000	-88.903322	6.419358	0.849736
296.000000	83.911303	70.525173	0.001297
297.000000	76.573757	69.048398	0.000831
298.000000	73.936235	6.573757	0.029864
299.000000	-90.108555	-27.857924	0.009600
300.000000	88.053108	-74.454570	0.003943
301.000000	86.572501	-48.290636	0.025162
302.000000	81.851831	47.565394	0.005438
303.000000	79.715781	-70.111338	0.014767
304.000000	85.536169	61.078270	0.001216
305.000000	80.491000	41.838081	0.051060
306.000000	80.243280	9.760026	0.004394
307.000000	77.359047	-24.145897	0.002411
308.000000	73.249897	-14.899044	0.002119
309.000000	-74.654114	-68.377752	0.002814
310.000000	90.065803	16.988008	0.066791
311.000000	-84.371712	87.417061	0.014761
312.000000	88.332044	-23.838188	0.001278
313.000000	88.621105	-77.725156	0.028818
314.000000	-83.303857	77.136046	0.002014
315.000000	88.857870	75.103880	0.000618
316.000000	80.716251	12.149668	0.010883
317.000000	-86.056245	39.377600	0.001565
318.000000	62.917752	-70.562042	0.034024
319.000000	85.252786	64.280651	0.002139
320.000000	78.873487	58.244662	0.002749
321.000000	81.807054	79.634625	0.006860
322.000000	70.546181	16.379251	0.004470
323.000000	73.454504	26.598284	0.006977
324.000000	84.821177	41.009007	0.007310
325.000000	90.480537	44.810681	0.024426
326.000000	84.997021	-2.959188	0.005274
327.000000	-68.249248	-75.986556	0.007747
328.000000	77.802424	-65.825265	0.001064
329.000000	-86.809512	-74.747972	0.021076
330.000000	-82.320001	85.139037	0.004829
331.000000	81.514780	-85.304298	0.000349
332.000000	-90.515122	-38.344343	0.046167
333.000000	73.395510	69.741922	0.011298
334.000000	67.249951	-16.158593	0.002522
335.000000	-77.294491	-52.261432	0.005342
336.000000	86.396765	3.462025	0.067524
337.000000	84.625749	-79.677182	0.003634
338.000000	66.555493	18.535616	0.006307
339.000000	78.734999	57.659025	0.010208
340.000000	79.486565	59.039085	0.006625
341.000000	-85.557808	55.458870	0.001191
342.000000	85.728106	14.411818	0.001941
343.000000	90.431508	82.613584	0.012245
344.000000	-80.649512	41.459333	0.001015
345.000000	68.825827	77.004580	0.002300
346.000000	87.521082	66.801069	0.000989
347.000000	88.488058	-55.643395	0.001345
348.000000	81.911303	76.520490	0.002698
349.000000	65.331636	-54.498375	0.002654
350.000000	66.511229	19.084388	0.009284
351.000000	-86.614986	-64.906511	0.000632
352.000000	-86.160266	-76.074222	0.002363
353.000000	76.690242	-74.080652	0.014217
354.000000	85.026220	-29.266742	0.008926
355.000000	-88.266115	-69.326585	0.001024
356.000000	88.633249	4.552584	0.001408
357.000000	75.165927	89.225768	0.032000
358.000000	72.765837	83.422724	0.055507
359.000000	67.975937	65.434854	0.005149
360.000000	65.122136	7.415522	0.007462
361.000000	-88.973092	-44.274480	0.212354
362.000000	-87.326624	-19.833538	0.000982
363.000000	-83.334298	-66.138715	0.000922
364.000000	-90.299818	-4.009289	0.002915
365.000000	-85.857924	86.234033	0.002358
366.000000	88.053108	-83.277325	0.001199
367.000000	75.378697	83.693459	0.001817
368.000000	84.878171	68.244691	0.002942
369.000000	-70.989720	-80.718847	0.006878
370.000000	84.938924	-72.510439	0.003409
371.000000	74.980454	43.990711	0.001283
372.000000	72.391362	11.960763	0.002787
373.000000	76.948252	51.422724	0.000625
374.000000	-82.369932	-88.885711	0.001070
375.000000	52.137484	66.923059	0.002067
376.000000	83.963613	39.770591	0.025992
377.000000	81.747756	-68.644834	0.022973
378.000000	-83.575978	54.702567	0.000993
379.000000	-88.519805	-38.675773	0.045409
380.000000	82.070486	-15.504376	0.002820
381.000000	82.374568	69.890310	0.001101
382.000000	77.762809	46.197342	0.004862
383.000000	-85.782780	-68.768027	0.002825
384.000000	-86.151040	-67.611508	0.001323
385.000000	-86.456050	67.600258	0.003896
386.000000	79.122136	34.419807	0.000379
387.000000	78.963485	-53.799607	0.004606
388.000000	87.802424	34.980487	0.000774
389.000000	78.621105	40.531292	0.002156
390.000000	88.764096	-18.671593	0.010895
391.000000	80.475713	72.882782	0.001559
392.000000	78.410098	51.484441	0.108043
393.000000	74.278245	8.955893	0.006116
394.000000	88.182289	-19.652903	0.003573
395.000000	-87.101952	70.805752	0.022791
396.000000	72.850316	57.009117	0.019933
397.000000	74.546214	55.487922	0.001293
398.000000	74.013493	8.154312	0.003425
399.000000	-72.253932	-77.209596	0.002943
400.000000	81.615964	65.182793	0.001335
401.000000	86.379159	21.888521	0.001259
402.000000	75.569971	10.621066	0.001954
403.000000	-71.781000	-88.152819	0.002378
404.000000	80.930076	-27.279066	0.002006
405.000000	-87.411016	29.963646	0.002380
406.000000	72.315264	23.382250	0.002181
407.000000	-85.942209	-36.856493	0.001091
408.000000	69.053592	13.110814	0.078049
409.000000	83.368392	-60.727776	0.001883
410.000000	83.378697	-71.161849	0.003040
411.000000	76.897976	-7.721755	0.003118
412.000000	67.632932	-36.365375	0.005099
413.000000	81.915986	16.332044	0.018849
414.000000	81.137017	69.424682	0.001646
415.000000	83.827551	86.842796	0.002692
416.000000	83.871742	23.214729	0.000742
417.000000	-85.628309	8.661052	0.135349
418.000000	82.282895	-67.942176	0.002277
419.000000	79.418094	-23.459599	0.001127
420.000000	76.752798	-4.980512	0.001920
421.000000	75.195099	67.634658	0.003092
422.000000	-85.178823	64.958011	0.002898
423.000000	-87.657493	88.843925	0.031918
424.000000	82.946511	80.362471	0.002303
425.000000	78.065803	-75.209514	0.002454
426.000000	-87.324844	33.732756	0.037383
427.000000	-88.948765	18.110035	0.000689
428.000000	78.234033	-3.733939	0.001834
429.000000	82.226500	-7.269684	0.001713
430.000000	88.243280	47.883892	0.000840
431.000000	71.205542	-30.108062	0.001900
432.000000	78.555493	61.657392	0.004405
433.000000	63.286588	3.325823	0.007769
434.000000	-88.577276	-32.893303	0.001880
435.000000	70.972780	27.560744	0.040449
436.000000	74.567812	10.822885	0.001060
437.000000	75.156668	35.573054	0.001303
438.000000	79.148109	45.721394	0.002469
439.000000	70.097918	6.125068	0.002714
440.000000	-89.692431	0.528197	0.001104
441.000000	69.404736	-38.355743	0.017206
442.000000	81.222322	-54.206643	0.002244
443.000000	-87.961946	66.038054	0.000697
444.000000	80.129751	-86.939984	0.003345
445.000000	83.743126	71.069242	0.001490
446.000000	87.928681	-3.209514	0.001155
447.000000	79.718652	-79.334144	0.003330
448.000000	72.142076	12.730349	0.001802
449.000000	84.825827	-48.078093	0.008605
450.000000	70.585993	48.787582	0.030906
451.000000	-87.484121	38.610980	0.012203
452.000000	87.681773	24.581343	0.001323
453.000000	-56.518179	19.048613	0.003651
454.000000	78.371659	26.206655	0.002113
455.000000	83.583458	74.845705	0.001132
456.000000	-67.121829	55.434772	0.003705
457.000000	84.773478	40.650661	0.002176
458.000000	66.771737	-17.841256	0.005940
459.000000	73.237747	10.757448	0.001587
460.000000	76.241539	-42.362345	0.002910
461.000000	82.813503	78.389443	0.002386
462.000000	71.230595	-0.880338	0.049035
463.000000	59.460231	-21.960244	0.005466
464.000000	73.257436	-65.419858	0.004589
465.000000	-74.291772	-59.643342	0.002957
466.000000	-69.421593	3.664766	0.004259
467.000000	-89.026550	63.640954	0.001144
468.000000	66.558484	-37.988248	0.004023
469.000000	85.107754	-75.262289	0.002460
470.000000	78.899756	1.415170	0.011204
471.000000	86.768834	-39.980573	0.000941
472.000000	76.206569	14.194386	0.002909
473.000000	-80.542658	-40.163190	0.003103
474.000000	79.649712	16.364125	0.001904
475.000000	-87.669644	74.068746	0.001020
476.000000	86.471122	-85.089748	0.008006
477.000000	72.367014	77.327397	0.003696
478.000000	70.122251	64.332044	0.001680
479.000000	-79.343593	-75.845249	0.035679
480.000000	85.948559	22.914843	0.008477
481.000000	76.650628	-18.991113	0.002016
482.000000	83.775187	-64.930791	0.001240
483.000000	-86.071319	-52.394499	0.020618
484.000000	-82.024030	-89.051715	0.161203
485.000000	73.137017	54.648536	0.001987
486.000000	88.322856	59.465088	0.003258
487.000000	69.492312	-36.985155	0.006798
488.000000	80.008843	-72.968468	0.003747
489.000000	61.103880	-39.145001	0.010993
490.000000	-87.031870	-22.854800	0.000659
491.000000	-86.347346	85.372957	0.001102
492.000000	82.386751	-35.368007	0.032554
493.000000	81.933331	3.939105	0.001571
494.000000	54.234039	32.930076	0.003257
495.000000	73.815347	-13.297433	0.002131
496.000000	81.679999	52.917752	0.020133
497.000000	86.194439	58.451433	0.001830
498.000000	-86.535185	71.348643	0.000545
499.000000	-85.560750	86.805944	0.001025
500.000000	81.282012	-80.856665	0.003502
501.000000	77.689273	24.682742	0.001261
502.000000	75.708228	31.064559	0.001810
503.000000	87.428537	79.833742	0.001150
504.000000	84.708697	34.235595	0.008482
505.000000	82.690242	-55.699931	0.001503
506.000000	77.856741	37.770591	0.002547
507.000000	88.656441	-28.896015	0.004160
508.000000	-76.336975	-75.489142	0.085115
509.000000	-89.526007	-41.953582	0.011289
510.000000	62.602968	-9.046977	0.010531
511.000000	63.516592	33.851903	0.001760
512.000000	73.556100	29.397236	0.001644
513.000000	83.287804	71.742300	0.003248
514.000000	-85.369601	-46.923238	0.006966
515.000000	76.756489	72.049054	0.001942
516.000000	75.693957	-67.309670	0.001783
517.000000	-89.870021	44.100788	0.000830
518.000000	73.242430	-12.856559	0.001700
519.000000	60.008843	-5.491714	0.028727
520.000000	-78.430029	-65.670860	0.005240
521.000000	-90.671274	85.928681	0.001314
522.000000	74.364158	83.374697	0.004332
523.000000	78.038054	40.705470	0.014798
524.000000	58.108501	-21.436296	0.002404
525.000000	84.253825	-36.926162	0.002093
526.000000	77.219412	25.163091	0.000832
527.000000	82.287833	-28.028713	0.001660
528.000000	87.593318	-29.439742	0.010016
529.000000	72.344280	20.570853	0.002392
530.000000	81.055285	-65.690278	0.001193
531.000000	66.045608	68.593634	0.013920
532.000000	77.728106	-10.155603	0.002020
533.000000	74.097918	-79.435058	0.004674
534.000000	84.194386	15.971287	0.001150
535.000000	82.716251	6.596226	0.004261
536.000000	87.700182	65.120553	0.000464
537.000000	-77.697060	-62.844376	0.002773
538.000000	-80.889564	65.916166	0.009587
539.000000	85.578654	77.709190	0.000978
540.000000	67.304518	53.755348	0.002741
541.000000	72.676318	31.924370	0.000453
542.000000	85.903803	-8.024063	0.003464
543.000000	-80.640953	-58.922721	0.002246
544.000000	84.045574	-6.851896	0.002082
545.000000	90.065803	-59.810191	0.008559
546.000000	68.100788	-28.780588	0.002361
547.000000	81.891425	-50.915771	0.009660
548.000000	65.389644	-31.105068	0.011242
549.000000	83.122136	-39.050498	0.003270
550.000000	83.721541	55.500594	0.006271
551.000000	77.416354	-84.323012	0.002665
552.000000	-82.357788	-49.906766	0.081105
553.000000	87.528636	2.845738	0.000624
554.000000	80.189756	0.621066	0.002187
555.000000	73.252807	-0.011787	0.003495
556.000000	-84.668438	-42.760638	0.002881
557.000000	77.679999	7.794996	0.004608
558.000000	-90.006385	-58.947538	0.027328
559.000000	-73.154295	-72.992162	0.002589
560.000000	81.023349	-61.726346	0.002283
561.000000	70.352008	-4.777717	0.003145
562.000000	82.226500	-31.623691	0.004121
563.000000	72.613545	6.960576	0.014011
564.000000	59.486565	43.804923	0.002173
565.000000	82.344227	38.810681	0.016148
566.000000	89.958983	-59.398812	0.000634
567.000000	79.012021	43.337953	0.024868
568.000000	80.161779	-85.097341	0.012301
569.000000	-88.207947	31.138758	0.000899
570.000000	83.420983	67.991787	0.002020
571.000000	-88.237152	16.535790	0.001377
572.000000	64.526303	-78.867181	0.037929
573.000000	69.294195	52.515840	0.004355
574.000000	78.585993	10.191482	0.001496
575.000000	84.776387	18.534480	0.001295
576.000000	-87.488804	73.484599	0.000984
577.000000	-82.120758	-89.267905	0.031215
578.000000	69.385014	12.983324	0.002258
579.000000	89.645116	-19.305108	0.022961
580.000000	76.765837	52.258508	0.004110
581.000000	53.900714	-27.206638	0.011105
582.000000	82.214350	75.822901	0.000894
583.000000	80.531107	-75.870210	0.056098
584.000000	84.515912	76.768670	0.071478
585.000000	74.292516	-4.489221	0.004164
586.000000	83.377653	41.120586	0.006586
587.000000	87.844364	-49.877802	0.000930
588.000000	86.110014	57.968296	0.001326
589.000000	75.324168	-16.142236	0.001822
590.000000	83.533333	87.779837	0.003577
591.000000	64.033250	-67.810191	0.007726
592.000000	69.430224	-21.302083	0.003388
593.000000	70.194439	-9.865458	0.005563
594.000000	61.162991	-12.750629	0.006649
595.000000	89.143335	-60.777717	0.001345
596.000000	-81.286659	-64.871494	0.046467
597.000000	74.608780	59.316822	0.002582
598.000000	-79.667956	-85.838188	0.001746
599.000000	76.105385	13.847181	0.007720
600.000000	79.560744	70.790486	0.002124
601.000000	70.053108	-8.342788	0.004387
602.000000	74.085540	-39.798008	0.002913
603.000000	-78.335249	-41.427499	0.160873
604.000000	-79.800964	-69.107798	0.001954
605.000000	87.178110	-49.983565	0.001514
606.000000	82.161812	85.365536	0.012306
607.000000	72.771737	6.370349	0.001857
608.000000	82.717991	4.972900	0.002195
609.000000	83.871742	43.279141	0.006014
610.000000	82.241500	40.931904	0.031407
611.000000	90.070486	-54.985141	0.002394
612.000000	90.963485	-70.590318	0.171438
613.000000	78.585993	-71.655686	0.009180
614.000000	84.665774	62.643533	0.001121
615.000000	77.896249	-22.291739	0.010527
616.000000	85.079651	-43.770590	0.002484
617.000000	74.845705	27.671668	0.001268
618.000000	88.174594	62.067583	0.010407
619.000000	82.761187	40.364105	0.002659
620.000000	-71.346463	-46.596695	0.007989
621.000000	87.134200	51.457555	0.001024
622.000000	84.001169	74.798357	0.001384
623.000000	69.815353	-83.180151	0.110619
624.000000	72.431469	30.742640	0.005857
625.000000	-84.296455	39.537930	0.000739
626.000000	77.371230	8.459026	0.003499
627.000000	85.017747	70.813590	0.001186
628.000000	77.661862	15.294228	0.017108
629.000000	88.885691	12.236098	0.004030
630.000000	82.678059	45.794871	0.013238
631.000000	71.836777	59.851864	0.027760
632.000000	78.611651	-9.678174	0.005209
633.000000	70.295386	-6.686175	0.026564
634.000000	69.477378	-50.108395	0.006563
635.000000	81.630062	-14.939984	0.004955
636.000000	79.770591	-19.068183	0.000999
637.000000	77.767720	3.811737	0.001917
638.000000	85.879242	-4.353191	0.002359
639.000000	80.493870	2.007554	0.001698
640.000000	65.980620	49.815347	0.003447
641.000000	78.312394	-31.583532	0.002137
642.000000	85.680033	-89.171796	0.005827
643.000000	70.169405	84.512517	0.038804
644.000000	-87.874932	-65.598585	0.000581
645.000000	72.860812	32.411066	0.001829
646.000000	87.583304	54.232401	0.024507
647.000000	85.046097	-54.847068	0.018156
648.000000	79.565394	87.007252	0.001972
649.000000	87.337933	-7.236979	0.162052
650.000000	51.324531	64.026107	0.001630
651.000000	-89.712167	51.125550	0.000892
652.000000	-77.986507	30.129979	0.002337
653.000000	65.563654	68.025769	0.003622
654.000000	80.768828	-34.708762	0.002463
655.000000	72.070486	-18.330430	0.001357
656.000000	81.715748	42.995528	0.000797
657.000000	83.360859	54.625788	0.001565
658.000000	87.654342	-0.598119	0.006505
659.000000	-89.906766	86.100788	0.001857
660.000000	-88.525985	87.654428	0.150209
661.000000	72.334953	30.263476	0.001132
662.000000	83.960763	85.812477	0.001001
663.000000	-81.531787	-88.284252	0.062618
664.000000	74.332044	-55.154334	0.007375
665.000000	-84.976651	43.318934	0.001593
666.000000	78.680968	18.465628	0.001965
667.000000	-86.440996	-73.528737	0.004973
668.000000	71.782774	59.406510	0.005152
669.000000	-82.710503	-68.715046	0.001315
670.000000	87.992321	-19.189406	0.000790
671.000000	-83.649960	-27.122180	0.002047
672.000000	81.028032	-6.973924	0.001298
673.000000	81.075054	44.414781	0.010133
674.000000	80.307590	-50.548399	0.006373
675.000000	-81.464282	-62.980578	0.001882
676.000000	62.416415	6.854979	0.005655
677.000000	-83.149612	28.104666	0.001162
678.000000	-88.179970	82.985104	0.008889
679.000000	90.395024	7.548997	0.001463
680.000000	-86.554841	-71.598585	0.001679
681.000000	87.294147	67.553143	0.005070
682.000000	-82.994316	-64.150548	0.055071
683.000000	71.820030	-19.381979	0.031248
684.000000	-90.456311	-81.268036	0.001325
685.000000	75.333309	28.157396	0.001699
686.000000	-73.469068	-88.620441	0.017201
687.000000	85.233103	43.024405	0.001499
688.000000	76.197295	-78.731447	0.006319
689.000000	-85.449123	-82.668849	0.001503
690.000000	-88.693762	65.844310	0.000688
691.000000	82.292516	-5.606139	0.002090
692.000000	-84.333455	43.610118	0.001070
693.000000	78.295425	28.669038	0.000904
694.000000	70.705496	-53.349684	0.003386
695.000000	-85.894562	-23.954426	0.006412
696.000000	-89.957296	-39.201643	0.003530
697.000000	-77.041165	82.172204	0.005114
698.000000	66.665681	-38.301393	0.005735
699.000000	-87.768903	68.485187	0.000958
700.000000	86.540368	-86.940038	0.002192
701.000000	77.864188	-6.043920	0.003079
702.000000	83.560697	-78.498215	0.004741
703.000000	82.197342	-2.617889	0.002388
704.000000	78.745549	10.751189	0.002483
705.000000	83.395490	-46.036174	0.000768
706.000000	78.575405	-30.311191	0.002195
707.000000	-87.551471	89.330399	0.004003
708.000000	81.879242	64.319914	0.040139
709.000000	83.800683	46.065383	0.002203
710.000000	82.604097	-58.917251	0.025950
711.000000	-79.728159	-68.124866	0.003576
712.000000	82.389621	68.371697	0.005336
713.000000	-84.624207	-35.381766	0.002830
714.000000	-88.123575	-76.649464	0.001709
715.000000	-73.149612	84.063218	0.002718
716.000000	83.596227	-3.291533	0.005482
717.000000	85.010280	86.693293	0.001547
718.000000	76.584219	-62.705819	0.001858
719.000000	-90.288863	50.553855	0.006536
720.000000	79.042028	52.205559	0.002382
721.000000	72.601227	51.497169	0.171705
722.000000	66.451433	-62.128172	0.004219
723.000000	85.660155	-9.215905	0.001673
724.000000	84.097918	-78.634636	0.076643
725.000000	88.990878	35.128387	0.001667
726.000000	-81.362068	-34.935441	0.148048
727.000000	67.103859	-33.447416	0.003501
728.000000	78.725671	-12.466173	0.006288
729.000000	84.648887	-63.662867	0.003797
730.000000	64.986000	0.443885	0.010286
731.000000	88.177606	49.977717	0.112929
732.000000	79.876371	-83.204547	0.027776
733.000000	89.134200	29.983530	0.000628
734.000000	-83.588089	47.264352	0.157009
735.000000	80.515879	-5.176744	0.000906
736.000000	72.394425	-18.523026	0.027877
737.000000	89.767720	-45.226522	0.001653
738.000000	85.067516	-47.841091	0.061334
739.000000	-87.637529	-21.208791	0.059460
740.000000	78.439289	-38.918375	0.007636
741.000000	80.818186	-11.939599	0.145602
742.000000	82.656407	56.327540	0.002548
743.000000	-90.096197	-82.200446	0.012364
744.000000	76.613392	58.768828	0.002949
745.000000	64.503183	-9.486712	0.029214
746.000000	79.820030	27.036215	0.106918
747.000000	77.249883	-23.052949	0.006010
748.000000	-84.319967	-66.789741	0.008227
749.000000	84.416468	53.016585	0.123682
750.000000	73.787403	-44.923258	0.005312
751.000000	81.167620	9.882346	0.001829
752.000000	75.610151	-50.489101	0.002656
753.000000	78.075136	-87.386575	0.026840
754.000000	-79.977174	-55.793345	0.028713
755.000000	79.134180	25.986521	0.002124
756.000000	70.808820	-60.986107	0.002652
757.000000	88.598318	89.199676	0.004014
758.000000	81.908453	55.406477	0.001482
759.000000	89.075409	49.412358	0.006500
760.000000	-87.159119	-62.508520	0.001077
761.000000	60.780606	-54.215713	0.561899
762.000000	79.692216	48.172363	0.001071
763.000000	64.922435	69.607533	0.001763
764.000000	73.931552	-89.206611	0.033906
765.000000	76.793428	-67.842904	0.107945
766.000000	-89.186497	83.918093	0.012211
767.000000	84.796299	59.992863	0.016547
768.000000	73.899120	-4.693708	0.002426
769.000000	75.360892	37.368640	0.002657
770.000000	72.028600	46.572725	0.003652
771.000000	71.682903	-7.408073	0.003968
772.000000	77.531572	21.306505	0.126005
773.000000	-85.946872	-89.491714	0.004840
774.000000	-90.036354	6.112971	0.001341
775.000000	74.458939	8.707906	0.006160
776.000000	-88.984171	-76.279251	0.001650
777.000000	-84.599914	59.891484	0.000838
778.000000	-74.952182	42.293498	0.001474
779.000000	78.902698	13.732987	0.001380
780.000000	88.182289	-88.108575	0.039167
781.000000	-79.934158	-4.992570	0.855663
782.000000	84.616334	-76.427192	0.005811
783.000000	-84.244637	57.370133	0.046829
784.000000	81.837993	-42.399090	0.001531
785.000000	76.310479	-22.696863	0.001742
786.000000	90.053128	-67.134105	0.000853
787.000000	76.078040	-60.980458	0.027025
788.000000	65.636220	-51.404127	0.007748
789.000000	62.422422	58.805105	0.000682
790.000000	84.347136	-73.238828	0.001085
791.000000	69.936202	87.839734	0.002180
792.000000	-88.962655	-67.395782	0.002101
793.000000	87.030903	-89.763124	0.006134
794.000000	88.850316	-86.385252	0.001327
795.000000	85.477345	-53.706522	0.002298
796.000000	80.988047	67.271906	0.004657
797.000000	86.593619	-28.367095	0.002299
798.000000	72.801069	46.470790	0.010192
799.000000	-79.978953	-58.439256	0.001414
800.000000	83.818290	6.295458	0.011461
801.000000	-88.727600	62.836284	0.001103
802.000000	74.224726	1.335214	0.001403
803.000000	-83.674273	-23.130692	0.001412
804.000000	85.799520	54.528077	0.095059
805.000000	62.888573	84.219623	0.002101
806.000000	76.906824	14.491033	0.003654
807.000000	84.110068	19.234844	0.001499
808.000000	84.231097	-57.718481	0.000766
809.000000	72.428598	41.385014	0.005778
810.000000	71.413483	50.367101	0.001409
811.000000	65.832127	27.449842	0.001934
812.000000	84.498500	-71.575992	0.001027
813.000000	-76.766864	-75.865053	0.003707
814.000000	86.431508	85.126819	0.001759
815.000000	84.367048	-50.126160	0.001825
816.000000	88.194439	69.164711	0.000660
817.000000	66.781071	52.740141	0.013690
818.000000	-90.379460	-22.388545	0.003808
819.000000	89.055332	89.377534	0.000735
820.000000	81.931552	-87.647992	0.001708
821.000000	-80.478830	-73.926643	0.000981
822.000000	74.788745	31.733020	0.096858
823.000000	-87.966750	-48.725509	0.011829
824.000000	-86.157430	-26.382310	0.001516
825.000000	-83.159066	-51.996734	0.017470
826.000000	79.943735	46.005852	0.012028
827.000000	84.902626	-64.666624	0.004115
828.000000	-86.847807	87.080711	0.004506
829.000000	88.070486	22.505383	0.000380
830.000000	70.337910	-6.526822	0.007969
831.000000	-86.449448	89.119407	0.012357
832.000000	-89.528878	78.646316	0.000922
833.000000	88.364105	-77.386455	0.001883
834.000000	-83.473697	-52.792453	0.010106
835.000000	84.817186	50.588067	0.001795
836.000000	73.072098	-5.297374	0.005484
837.000000	78.290404	-54.177659	0.005399
838.000000	-84.264341	-65.942176	0.002121
839.000000	83.341256	-68.883677	0.013564
840.000000	-89.069924	63.140522	0.001814
841.000000	82.048478	17.494032	0.001464
842.000000	-87.664999	-42.565212	0.001489
843.000000	79.223041	7.770650	0.001223
844.000000	78.757819	43.978880	0.003492
845.000000	-88.266082	81.269726	0.001894
846.000000	66.803007	40.775258	0.001101
847.000000	77.296965	23.373323	0.025047
848.000000	-87.635842	-75.524287	0.001584
849.000000	83.392553	16.990884	0.001329
850.000000	79.476972	54.934754	0.001719
851.000000	73.165609	14.243631	0.002975
852.000000	-86.125403	77.474214	0.000939
853.000000	81.197935	-67.838847	0.003779
854.000000	59.443418	6.873137	0.007314
855.000000	73.486565	-61.942209	0.005481
856.000000	83.906658	1.051308	0.063343
857.000000	-89.563881	81.712911	0.003071
858.000000	-88.617538	-50.001417	0.004497
859.000000	-88.527672	-53.378895	0.001285
860.000000	-85.548615	-58.898265	0.004276
861.000000	40.803355	40.363467	0.003372
862.000000	76.781071	-30.090737	0.004220
863.000000	-89.557841	53.734281	0.038824
864.000000	-89.432182	48.572553	0.000756
865.000000	88.882782	46.492720	0.026240
866.000000	79.622281	-60.923238	0.107446
867.000000	77.215323	-5.712414	0.001122
868.000000	-84.261035	-20.851630	0.000618
869.000000	71.319519	-18.886348	0.016463
870.000000	72.281187	-36.754714	0.006501
871.000000	-85.007624	-14.194825	0.002203
872.000000	-76.689040	40.303956	0.245736
873.000000	40.411259	35.968443	0.002093
874.000000	78.555527	-44.837841	0.002093
875.000000	63.594879	8.987886	0.016406
876.000000	77.681779	7.801888	0.003488
877.000000	86.890341	15.659310	0.004367
878.000000	87.229487	47.088892	0.036881
879.000000	72.402544	39.335318	0.001903
880.000000	81.645121	-25.223579	0.001672
881.000000	77.433113	69.190402	0.001018
882.000000	-88.084014	80.243280	0.003376
883.000000	87.839734	-84.291772	0.003635
884.000000	-62.581974	67.642198	0.001688
885.000000	87.418026	24.117835	0.003670
886.000000	81.750698	55.697007	0.001189
887.000000	75.280218	86.613551	0.002324
888.000000	59.642159	72.053108	0.011321
889.000000	65.480228	7.738568	0.002111
890.000000	81.155591	78.598351	0.011663
891.000000	78.688522	-47.504669	0.001203
892.000000	76.616907	-13.811103	0.004728
893.000000	88.446842	-37.602950	0.001606
894.000000	-88.016476	-79.072833	0.000524
895.000000	-84.897861	84.975777	0.010259
896.000000	82.872121	-29.239364	0.005882
897.000000	82.474026	-71.249855	0.003755
898.000000	-87.496783	88.322935	0.005818
899.000000	84.716284	-77.996592	0.002032
900.000000	78.241820	57.105957	0.015508
901.000000	86.406575	41.909263	0.003494
902.000000	-88.912124	-62.881719	0.001462
903.000000	70.154312	11.108085	0.003872
904.000000	90.478676	47.656581	0.021764
905.000000	77.091623	-71.986507	0.001121
906.000000	85.903803	-45.272675	0.022601
907.000000	79.901251	-78.740244	0.000842
908.000000	89.143340	78.169492	0.001470
909.000000	39.565394	22.114664	0.003250
910.000000	-83.648039	-86.673738	0.022136
911.000000	82.526744	77.274561	0.001623
912.000000	82.090364	57.184448	0.001198
913.000000	-85.452099	82.643074	0.011476
914.000000	77.269620	-57.755383	0.001214
915.000000	-88.251028	46.264267	0.001227
916.000000	-87.525974	-74.877818	0.004473
917.000000	-68.932484	74.206655	0.005870
918.000000	-89.889986	-29.154334	0.001883
919.000000	86.313523	43.710467	0.002390
920.000000	87.091928	28.545090	0.000535
921.000000	-86.989786	26.043813	0.000821
922.000000	83.397086	62.655273	0.000732
923.000000	68.773107	-37.231643	0.022501
924.000000	82.816494	-39.976343	0.001556
925.000000	87.165319	-22.679319	0.000760
926.000000	80.194439	0.512936	0.024621
