Thin Section: 	C:\Ice Data\2017-07-21-Fri\10.08 SPICE 1699 VTS

Results: 	C:\Ice Results\2017-07-21-Fri\10.08 SPICE 1699 VTS\2017-07-21-Fri, 14.11

Sequence Angles: 
xi	phi inner
0	0
45	0
45	-45
45	-90
45	-135
45	-180
45	-225
45	-270
45	-315

Threshold: 
45.000

Grain #		theta		phi	Rsquared

0.000000	2.696143	-20.068996	0.090163
1.000000	9.726191	61.410532	0.002624
2	grain not analyzable
3.000000	32.391522	-77.451382	0.002037
4.000000	33.028225	-73.617636	0.006243
5.000000	22.164722	77.873840	0.001290
6.000000	-43.239271	80.759989	0.015158
7.000000	-18.097971	-84.359079	0.005000
8.000000	79.515158	88.078499	0.001135
9.000000	86.601227	-86.117621	0.002256
10.000000	-47.244266	-90.113676	0.041368
11.000000	85.077191	83.634944	0.003291
12.000000	84.005819	85.474068	0.001196
13.000000	34.935968	78.592379	0.073136
14.000000	41.494043	78.511223	0.002777
15.000000	-86.636344	-85.548387	0.008602
16.000000	-45.432182	-86.789634	0.001975
17.000000	49.140352	72.468619	0.001662
18.000000	84.723719	89.293055	0.001332
19.000000	-54.281003	80.726682	0.001085
20.000000	54.989347	79.287778	0.946547
21.000000	66.352070	-87.195166	0.021592
22.000000	-76.041316	90.229389	0.008710
23.000000	55.157529	80.659423	0.003641
24.000000	-50.291481	89.830030	0.027569
25.000000	48.481933	-88.906463	0.006640
26.000000	50.312399	-76.128605	0.009842
27.000000	68.120543	-82.873441	0.007577
28.000000	73.435100	-82.767524	0.005400
29.000000	-23.104894	-90.019413	0.000913
30	grain not analyzable
31.000000	16.915660	-82.050335	0.002372
32.000000	-29.339242	83.476625	0.001636
33.000000	63.987671	76.718025	0.000206
34.000000	-75.496817	-88.229457	0.025699
35.000000	-31.075897	89.380902	0.022372
36	grain not analyzable
37.000000	-6.514956	27.476045	0.003469
38.000000	49.949689	78.845738	0.000607
39.000000	17.939105	-58.516338	0.003587
40.000000	25.028278	-67.147011	0.003024
41.000000	49.630299	-87.389464	0.002636
42.000000	84.488130	89.242199	0.004792
43.000000	21.992321	76.762933	0.000033
44.000000	84.853259	-88.045661	0.007442
45.000000	-87.334631	-13.659519	0.058237
46.000000	-19.203701	63.441480	0.000982
47.000000	25.161318	69.770771	0.000398
48.000000	31.240656	-83.135394	0.001807
49.000000	47.231842	-86.164736	0.015473
50.000000	40.503183	-83.413055	0.004359
51.000000	65.484878	-90.013479	0.002510
52.000000	35.583284	76.327627	0.000581
53.000000	31.323164	56.781748	0.001333
54.000000	-25.271425	86.952781	0.005283
55.000000	-12.651258	-84.219898	0.001406
56.000000	30.383881	-81.613548	0.000119
57	grain not analyzable
58.000000	50.234000	67.570024	0.005562
59	grain not analyzable
60.000000	66.788745	82.537936	0.008913
61.000000	42.680636	87.715643	0.009831
62.000000	12.051387	-60.984750	0.003909
63.000000	43.850090	61.523228	0.001275
64.000000	-64.310727	83.350417	0.002365
65.000000	-26.519772	-83.769509	0.003712
66.000000	-56.935493	87.735664	0.001075
67.000000	-45.625346	-86.423968	0.002273
68.000000	47.208790	-84.394547	0.000791
69.000000	-42.767463	-89.010215	0.002621
70.000000	25.696866	-63.788685	0.006024
71.000000	55.842570	89.315803	0.001244
72.000000	47.644257	83.400847	0.001465
73.000000	73.099302	-89.004312	0.003260
74	grain not analyzable
75.000000	-55.889986	-88.425379	0.005655
76.000000	49.926941	84.717943	0.009333
77.000000	72.206622	-79.289847	0.008441
78.000000	-55.613288	-89.556100	0.000473
79.000000	18.160038	-73.481888	0.004126
80.000000	-45.411097	89.379559	0.008491
81.000000	73.292401	87.419964	0.003185
82.000000	-87.640258	86.966821	0.006664
83.000000	-87.062418	86.498700	0.011675
84	grain not analyzable
85.000000	46.399674	-86.595157	0.006015
86.000000	-57.344722	89.016585	0.001770
87.000000	60.708380	-87.253548	0.004765
88.000000	49.459700	82.006682	0.003974
89.000000	22.374795	80.319088	0.000548
90.000000	55.536169	87.922761	0.001327
91.000000	40.448515	82.040032	0.000935
92.000000	-39.471505	48.320940	0.015355
93	grain not analyzable
94.000000	4.903775	-86.101783	0.050676
95.000000	46.423969	-86.584830	0.004111
96.000000	-81.785911	-82.256841	0.003087
97.000000	60.856129	86.623975	0.001676
98.000000	29.078358	-73.244161	0.023541
99.000000	27.210814	-72.841873	0.002037
100	grain not analyzable
101.000000	-87.344727	87.735340	0.010475
102.000000	62.339636	82.342701	0.003410
103.000000	40.414781	-78.401714	0.010563
104.000000	79.687533	73.521275	0.034883
105.000000	21.048082	66.590552	0.000133
106.000000	40.683878	-80.455991	0.008063
107.000000	11.373452	73.346506	0.004680
108.000000	-88.296455	86.500733	0.006104
109.000000	16.096144	57.821988	0.001102
110.000000	-47.818271	-80.402912	0.002192
111.000000	58.303099	77.470052	0.002268
112.000000	8.060700	6.881665	0.012705
113.000000	39.425633	-86.930326	0.003789
114.000000	-50.802065	-90.116740	0.002559
115.000000	18.755707	-81.756402	0.008683
116.000000	-90.147909	86.529944	0.000837
117.000000	86.304719	78.005852	0.001015
118.000000	-9.625453	-5.308948	0.007708
119.000000	38.946478	-90.972958	0.008716
120.000000	-83.805469	-87.570889	0.007839
121.000000	-37.069891	-90.424462	0.001728
122.000000	-90.737934	-89.324439	0.002866
123.000000	66.765073	87.344594	0.002941
124.000000	-77.588161	-88.614879	0.002925
125.000000	-88.550140	-78.973924	0.004984
126.000000	15.122136	-51.403897	0.006906
127.000000	-76.989720	-86.199421	0.030880
128.000000	46.862592	-74.132903	0.010552
129.000000	80.018176	85.975937	0.011766
130.000000	86.560177	88.733258	0.010267
131.000000	65.775187	84.393861	0.010274
132.000000	64.868837	80.865583	0.003267
133.000000	-72.382296	80.647724	0.003049
134.000000	20.535757	75.354239	0.021354
135.000000	25.280218	-86.455749	0.001764
136.000000	38.261417	88.479267	0.005388
137.000000	84.057791	-88.386946	0.005039
138.000000	-13.316143	-52.936480	0.003968
139.000000	84.656407	-87.114222	0.003183
140.000000	82.307590	78.058249	0.002170
141.000000	-85.882379	-87.660316	0.011696
142.000000	9.918895	31.279039	0.001210
143.000000	39.051235	-66.437529	0.010192
144.000000	-54.962655	88.474220	0.002728
145.000000	-78.527726	-83.481888	0.020446
146.000000	7.126647	-70.920739	0.018036
147.000000	75.827551	87.686423	0.004077
148.000000	55.922258	78.131990	0.000978
149.000000	12.060700	61.244936	0.018059
150.000000	-6.092158	35.236530	0.022166
151.000000	-75.131163	-87.154295	0.011899
152.000000	41.106769	-85.054696	0.006413
153.000000	-86.627044	-90.266926	0.011486
154.000000	-17.406414	-75.799070	0.010010
155.000000	-21.496358	-67.062370	0.009676
156.000000	45.827530	-85.145001	0.002238
157.000000	40.790486	-67.524233	0.006373
158.000000	79.212988	-89.593391	0.003735
159.000000	57.289545	89.518226	0.001534
160.000000	84.045608	-88.956232	0.007746
161	grain not analyzable
162.000000	61.634712	86.022826	0.002772
163.000000	16.966477	80.595042	0.045025
164.000000	70.663961	77.822341	0.013293
165.000000	26.132661	64.174879	0.000159
166.000000	37.356214	-71.276129	0.012160
167.000000	73.245301	86.936015	0.001013
168.000000	36.825827	-70.718240	0.012499
169	grain not analyzable
170.000000	-18.412066	88.639082	0.001602
171.000000	23.440601	-62.563135	0.006405
172.000000	43.752763	84.511657	0.002487
173.000000	-74.389849	-84.417792	0.003959
174.000000	60.668765	87.257664	0.000513
175.000000	20.628692	-61.515955	0.010623
176	grain not analyzable
177.000000	31.837940	-80.643510	0.003012
178.000000	-64.634636	86.742640	0.005692
179.000000	23.096577	-69.521124	0.073526
180.000000	24.112924	-73.696901	0.002094
181.000000	87.249903	-86.357802	0.004854
182.000000	-47.401788	87.363462	0.002893
183.000000	42.628658	89.237516	0.005201
184.000000	72.207926	82.354831	0.016578
185.000000	13.768850	79.508419	0.000373
186.000000	22.771771	-75.268668	0.008257
187.000000	75.883925	85.394327	0.000625
188.000000	58.899867	-83.991085	0.100122
189.000000	20.180515	-61.683720	0.013545
190.000000	-37.823075	-82.445958	0.006568
191.000000	23.679548	86.497041	0.000515
192.000000	67.392586	89.386472	0.009084
193.000000	17.445230	46.578396	0.002609
194.000000	86.560284	-83.474334	0.022500
195.000000	43.996519	-76.953415	0.003477
196.000000	30.876478	84.134581	0.002137
197.000000	-35.395749	-81.630607	0.008976
198.000000	86.702567	-89.198740	0.001617
199.000000	-90.832067	89.353325	0.001838
200.000000	19.364874	43.793457	0.002434
201.000000	-37.121863	89.030673	0.001319
202.000000	70.093234	85.501553	0.009938
203.000000	21.511876	-69.315696	0.003219
204.000000	20.913243	-67.247869	0.001696
205	grain not analyzable
206.000000	14.083820	24.637992	0.002211
207.000000	70.318173	84.085632	0.001452
208.000000	40.596577	84.019427	0.000710
209	grain not analyzable
210.000000	72.330356	84.640875	0.003436
211.000000	44.813536	-80.424549	0.007008
212.000000	9.762911	84.386703	0.005226
213.000000	80.205022	89.131190	0.013522
214.000000	20.625788	-68.993203	0.026989
215.000000	31.111858	-77.359902	0.001574
216.000000	-25.391220	69.412518	0.000108
217.000000	-20.288370	82.778054	0.000012
218.000000	-32.424132	-84.146647	0.040572
219.000000	8.414820	-71.115696	0.000720
220.000000	19.423887	82.015538	0.000573
221.000000	-30.805193	89.705696	0.055011
222.000000	39.859544	81.704386	0.002409
223.000000	36.377705	-86.739590	0.001492
224.000000	-28.981633	82.333440	0.000190
225.000000	58.990917	86.466667	0.001537
226.000000	40.905569	88.196711	0.006273
227.000000	-32.315356	89.936235	0.007115
228	grain not analyzable
229.000000	-10.656780	-36.709411	0.361414
230.000000	70.540401	82.992604	0.002466
231.000000	40.833348	-78.413694	0.015498
232.000000	17.830440	-34.868810	0.001713
233.000000	15.867097	-32.826358	0.004967
234.000000	-37.481251	89.249371	0.000937
235.000000	80.310653	-87.204054	0.363344
236.000000	53.017451	85.091701	0.002056
237.000000	74.070486	89.770591	0.002339
238.000000	-23.066703	86.268260	0.011880
239.000000	44.097918	-83.726405	0.007953
240.000000	51.543105	79.904321	0.001180
241.000000	-32.449659	86.453126	0.003735
242.000000	61.810736	88.692799	0.002000
243.000000	60.882748	89.246994	0.001185
244.000000	-87.447357	87.420038	0.006686
245.000000	20.184638	-85.301361	0.001377
246.000000	37.213473	-75.266942	0.007546
247.000000	16.333299	-37.235559	0.002654
248.000000	36.653537	-79.896622	0.005652
249.000000	11.007377	-61.842101	0.001188
250.000000	-15.398773	84.123081	0.001079
251.000000	58.194439	-87.758500	0.007416
252.000000	59.711137	-84.562096	0.003994
253.000000	65.896249	83.844310	0.004688
254.000000	-21.045848	-74.031491	0.009508
255.000000	-50.833590	-83.521623	0.002691
256.000000	24.120564	-70.053181	0.000371
257.000000	20.261417	81.854935	0.011115
258.000000	77.993615	87.323072	0.004964
259.000000	49.571903	77.951118	0.002996
260.000000	42.374568	-70.169419	0.009092
261.000000	40.177645	69.592062	0.001410
262.000000	-47.228229	-87.939159	0.002540
263.000000	61.543829	-85.605327	0.016657
264.000000	62.908439	88.117835	0.000672
265	grain not analyzable
266.000000	33.926941	74.439182	0.003177
267.000000	30.122198	-65.680086	0.030774
268.000000	32.925426	77.431303	0.001582
269.000000	12.157222	46.349423	0.002213
270.000000	-30.701083	85.256559	0.002397
271.000000	46.768544	-89.022688	0.005835
272.000000	18.362592	-54.217520	0.001259
273.000000	17.599131	34.759114	0.015435
274	grain not analyzable
275.000000	46.917893	-75.065360	0.033581
276.000000	-53.735713	88.116576	0.003176
277.000000	-88.443900	-87.971361	0.004650
278.000000	62.212576	83.219626	0.000479
279.000000	61.014088	-83.056808	0.068972
280.000000	26.281295	77.948053	0.000383
281.000000	24.838031	81.886942	0.002675
282.000000	75.703545	85.779871	0.002081
283.000000	-77.386629	-77.034774	0.002790
284.000000	27.815332	-75.771136	0.000830
285.000000	66.224759	83.706487	0.015474
286.000000	77.050747	76.942772	0.001726
287.000000	53.137052	-76.511824	0.002028
288.000000	13.695898	87.513195	0.002958
289.000000	26.227804	64.568462	0.000178
290.000000	86.579569	84.915335	0.002292
291.000000	73.137017	85.524489	0.132419
292.000000	-35.058977	85.744038	0.006214
293.000000	-87.540995	78.004199	0.007269
294.000000	40.495804	80.937055	0.003520
295.000000	-32.599827	70.430180	0.042879
296.000000	62.720901	71.806538	0.004903
297.000000	44.663941	-90.407938	0.001217
298.000000	54.745549	76.483006	0.006535
299.000000	-29.649732	67.615066	0.002192
300.000000	9.499878	63.167538	0.001604
301.000000	-86.576113	77.598040	0.001131
302.000000	41.443780	74.606485	0.001090
303.000000	41.697606	81.584064	0.009549
304.000000	55.649698	83.160486	0.003772
305.000000	55.214768	71.517134	0.001933
306.000000	54.705496	73.606184	0.053838
307.000000	18.983397	71.463190	0.001614
308.000000	-28.377713	73.748127	0.000311
309.000000	22.946478	51.677666	0.001303
310.000000	57.067786	73.126037	0.025297
311.000000	-62.732160	81.361173	0.153319
312.000000	68.531107	79.321472	0.007214
313.000000	68.305849	86.658220	0.006058
314.000000	75.165874	80.928833	0.002572
315.000000	19.655472	71.958956	0.000065
316.000000	-65.447416	72.095014	0.002768
317.000000	43.534929	-76.217714	0.005612
318.000000	76.090364	78.807690	0.002102
319.000000	67.559004	86.912486	0.004094
320.000000	74.983222	79.404891	0.011629
321.000000	35.146363	-86.148502	0.005038
322.000000	42.152679	87.748041	0.003326
323.000000	57.624379	74.077127	0.009392
324.000000	24.841055	-74.643673	0.178893
325.000000	53.193305	-89.051322	0.000692
326.000000	63.161277	83.543105	0.006565
327.000000	-72.117849	87.617690	0.005333
328.000000	-53.222369	84.345842	0.006096
329.000000	51.971287	-86.783491	0.004697
330.000000	50.064096	-73.294491	0.007127
331.000000	72.966036	-85.351484	0.006645
332.000000	-50.421346	86.060700	0.002813
333.000000	-50.424250	88.825827	0.005797
334.000000	24.525970	-65.504052	0.002012
335.000000	55.993297	84.182289	0.001511
336.000000	45.452817	-86.678755	0.002385
337.000000	45.709357	76.820793	0.015293
338.000000	44.634471	86.632804	0.003041
339.000000	74.872121	80.760656	0.004936
340.000000	-73.657407	-89.963720	0.001486
341.000000	46.905515	81.013719	0.003333
342.000000	64.616455	-76.379706	0.016293
343.000000	58.152679	-86.357402	0.002255
344.000000	64.174735	-66.414203	0.006430
345.000000	39.966555	85.917257	0.004531
346.000000	-76.663808	81.205629	0.003050
347.000000	65.519356	85.909296	0.018844
348.000000	59.697639	-77.464756	0.005526
349	grain not analyzable
350.000000	-46.798586	-82.551754	0.003968
351.000000	49.604662	-88.785893	0.473046
352.000000	33.671775	84.909914	0.000283
353.000000	-52.712196	87.765967	0.014669
354.000000	66.307662	88.813306	0.059833
355.000000	-3.871984	2.933696	0.009003
356.000000	-11.601066	78.430127	0.001095
357.000000	-32.019380	-89.452079	0.011038
358.000000	45.051148	-88.092810	0.003614
359.000000	50.825827	-84.045769	0.004030
360.000000	-50.942834	-87.273031	0.001944
361.000000	38.696143	-74.409126	0.012382
362.000000	69.115956	75.269581	0.004231
363.000000	-8.028713	-60.861242	0.015059
364.000000	82.284470	81.613054	0.001426
365.000000	48.214302	-87.311849	0.001826
366.000000	15.620540	-30.080592	0.002976
367.000000	45.126684	81.527862	0.002307
368.000000	77.168831	-79.045848	0.004078
369.000000	-5.896264	76.810644	0.027336
370.000000	78.229356	81.963672	0.001731
371.000000	56.777631	86.032337	0.007977
372.000000	60.729863	-75.496172	0.011476
373.000000	28.993826	-57.023764	0.000704
374.000000	48.407261	-73.374245	0.010312
375.000000	56.925426	-88.456981	0.005598
376.000000	31.718637	81.665032	0.002128
377	grain not analyzable
378.000000	22.419324	50.406383	0.001574
379.000000	14.990630	57.015458	0.002147
380.000000	63.721561	-73.563809	0.014106
381.000000	56.249093	79.887082	0.002702
382.000000	56.446702	80.080598	0.010124
383.000000	25.871727	-56.942684	0.001498
384.000000	48.411492	-87.993683	0.003078
385.000000	43.524039	65.965348	0.002303
386.000000	77.445263	71.720891	0.012717
387.000000	-88.583667	87.595416	0.006602
388.000000	63.134200	-72.772821	0.023409
389.000000	-57.291620	85.519284	0.003576
390.000000	62.209478	81.568371	0.001129
391.000000	16.386751	-65.828590	0.004008
392.000000	25.842536	68.313748	0.000780
393.000000	76.322856	71.146524	0.012160
394.000000	55.309148	89.105818	0.004051
395.000000	53.787689	84.142362	0.002549
396.000000	37.299868	-72.010676	0.009676
397.000000	51.632932	-70.409553	0.034895
398.000000	-71.882379	88.500274	0.003636
399.000000	16.720901	-65.675031	0.005959
400.000000	16.813503	-60.001222	0.007984
401.000000	53.689312	76.816264	0.000917
402.000000	64.932980	-77.537726	0.027740
403.000000	-18.890467	81.421264	0.000840
404.000000	-83.178823	79.721682	0.003479
405.000000	47.391292	58.731683	0.004177
406.000000	66.678098	-84.802045	0.020858
407.000000	47.301277	60.984561	0.003792
408.000000	-10.096192	81.898718	0.000224
409.000000	49.093774	-82.932245	0.014706
410.000000	-56.718056	83.568478	0.003665
411.000000	38.419324	-71.701698	0.016144
412.000000	48.951069	-61.294524	0.002126
413.000000	85.631192	80.676802	0.009706
414.000000	32.382068	-73.664819	0.013216
415.000000	42.224673	83.983496	0.000942
416.000000	62.853379	-81.990798	0.017988
417.000000	57.439769	78.117307	0.002709
418.000000	58.805599	78.922576	0.005022
419.000000	59.696866	87.271423	0.004618
420.000000	57.996519	-85.914440	0.011838
421.000000	-39.354334	-79.587948	0.001504
422.000000	57.634977	76.395873	0.024257
423.000000	55.827503	74.382295	0.001158
424.000000	58.938041	79.226455	0.005685
425.000000	76.305849	85.754000	0.003345
426.000000	54.913069	-83.966977	0.459077
427.000000	52.127977	-79.354334	0.006134
428.000000	-41.610379	-88.117568	0.003603
429.000000	11.018328	54.712338	0.033321
430.000000	-25.819485	86.618514	0.000401
431.000000	15.212366	11.690275	0.001419
432.000000	-37.219480	-74.990742	0.002423
433.000000	73.333303	85.449907	0.001913
434.000000	35.251863	-80.080572	0.009787
435.000000	-65.805561	82.919580	0.002438
436.000000	64.443972	-82.315317	0.010417
437.000000	-71.334226	-85.335918	0.004541
438.000000	83.037345	88.608901	0.001647
439.000000	47.211868	-90.678672	0.003140
440.000000	59.156668	-83.065099	0.002110
441.000000	14.431508	-15.939300	0.008611
442.000000	-35.929514	86.919613	0.001530
443.000000	41.599131	-85.356147	0.019424
444.000000	11.837940	-37.291973	0.009732
445.000000	-87.461340	86.004111	0.003606
446.000000	20.332044	-42.333334	0.003535
447.000000	39.178057	71.383921	0.003195
448.000000	62.342681	75.254403	0.000459
449.000000	-33.553717	83.862615	0.144527
450.000000	22.456069	-77.328128	0.001098
451.000000	81.262081	80.927167	0.001840
452.000000	-16.481450	82.697530	0.000150
453.000000	18.474259	-77.962545	0.400403
454.000000	45.467678	-84.100667	0.004678
455.000000	45.778076	-74.481542	0.007060
456.000000	14.005852	76.468213	0.004378
457.000000	38.129979	-84.001735	0.003941
458.000000	71.815347	-81.699931	0.009281
459.000000	67.765082	88.322856	0.000772
460.000000	28.271841	-8.421592	0.003973
461.000000	80.174735	83.815347	0.001070
462.000000	83.408833	0.091979	0.895739
463.000000	-66.488038	-76.836663	0.005019
464.000000	-88.071319	89.254580	0.002831
465.000000	12.965188	80.557265	0.026839
466.000000	-86.437563	-86.876143	0.001728
467.000000	83.297084	-0.945701	1.283790
468.000000	-90.610356	-85.051781	0.002483
469.000000	13.058242	-59.944249	0.004837
470.000000	-76.912399	6.320252	0.473225
471.000000	72.810594	-80.944668	0.009070
472.000000	67.353306	84.394147	0.012555
473.000000	-49.923734	-77.776218	0.002211
474.000000	26.209532	-59.869949	0.000452
475.000000	-77.411064	85.139090	0.001987
476.000000	72.428652	-85.198740	0.007107
477.000000	-22.705873	-75.863193	0.010361
478.000000	62.212609	-74.062204	0.001313
479.000000	14.504454	76.751590	0.027673
480.000000	-75.007342	65.093489	0.005868
481.000000	69.649766	-78.770372	0.006754
482.000000	-32.510209	-87.856475	0.086233
483.000000	-33.354055	-88.006385	0.006408
484.000000	72.232346	88.233668	0.019131
485.000000	-82.202220	1.802691	0.025931
486.000000	37.046585	85.106697	0.012988
487.000000	83.313658	-89.899019	0.004832
488.000000	68.879674	88.858063	0.006137
489.000000	29.058242	-44.628629	0.000059
490.000000	-30.612044	-85.240940	0.005625
491.000000	-87.449136	81.794838	0.001991
492.000000	15.931552	55.401827	0.002030
493.000000	-43.447236	-77.902043	0.002189
494.000000	26.120477	-79.408897	0.001612
495.000000	42.391614	-81.453639	0.001548
496.000000	75.484825	-85.792074	0.002388
497.000000	69.737671	-85.768464	0.004926
498.000000	-33.874839	-69.351260	0.340999
499.000000	72.520490	-88.294676	0.002775
500.000000	24.456069	-61.860052	0.002771
501.000000	28.680968	-59.061906	0.001388
502.000000	-59.077385	88.114572	0.001410
503.000000	74.868804	-89.505401	0.005669
504.000000	62.868453	-89.392568	0.001604
505.000000	-37.045848	-88.419845	0.006554
506.000000	-39.738583	88.599951	0.011075
507.000000	30.773517	-82.326365	0.019870
508.000000	-54.523919	81.724438	0.006797
509.000000	89.152754	-85.234075	0.002054
510.000000	88.875228	-85.386575	0.002778
511.000000	-88.394532	83.401827	0.002012
512.000000	-49.986507	-80.071352	0.004061
513.000000	56.169405	77.488577	0.001874
514.000000	-45.851917	-78.432082	0.003876
515.000000	-29.074574	83.226749	0.007243
516.000000	30.808378	79.810968	0.000683
517.000000	-54.898412	-81.872693	0.005292
518.000000	89.859559	87.466621	0.002827
519.000000	56.857948	-87.828826	0.003345
520.000000	-49.257409	82.653097	0.001887
521.000000	77.956113	-85.519463	0.002303
522.000000	50.365327	78.231700	0.000562
523.000000	-28.046791	-88.108401	0.003273
524.000000	-84.031704	-5.430442	0.461745
525.000000	-69.870021	87.577524	0.003058
526.000000	11.277314	-68.214297	0.015240
527.000000	28.690143	-81.219761	0.008562
528	grain not analyzable
529.000000	29.217638	-84.972198	0.005966
530.000000	48.815876	-88.816297	0.006468
531.000000	-56.728828	-85.772039	0.002883
532.000000	23.439822	-74.300442	0.001462
533.000000	13.155576	65.466060	0.001625
534.000000	44.788745	-88.332204	0.004680
535.000000	35.940885	-82.106654	0.007697
536.000000	11.536715	-51.229483	0.032193
537.000000	-28.636303	-88.424075	0.005371
538.000000	44.283183	-86.745420	0.009039
539.000000	-55.536431	-84.670921	0.004622
540.000000	-52.678301	87.074012	0.001173
541.000000	-35.573142	-88.850700	0.003638
542.000000	73.199002	78.687180	0.005538
543.000000	-51.613055	-79.994442	0.009876
544.000000	71.958983	-87.704614	0.003780
545.000000	31.940885	-88.350234	0.004498
546.000000	40.925447	77.076061	0.002871
547.000000	36.608780	-79.057720	0.007761
548.000000	56.897874	72.778959	0.001758
549.000000	36.276504	-85.545579	0.009139
550	grain not analyzable
551.000000	57.537968	-88.689511	0.000675
552.000000	-66.624120	76.560177	0.005515
553.000000	41.669927	84.635415	0.003185
554.000000	54.853259	77.056517	0.001116
555	grain not analyzable
556.000000	53.769764	79.799787	0.005456
557.000000	46.876865	-80.311717	0.002045
558.000000	66.288887	85.118233	0.002707
559	grain not analyzable
560.000000	41.649712	82.650594	0.011292
561.000000	43.708552	84.543523	0.005524
562.000000	81.844364	87.799554	0.003337
563	grain not analyzable
564.000000	46.214302	78.135439	0.005390
565	grain not analyzable
566.000000	33.975937	69.478698	0.001784
567.000000	22.703756	85.229242	0.000899
568	grain not analyzable
569.000000	-37.483342	-89.870150	0.000591
570.000000	-64.959643	79.439422	0.005348
571	grain not analyzable
572.000000	39.486489	87.810795	0.000936
573	grain not analyzable
574.000000	68.951249	-83.373121	0.002782
575.000000	-70.254688	88.697976	0.095172
576.000000	44.336960	85.459333	0.000486
577.000000	36.921900	78.829114	0.003379
578.000000	-86.362486	89.811917	0.003028
579.000000	47.048104	-82.381769	0.001156
580.000000	50.659923	79.956578	0.002339
581.000000	-71.495984	81.305384	0.230929
582.000000	-54.586891	89.158510	0.000829
583.000000	-79.684664	87.306404	0.000919
584.000000	80.442179	-87.077390	0.001789
585.000000	41.727532	-76.785401	0.000550
586.000000	35.661219	76.740195	0.000697
587.000000	51.750723	89.922637	0.000964
588.000000	38.336143	70.546403	0.000909
589.000000	81.177836	-88.686933	0.007216
590.000000	27.610416	-80.501139	0.004547
591.000000	85.213492	-86.448849	0.003028
592.000000	36.512658	66.952715	0.001355
593.000000	85.463930	-88.369760	0.003548
594.000000	47.289497	-88.271576	0.003999
595.000000	-79.323735	88.519036	0.001738
596.000000	17.200892	-38.326902	0.003090
597.000000	-85.441482	88.618972	0.004159
598.000000	11.492312	-11.493215	0.010669
599.000000	49.770775	77.280852	0.001060
600	grain not analyzable
601.000000	-74.953287	84.061159	0.002282
602.000000	58.661289	-84.913523	0.004997
603.000000	55.501418	79.664952	0.002974
604.000000	50.934759	-76.234952	0.066060
605.000000	34.998437	83.438856	0.011321
606.000000	25.172757	-77.575914	0.000817
607.000000	63.983524	-88.296455	0.010543
608.000000	-42.671197	87.000470	0.004812
609.000000	-60.145053	-82.978574	0.004480
