Thin Section: 	C:\Ice Data\2017-01-31-Tue\14.12 440  VTS SPICE

Results: 	C:\Ice Results\2017-01-31-Tue\14.12 440  VTS SPICE\2017-02-01-Wed, 11.32

Sequence Angles: 
xi	phi inner
0	0
45	0
45	-45
45	-90
45	-135
45	-180
45	-225
45	-270
45	-315

Threshold: 
45.000

Grain #		theta		phi	Rsquared

0.000000	25.735843	37.672290	0.941829
1.000000	-73.016637	88.307749	0.009267
2.000000	51.731333	22.336752	0.057723
3.000000	86.570755	-18.426925	0.003180
4.000000	38.997199	-32.103093	0.003682
5.000000	19.336192	-26.459851	0.011152
6.000000	64.078040	40.317044	0.003660
7.000000	46.209478	66.048517	0.002668
8.000000	-72.377666	74.490961	0.001086
9.000000	-82.597043	-52.106819	0.001069
10.000000	-66.242419	-74.609930	0.005011
11.000000	-82.167867	59.762758	0.014792
12.000000	70.172275	64.100948	0.002307
13.000000	57.588673	41.936641	0.024617
14.000000	63.852091	79.903803	0.004825
15.000000	54.278245	-19.152521	0.004616
16.000000	87.743126	81.817127	0.001284
17.000000	-64.853200	-50.470803	0.020485
18.000000	-75.074607	-47.672494	0.001387
19.000000	49.963613	88.278245	0.007328
20.000000	51.928681	69.728072	0.009666
21.000000	-63.689488	-53.184297	0.014952
22.000000	-59.822394	49.827584	0.002684
23.000000	-74.754699	75.701881	0.011054
24.000000	-85.536290	-67.413427	0.000690
25.000000	63.874597	10.672139	0.001426
26.000000	-87.704575	59.425808	0.005284
27.000000	-50.379648	-63.510908	0.007274
28.000000	-70.742881	29.298970	0.003091
29.000000	85.359047	-35.184297	0.002848
30.000000	-61.262097	65.434874	0.001994
31.000000	82.737903	-53.603202	0.002473
32.000000	30.631568	13.945293	0.003550
33.000000	46.873454	28.546805	0.002959
34.000000	-59.413674	63.797678	0.156143
35.000000	-65.974304	-17.056398	0.155924
36.000000	36.903789	-21.161815	0.010002
37.000000	-77.664960	-53.859698	0.003107
38.000000	55.336612	15.950492	0.005362
39.000000	65.034595	47.325786	0.065247
40.000000	45.936235	38.732095	0.006541
41.000000	64.917834	85.179764	0.005462
42.000000	59.652250	-37.176623	0.008365
43.000000	-75.408106	-80.894348	0.016115
44.000000	28.676285	-66.209966	0.003750
45.000000	73.192407	-18.879356	0.007060
46.000000	40.386751	42.214302	0.015757
47.000000	77.495129	58.142394	0.001389
48.000000	-87.966750	31.856741	0.000843
49.000000	52.853259	-35.588071	0.107791
50.000000	-44.145038	-67.414007	0.017275
51.000000	59.987671	70.383842	0.007091
52.000000	64.459060	-9.545637	0.002245
53.000000	-76.885701	-50.197836	0.001672
54.000000	77.698895	-35.522366	0.003318
55.000000	61.507744	-40.692031	0.016287
56.000000	-85.048718	-89.902043	0.004837
57.000000	-82.984171	-63.156075	0.023560
58.000000	70.511262	71.091975	0.000828
59.000000	36.108327	74.893781	0.004488
60.000000	78.543310	70.474113	0.020111
61.000000	59.635821	-27.332047	0.017563
62.000000	80.013526	-38.318260	0.004213
63.000000	-60.651258	81.319950	0.009995
64.000000	69.055338	-59.872834	0.004778
65.000000	49.521589	77.290524	0.005163
66.000000	52.596438	26.085585	0.226984
67.000000	69.180343	23.012991	0.566541
68.000000	-76.956652	48.656057	0.003766
69.000000	-27.669644	88.202206	0.043837
70.000000	-41.004769	83.272274	0.008869
71.000000	81.126647	-69.936575	0.003800
72.000000	72.404318	-73.065246	0.004950
73.000000	67.675349	-10.432474	0.009491
74.000000	-73.164879	-81.894615	0.004484
75.000000	81.340842	-68.513215	0.015948
76.000000	-26.403740	79.142165	0.005296
77.000000	83.985270	-44.306043	0.070814
78.000000	69.086979	-59.705366	0.007244
79.000000	-84.220130	-51.169562	0.003238
80.000000	-28.918145	-3.071499	0.004100
81.000000	59.845440	-27.577552	0.003198
82.000000	-77.378895	-34.833458	0.004114
83.000000	76.459005	34.838151	0.002964
84.000000	33.821160	-86.862604	0.036272
85.000000	88.266028	-45.998831	0.001631
86.000000	36.192752	37.120871	0.010542
87.000000	-64.900698	-86.229598	0.032303
88.000000	60.424008	48.665861	0.005389
89.000000	47.753622	-42.261432	0.004059
90.000000	39.528351	-5.264018	0.020511
91.000000	-69.363808	-62.439250	0.013723
92.000000	-63.341852	-89.241717	0.004431
93.000000	71.377621	-59.531787	0.006010
94.000000	-74.668405	33.180311	0.012067
95.000000	-47.065241	-57.839680	0.001060
96.000000	73.775241	-80.147942	0.002221
97.000000	-19.065274	-51.812797	0.014948
98.000000	88.008843	86.142129	0.002830
99.000000	-29.126513	-30.795772	0.011396
100.000000	-49.162313	-70.379132	0.003930
101.000000	84.305849	63.158534	0.013047
102.000000	75.360859	71.276337	0.104105
103.000000	55.984767	-30.718041	0.007267
104.000000	88.678059	-83.386575	0.002661
105.000000	82.946511	-82.016437	0.002550
106.000000	75.622334	28.401415	0.045638
107.000000	-88.692665	59.407935	0.000782
108.000000	71.357950	64.082636	0.024461
109.000000	44.550810	1.730117	0.003514
110.000000	-50.530629	-84.013426	0.001918
111.000000	51.566346	30.700625	0.004393
112.000000	-44.110316	-74.234054	0.003291
113.000000	-35.550248	-46.578870	0.002749
114.000000	71.158373	-68.799736	0.014975
115.000000	13.729274	-56.693074	0.055195
116.000000	-63.223613	81.911516	0.010042
117.000000	80.422281	-82.948692	0.002491
118.000000	-8.231150	-53.305293	0.040853
119.000000	-72.391590	13.913727	0.115183
120.000000	65.600506	-45.566292	0.008063
121.000000	57.345853	-43.909636	0.001433
122.000000	57.437677	9.165136	0.001568
123.000000	53.661895	66.690330	0.005951
124.000000	-55.677023	55.827218	0.001549
125.000000	-87.169529	55.784467	0.003558
126.000000	-59.817744	-84.205129	0.034842
127.000000	35.689294	-87.534657	0.006450
128.000000	46.730316	69.509053	0.001354
129.000000	57.178077	-15.436099	0.017493
130.000000	69.634890	-50.530223	0.013089
131.000000	20.302979	33.872008	0.014163
132.000000	-49.306668	-71.616668	0.012824
133.000000	64.563168	84.555634	0.007065
134.000000	70.528056	-70.649464	0.003540
135.000000	-34.992217	61.772407	0.011887
136.000000	50.751416	29.009944	0.004172
137.000000	45.405930	-27.443862	0.013404
138.000000	68.713341	82.218772	0.125513
139.000000	67.152469	-44.962481	0.013456
140.000000	52.555460	32.314008	0.046545
141.000000	-5.496817	-46.046943	0.050025
142.000000	-67.091528	-63.565427	0.002959
143.000000	-90.249287	88.263191	0.003192
144.000000	-51.007010	-69.256231	0.001702
145.000000	66.836251	-79.028873	0.007060
146.000000	77.360787	-75.793411	0.003826
147.000000	-34.979328	89.503863	0.012468
148.000000	29.493641	-89.586891	0.038931
149.000000	-75.464210	-47.504229	0.002203
150.000000	-87.006213	59.936694	0.001159
151.000000	50.981404	-43.094485	0.006859
152.000000	-20.021154	-74.496959	0.000305
153.000000	-41.454910	76.269569	0.003893
154.000000	44.053128	-66.602803	0.003697
155.000000	87.397251	73.358003	0.001471
156.000000	45.085306	-23.566434	0.001044
157.000000	-87.946892	-47.717105	0.001184
158.000000	-86.782328	-76.691137	0.001847
159.000000	54.251963	2.664567	0.001167
160.000000	28.764096	-18.922971	0.006534
161.000000	-81.942209	88.376288	0.010700
162.000000	53.825810	-2.793993	0.000576
163.000000	88.352008	-77.556121	0.029276
164.000000	79.245301	-76.868709	0.092732
165.000000	83.216509	-87.571315	0.001866
166.000000	-86.797415	74.815052	0.003860
167.000000	-73.338909	-64.527478	0.005606
168.000000	88.498533	-81.174173	0.001734
169.000000	-51.573089	88.438391	0.001076
170.000000	-71.151425	72.596577	0.001428
171.000000	-88.545443	-87.189406	0.020234
172.000000	39.172724	79.459421	0.004073
173.000000	-63.426243	-51.838221	0.008718
174.000000	35.498881	-51.822673	0.005409
175.000000	83.867145	82.927167	0.096467
176.000000	61.924031	-22.947538	0.005397
177.000000	74.488091	42.678026	0.002599
178.000000	-48.312467	-57.975387	0.438379
179.000000	-16.519772	73.502451	0.011167
180.000000	87.975937	74.146725	0.001166
181.000000	38.388129	-89.283611	0.005924
182.000000	-86.261470	64.428598	0.002027
183.000000	88.690242	-55.877836	0.003831
184.000000	-90.841659	-8.153451	0.000573
185.000000	82.221817	-68.306043	0.003725
186.000000	62.963519	2.930097	0.001726
187.000000	39.445302	38.345881	0.001454
188.000000	-68.414955	-68.264341	0.082929
189.000000	70.965970	73.016796	0.001425
190.000000	-63.481251	-84.742848	0.006767
191.000000	80.008843	77.610098	0.001402
192.000000	78.278245	-41.065246	0.020495
193.000000	78.535790	-72.004113	0.001768
194.000000	65.928681	56.332044	0.006765
195.000000	30.169405	52.583033	0.005920
196.000000	67.117486	-35.369162	0.004407
197.000000	77.903803	82.238630	0.002689
198.000000	60.221817	-17.297433	0.006987
199.000000	-69.423334	-40.315317	0.003246
200.000000	-28.485220	81.414695	0.002181
201.000000	-79.411097	-85.870157	0.005921
202.000000	29.007258	75.035673	0.007271
203.000000	64.322818	-7.830634	0.007771
204.000000	61.802424	-45.845775	0.012390
205.000000	28.951161	-90.901510	0.028644
206.000000	35.291509	27.546681	0.111974
207.000000	-16.322871	-69.613108	0.015894
208.000000	65.504475	-49.537102	0.011699
209.000000	-79.169529	-89.632938	0.007085
210.000000	56.266028	-20.666590	0.006488
211.000000	55.664766	-19.491714	0.009367
212.000000	31.197955	-90.391536	0.007102
213.000000	58.678026	-59.994061	0.019843
214.000000	77.871795	83.518333	0.006168
215.000000	-74.559399	57.094813	0.002390
216.000000	14.276504	-81.596416	0.006742
217.000000	6.700826	-3.484318	0.076812
218.000000	-81.452099	-57.828168	0.002756
219.000000	77.370139	83.613234	0.001753
220.000000	41.778130	86.048197	0.002497
221.000000	32.064062	-7.275086	0.021791
222.000000	71.827551	72.129751	0.063559
223.000000	-87.642212	57.711170	0.001259
224.000000	69.537963	77.960743	0.003363
225.000000	22.963485	76.192873	0.001543
226.000000	-84.984204	42.356470	0.000973
227.000000	49.178110	-1.321502	0.001428
228.000000	49.237724	-56.975176	0.138770
229.000000	42.350181	8.050807	0.032925
230.000000	52.762557	-53.444259	0.005835
231.000000	11.942015	-19.603145	0.022099
232.000000	31.790313	27.986521	0.002481
233.000000	53.083406	30.667390	0.003271
234.000000	-88.722638	57.654342	0.035097
235.000000	54.663803	-73.273597	0.003133
236.000000	76.224726	-27.359158	0.009406
237.000000	58.540440	-36.681291	0.015982
238.000000	51.698933	-36.821447	0.004525
239.000000	85.480248	-87.859525	0.001763
240.000000	80.840881	-40.587710	0.002709
241.000000	-84.997325	50.065836	0.031989
242.000000	84.498500	-36.152639	0.012685
243.000000	82.305849	75.468164	0.000847
244.000000	69.390860	-23.847833	0.003689
245.000000	60.776387	-56.383862	0.010863
246.000000	-72.769405	-61.501359	0.003156
247.000000	1.481989	-73.912539	0.061177
248.000000	48.948247	-35.067580	0.006823
249.000000	-84.722638	-46.276698	0.005360
250.000000	34.315336	34.063077	0.005887
251.000000	62.097918	87.988878	0.005575
252.000000	77.029791	-20.910983	0.140047
253.000000	57.963613	20.468213	0.009461
254.000000	67.161244	80.261450	0.003867
255.000000	28.793395	72.060841	0.008061
256.000000	-82.770178	-84.024111	0.023176
257.000000	80.206622	62.030413	0.001797
258.000000	54.290775	-66.073059	0.011028
259.000000	-56.745063	77.174680	0.004243
260.000000	39.262285	-3.285529	0.013135
261.000000	47.413483	-87.378895	0.001397
262.000000	57.714007	47.758075	0.019941
263.000000	45.445091	4.760777	0.003096
264.000000	16.172995	71.951131	0.009055
265.000000	-40.749779	-83.260457	0.004063
266.000000	-38.056259	82.409287	0.005458
267.000000	-87.432149	-71.158978	0.002360
268.000000	-67.106809	-17.738496	0.014478
269.000000	60.137499	47.940885	0.004014
270.000000	68.888561	74.680244	0.002995
271.000000	55.291542	-26.591247	0.001740
272.000000	73.359047	27.783209	0.001484
273.000000	35.262285	89.168721	0.009372
274.000000	73.240690	70.708027	0.001118
275.000000	-72.962655	52.007587	0.002796
276.000000	-90.217226	82.865895	0.000361
277.000000	71.681740	17.202632	0.001101
278.000000	82.312394	70.149716	0.007384
279.000000	22.330324	-59.302024	0.054875
280.000000	77.440580	-41.540632	0.002984
281.000000	73.480228	71.622794	0.009621
282.000000	-85.471977	71.034489	0.003958
283.000000	20.135758	63.827710	0.004617
284.000000	71.249951	-50.239974	0.008220
285.000000	-90.224807	-74.877486	0.007452
286.000000	-39.974304	-80.338138	0.005172
287.000000	59.519356	-28.766678	0.008470
288.000000	-48.861170	0.016435	0.002694
289.000000	-83.238813	72.603001	0.006498
290.000000	-66.812421	84.795453	0.004592
291.000000	-45.921921	83.450087	0.005280
292.000000	39.375793	73.254577	0.002319
293.000000	76.690242	-4.871547	0.024417
294.000000	70.458919	-22.641925	0.005079
295.000000	71.055285	86.713030	0.002337
296.000000	43.635788	62.780718	0.005124
297.000000	70.426878	14.172396	0.007183
298.000000	-89.914286	-59.551524	0.001440
299.000000	26.232313	-65.036481	0.008207
300.000000	-45.156156	9.408131	0.002649
301.000000	48.177678	31.583232	0.002345
302.000000	48.428885	39.058330	0.002828
303.000000	-46.510612	85.138971	0.009315
304.000000	-85.234163	89.211825	0.022485
305.000000	57.680033	-83.709372	0.001208
306.000000	80.900886	-54.249107	0.004225
307.000000	52.760695	-10.853750	0.002972
308.000000	-68.476014	70.808623	0.005339
309.000000	67.752406	-11.697060	0.006587
310.000000	-75.189406	-34.644834	0.003330
311.000000	42.249093	-57.003115	0.002630
312.000000	70.676285	0.303099	0.012519
313.000000	-66.788088	-43.817744	0.008875
314.000000	-74.599914	-58.537396	0.008987
315.000000	82.813503	45.607545	0.009505
316.000000	51.492226	4.969865	0.002038
317.000000	54.813503	85.938914	0.002134
318.000000	50.640842	26.933604	0.002336
319.000000	-79.726418	-8.207913	0.002112
320.000000	83.380438	-23.704614	0.003287
321.000000	59.328726	83.479065	0.007694
322.000000	89.199676	-32.430029	0.002139
323.000000	25.061556	-78.470118	0.004009
324.000000	-79.281970	-77.899206	0.051404
325.000000	-77.914460	28.145032	0.001186
326.000000	-82.084014	-35.491681	0.007987
327.000000	74.913135	-1.677197	0.039755
328.000000	84.264287	-75.146741	0.002077
329.000000	70.057791	2.605838	0.003029
330.000000	76.761172	61.027341	0.003343
331.000000	54.108381	-12.160053	0.001845
332.000000	50.308585	-72.886769	0.003048
333.000000	73.114216	4.937663	0.009629
334.000000	51.903808	-83.832287	0.002156
335.000000	-60.113205	-75.546841	0.020677
336.000000	-62.386946	-87.536470	0.007658
337.000000	-32.391590	-33.065241	0.002332
338.000000	49.732591	9.269598	0.001950
339.000000	60.105418	-52.788088	0.011680
340.000000	43.864545	63.857365	0.001708
341.000000	-79.660370	69.812510	0.063748
342.000000	82.488058	-63.929514	0.001348
343.000000	-56.542586	47.968789	0.005024
344.000000	-86.128205	-85.623745	0.000942
345.000000	-87.121829	-78.387505	0.006781
346.000000	6.008843	-18.674111	0.053970
347.000000	76.835121	79.298771	0.009695
348.000000	31.013893	-51.086220	0.006995
349.000000	-32.729888	-84.493094	0.011871
350.000000	59.733885	88.439182	0.003257
351.000000	53.398783	23.852116	0.003507
352.000000	66.266061	0.351747	0.002195
353.000000	-66.782362	79.159022	0.155157
354.000000	82.623975	47.137798	0.001539
355.000000	54.905569	71.627249	0.006683
356.000000	20.394425	-80.130472	0.004390
357.000000	-89.137467	-33.989411	0.005471
358.000000	44.605910	34.578886	0.002981
359.000000	17.588673	80.717573	0.005901
360.000000	47.847220	-87.560939	0.018680
361.000000	36.925447	-36.215548	0.042020
362.000000	-53.384801	73.190527	0.010148
363.000000	40.382068	-69.306707	0.005611
364.000000	-62.643791	-88.434392	0.002410
365.000000	58.206569	65.804204	0.027243
366.000000	34.580142	-36.993631	0.005208
367.000000	-71.294524	-80.230322	0.005001
368.000000	43.568230	63.217238	0.002412
369.000000	-45.461373	47.405037	0.038317
370.000000	58.169333	67.577558	0.006279
371.000000	78.605871	-84.780588	0.008965
372.000000	36.596577	-37.165941	0.002239
373.000000	-76.417826	2.922484	0.001537
374.000000	-56.473057	-41.924404	0.002826
375.000000	-77.211288	75.072379	0.001615
376.000000	-89.294530	-3.061081	0.003275
377.000000	38.224759	26.087832	0.002060
378.000000	88.765876	-81.062337	0.005419
379.000000	85.596227	-53.624949	0.002057
380.000000	-27.461340	41.259462	0.003533
381.000000	-77.326585	90.167554	0.002885
382.000000	-77.630029	-88.419566	0.001660
383.000000	60.065803	88.842829	0.013108
384.000000	48.051387	-51.501569	0.021028
385.000000	60.895106	65.434874	0.007681
386.000000	-67.603235	16.425695	0.001805
387.000000	59.430263	85.333709	0.002982
388.000000	67.155591	37.743159	0.002447
389.000000	31.007590	-7.909211	0.006659
390.000000	64.471083	-53.435058	0.007086
391.000000	-79.019546	-1.063985	0.001626
392.000000	87.585024	63.251623	0.001068
393.000000	73.883925	14.552584	0.002003
394.000000	77.723281	-29.250106	0.003997
395.000000	76.973909	78.359601	0.001360
396.000000	70.604097	-30.483148	0.005460
397.000000	83.487662	78.898015	0.009700
398.000000	-72.527672	-81.900071	0.005590
399.000000	25.790259	79.210654	0.026885
400.000000	42.530986	62.100489	0.001238
401.000000	-60.350288	-59.237033	0.120984
402.000000	28.005852	70.742640	0.000559
403.000000	31.474021	51.365770	0.002794
404.000000	51.862501	76.751189	0.004662
405.000000	64.848575	65.326155	0.002666
406.000000	-47.819452	-84.073410	0.003467
407.000000	58.132849	-67.603202	0.001130
408.000000	70.062528	-76.489134	0.006046
409.000000	-85.543917	37.501447	0.000981
410.000000	50.322803	-55.679090	0.002009
411.000000	67.437691	-18.493784	0.007657
412.000000	68.197342	-35.217155	0.014603
413.000000	58.680968	-48.382116	0.011696
414.000000	59.146297	-51.635011	0.007280
415.000000	-31.755590	63.273458	0.010645
416.000000	-58.688015	-35.600925	0.006455
417.000000	-86.896120	-38.525565	0.002921
418.000000	52.102568	2.327447	0.006152
419.000000	56.520191	-12.445804	0.001248
420.000000	67.084215	62.289930	0.009219
421.000000	-64.237191	64.870578	0.007549
422.000000	79.217638	-43.662760	0.028290
423.000000	38.793395	-22.920121	0.002445
424.000000	-29.134525	29.575771	0.000872
425.000000	-19.589902	68.719128	0.009675
426.000000	57.815347	80.940665	0.008385
427.000000	84.480537	-55.061081	0.015357
428.000000	56.656129	23.178516	0.049697
429.000000	89.392553	8.845738	0.011684
430.000000	47.951430	-64.737919	0.012231
431.000000	-57.628249	78.778938	0.002358
432.000000	10.860825	-74.123428	0.011884
433.000000	57.736789	6.885812	0.001521
434.000000	67.445159	72.540401	0.002894
435.000000	-86.871547	-86.244658	0.002009
436.000000	55.251975	31.431250	0.002923
437.000000	37.476393	-36.225586	0.004381
438.000000	65.115903	73.199762	0.005163
439.000000	-5.583532	-34.138715	0.047121
440.000000	15.743112	34.874679	0.006118
441.000000	-65.464243	88.852906	0.007841
442.000000	46.188069	-22.007622	0.151692
443.000000	-23.709225	-49.837304	0.004186
444.000000	58.605910	-37.071200	0.003986
445.000000	-83.461373	11.137713	0.000546
446.000000	79.583304	-46.711797	0.017520
447.000000	-43.432182	-72.488935	0.001660
448.000000	48.414728	19.365803	0.000431
449.000000	71.212988	45.397517	0.001921
450.000000	58.028600	-65.782780	0.009706
451.000000	-46.507172	-12.185686	0.000909
452.000000	81.226933	-0.397316	0.067996
453.000000	-36.229370	30.181343	0.000640
454.000000	64.001202	-67.648253	0.008256
455.000000	-55.699931	-22.237191	0.009721
456.000000	55.980620	29.968296	0.001706
457.000000	-81.235904	66.779951	0.074345
458.000000	-36.384089	-1.054696	0.003692
459.000000	-29.214279	-55.133860	0.000499
460.000000	56.486317	41.390050	0.002228
461.000000	-87.597456	-85.643443	0.001345
462.000000	-52.942710	53.923720	0.001893
463.000000	-58.643770	-69.492739	0.015299
464.000000	-55.444507	-48.842645	0.003610
465.000000	-70.192173	-24.923238	0.008734
466.000000	70.680968	-48.338012	0.018619
467.000000	55.980620	-24.773034	0.004299
468.000000	-53.343593	89.625330	0.002473
469.000000	63.481989	-25.430442	0.003817
470.000000	58.197295	85.846171	0.022303
471.000000	-34.743375	79.372144	0.004188
472.000000	62.887174	34.794671	0.003378
473.000000	48.730316	32.206536	0.280852
474.000000	-87.765946	49.537876	0.001172
475.000000	32.310479	-10.150547	0.004735
476.000000	69.871795	-20.145038	0.005307
477.000000	-67.591032	51.626931	0.005784
478.000000	-73.499726	63.602684	0.002287
479.000000	-73.862554	-6.437563	0.002074
480.000000	72.483447	-73.199018	0.004918
481.000000	64.567818	-5.995298	0.002761
482.000000	-35.820104	88.043514	0.004912
483.000000	-51.159066	-64.008776	0.001930
484.000000	-50.276698	-88.422509	0.005706
485.000000	-40.498336	-82.740016	0.004058
486.000000	45.311985	2.570688	0.002863
487.000000	38.771273	10.095144	0.003701
488.000000	-76.530615	-82.614986	0.005695
489.000000	-85.077565	77.603182	0.134407
490.000000	75.936202	40.662831	0.002719
491.000000	88.943569	39.338353	0.000707
492.000000	-89.181814	51.797708	0.000334
493.000000	18.342540	-56.008863	0.010648
494.000000	-85.079257	-12.321295	0.004395
495.000000	75.802424	67.965393	0.004328
496.000000	-87.456690	-50.253448	0.003491
497.000000	-76.577324	-43.874752	0.003711
498.000000	59.598007	55.777285	0.012530
499.000000	-32.885784	-85.645980	0.011195
500.000000	-66.359582	86.796143	0.001389
501.000000	49.365171	-84.765301	0.002000
502.000000	-70.690918	85.600311	0.003368
503.000000	-77.334144	-87.381946	0.003017
504.000000	-87.814841	-77.467153	0.003588
505.000000	31.765980	34.352188	0.008594
506.000000	88.065803	-49.655720	0.024916
507.000000	-84.244691	-50.508871	0.003776
508.000000	45.180155	-35.106213	0.032082
509.000000	72.359475	81.249930	0.001339
510.000000	76.057791	4.189756	0.000963
511.000000	54.392812	-21.343070	0.002434
512.000000	-84.232274	65.794963	0.001823
513.000000	52.085560	42.221904	0.003108
514.000000	-85.311498	83.583496	0.001604
515.000000	43.768850	-87.704575	0.002236
516.000000	-86.093327	85.506216	0.001822
517.000000	-63.357418	-66.001702	0.154753
518.000000	73.416333	-51.497116	0.026212
519.000000	88.411911	-3.424005	0.583275
520.000000	48.422281	63.492279	0.001766
521.000000	-49.894490	-78.968062	0.004737
522.000000	88.853259	-73.638559	0.002650
523.000000	36.848614	9.142724	0.002539
524.000000	19.416354	-61.625678	0.006748
525.000000	86.300036	-5.007363	0.002451
526.000000	-85.766000	-87.397032	0.001509
527.000000	-88.152819	86.206655	0.001208
528.000000	57.104956	40.488747	0.203025
529.000000	55.102139	-24.285335	0.011240
530.000000	-86.689112	-63.805561	0.002062
531.000000	-67.006115	66.607573	0.005771
532.000000	-66.123629	-86.306043	0.006511
533.000000	-79.423301	-79.477271	0.003673
534.000000	79.767720	63.743126	0.002410
535.000000	-81.376025	-85.338789	0.001604
536.000000	68.825788	81.723456	0.011691
537.000000	-43.359158	70.060841	0.001981
538.000000	78.784062	82.108501	0.004449
539.000000	61.553211	17.135974	0.002935
540.000000	70.389621	-54.853650	0.007573
541.000000	85.464809	-74.272002	0.001795
542.000000	52.322856	-4.607027	0.002240
543.000000	56.463530	44.082723	0.002224
544.000000	42.404318	-45.014863	0.003775
545.000000	32.232260	-70.471050	0.007092
546.000000	-19.694151	-67.929229	0.007503
547.000000	23.696866	-3.219370	0.001064
548.000000	89.958983	-84.373069	0.066553
549.000000	-88.332325	65.360913	0.001893
550.000000	-58.131162	-85.704614	0.009221
551.000000	47.647160	80.205056	0.000753
552.000000	-80.093327	-89.011992	0.060658
553.000000	40.226447	68.782899	0.002939
554.000000	56.880762	-29.711900	0.030483
555.000000	84.352008	-74.903608	0.001401
556.000000	-91.106479	48.633462	0.001439
557.000000	50.197349	78.963906	0.016863
558.000000	40.224759	-18.427965	0.002401
559.000000	35.339947	-76.068780	0.004936
560.000000	-23.299174	21.523174	0.004713
561.000000	45.061832	-10.315211	0.001610
562.000000	-69.028961	-34.708704	0.000950
563.000000	71.541047	-79.583039	0.007135
564.000000	51.104216	-55.831289	0.006391
565.000000	65.461971	72.670365	0.035517
566.000000	77.911303	-61.628341	0.002462
567.000000	31.536222	-19.239310	0.002890
568.000000	-87.249806	-56.066669	0.001448
569.000000	49.384602	-23.611721	0.006361
570.000000	26.362364	36.629054	0.006063
571.000000	68.680968	-36.209634	0.011201
572.000000	-85.259188	-79.717306	0.002134
573.000000	40.273741	39.436551	0.003011
574.000000	77.747756	-8.051615	0.014064
575.000000	-46.350198	-77.933055	0.868327
576.000000	-71.311498	-68.526424	0.029719
577.000000	87.344112	-45.689347	0.001248
578.000000	74.102568	58.765925	0.002793
579.000000	-77.297433	58.922517	0.010362
580.000000	59.548561	21.019509	0.004097
581.000000	-64.016476	-59.894562	0.015284
582.000000	80.653537	-56.398969	0.003763
583.000000	66.881008	20.252270	0.003847
584.000000	-81.689314	79.336294	0.003001
585.000000	-8.841255	-61.581757	0.029464
586.000000	-25.735679	-66.923039	0.008388
587.000000	-72.929575	51.962013	0.000749
588.000000	-32.495644	-89.704575	0.006326
589.000000	85.782726	47.580434	0.000696
590.000000	74.426878	15.142165	0.001421
591.000000	-59.810191	-84.730419	0.007104
592.000000	53.382375	56.885461	0.001411
593.000000	-48.788136	-70.683038	0.001688
594.000000	-43.299174	-63.464243	0.005901
595.000000	81.553211	80.279820	0.003388
596.000000	34.691552	86.608799	0.007325
597.000000	54.268932	25.120920	0.022788
598.000000	57.671185	76.167293	0.005323
599.000000	84.105385	-85.426243	0.001842
600.000000	55.839681	-68.036354	0.011029
601.000000	44.068746	42.977902	0.002509
602.000000	34.429956	82.615981	0.005103
603.000000	81.385014	83.064579	0.001366
604.000000	58.244410	-80.463690	0.020354
605.000000	-70.982253	-83.799607	0.005521
606.000000	-83.359158	-21.676747	0.001578
607.000000	58.466439	82.650946	0.004140
608.000000	-72.207947	-57.921960	0.001073
609.000000	-27.872023	79.070566	0.007058
610.000000	46.848575	48.626546	0.002460
611.000000	70.217220	79.116323	0.000554
612.000000	-69.070308	-13.421758	0.019293
613.000000	-38.983183	-58.995194	0.006366
614.000000	28.068746	-4.397051	0.006740
615.000000	52.570760	-23.683497	0.015085
616.000000	65.098264	-80.110595	0.201866
617.000000	63.324168	24.085753	0.004708
618.000000	68.995600	-68.194825	0.008146
619.000000	-71.086898	62.844498	0.002481
620.000000	35.428516	-44.657186	0.239431
621.000000	85.210118	-70.130810	0.001350
622.000000	-11.511870	72.808697	0.006797
623.000000	52.716054	38.702114	0.000839
624.000000	47.010762	-58.954220	0.001277
625.000000	76.821210	33.424682	0.005333
626.000000	-77.805614	49.039085	0.002726
627.000000	-56.451400	69.963672	0.002759
628.000000	40.374568	-87.919721	0.003188
629.000000	-81.600365	-23.305020	0.034585
630.000000	-69.761317	-76.923172	0.001550
631.000000	39.245306	61.983550	0.001497
632.000000	71.767720	9.715781	0.004549
633.000000	-63.589902	-84.428415	0.008776
634.000000	84.221682	-69.398740	0.002877
635.000000	62.276504	38.491483	0.015431
636.000000	56.389621	4.167434	0.000919
637.000000	-53.476939	-59.611082	0.010678
638.000000	-63.166586	89.073896	0.007543
639.000000	-83.620841	-58.891630	0.002312
640.000000	-55.998831	-80.135759	0.002136
641.000000	60.498554	35.918596	0.001702
642.000000	57.536474	64.195628	0.005413
643.000000	71.042028	-19.746083	0.006723
644.000000	-53.802444	72.397103	0.002794
645.000000	66.930076	65.288203	0.006400
646.000000	61.243560	30.946963	0.004964
647.000000	89.993385	49.289545	0.000869
648.000000	48.956004	54.304593	0.017199
649.000000	-56.832386	34.532814	0.005126
650.000000	-6.307817	-48.571322	0.040100
651.000000	66.604097	87.978880	0.008112
652.000000	45.930296	43.108776	0.003056
653.000000	-78.416696	32.779412	0.004837
654.000000	22.157168	6.537936	0.001377
655.000000	74.623975	40.236219	0.002308
656.000000	-40.543624	-81.672813	0.079725
657.000000	-48.019380	43.422671	0.066249
658.000000	50.902698	-14.592924	0.001297
659.000000	85.383347	-62.826358	0.001277
660.000000	66.965226	65.116323	0.007071
661.000000	83.359047	82.751189	0.003165
662.000000	75.799554	-40.179970	0.004954
663.000000	60.078040	-37.583585	0.012063
664.000000	-73.471957	-52.736478	0.141663
665.000000	-45.743266	-75.531553	0.001463
666.000000	34.733225	-45.996559	0.056072
667.000000	-58.982319	-84.130352	0.002218
668.000000	-85.874932	-25.332398	0.009095
669.000000	33.153130	-12.432440	0.005100
670.000000	48.908439	-66.411821	0.002236
671.000000	30.938924	72.746877	0.001092
672.000000	-25.689521	-88.762181	0.003473
673.000000	-79.854968	-69.938847	0.023037
674.000000	-46.410790	-11.630523	0.003836
675.000000	88.243280	63.654342	0.002173
676.000000	-41.998831	-82.192926	0.006612
677.000000	60.053128	-50.006703	0.003609
678.000000	-81.531640	81.395644	0.005278
679.000000	-64.103751	-42.084014	0.012480
680.000000	-58.992623	86.660740	0.002609
681.000000	12.767087	-32.702721	0.004504
682.000000	-80.163223	-45.209514	0.001937
683.000000	7.733885	71.298710	0.069640
684.000000	-68.493784	-74.414955	0.002858
685.000000	49.911323	46.001169	0.006466
686.000000	-61.642179	88.349423	0.093785
687.000000	74.302979	-63.525383	0.020453
688.000000	28.853292	-83.224053	0.002933
689.000000	81.494032	-70.099101	0.000829
690.000000	-72.043887	-85.496364	0.002202
691.000000	86.276524	57.471764	0.002317
692.000000	-43.735713	-85.154436	0.002664
693.000000	-81.238807	83.221888	0.009722
694.000000	-22.076002	-69.631245	0.008953
695.000000	62.325848	21.885303	0.003724
696.000000	-59.415781	-86.394319	0.003609
697.000000	85.185577	-88.189863	0.002769
698.000000	-55.647992	27.187546	0.014932
699.000000	62.688468	-58.544983	0.094548
700.000000	42.060700	78.951785	0.002349
701.000000	-80.932532	-75.441482	0.002230
702.000000	56.463589	15.661365	0.031889
703.000000	-80.342749	-42.102621	0.017549
704.000000	27.857818	-82.751669	0.004043
705.000000	53.339516	47.600278	0.003988
706.000000	-76.767055	77.407010	0.000423
707.000000	-58.371712	80.475913	0.004744
708.000000	66.362331	-60.866999	1.171800
709.000000	74.297166	-79.796335	0.024223
710.000000	-30.495525	19.460706	0.000862
711.000000	-85.314348	-24.587642	0.001913
712.000000	-62.490875	-69.493826	0.021891
713.000000	-63.254451	-69.399444	0.007695
714.000000	-57.862501	-64.172470	0.012649
715.000000	-51.974270	78.087461	0.006862
716.000000	74.322856	9.773983	0.001359
717.000000	88.407228	-52.207682	0.001951
718.000000	64.125068	43.242397	0.003215
719.000000	-84.401993	78.313523	0.006490
720.000000	61.344166	-78.671148	0.012847
721.000000	-62.063765	21.715748	0.007347
722.000000	49.797780	86.852447	0.004392
723.000000	77.340842	57.577563	0.025452
724.000000	-66.747214	-59.726400	0.003286
725.000000	-78.888727	70.847479	0.004536
726.000000	33.377764	-53.645846	0.032193
727.000000	73.530922	62.088273	0.005069
728.000000	-71.246864	57.439703	0.010604
729.000000	53.325691	-66.322444	0.004748
730.000000	67.104956	20.391596	0.004697
731.000000	47.506341	38.028253	0.001947
732.000000	-61.319032	-85.959037	0.007467
733.000000	70.192839	68.273064	0.003135
734.000000	63.264936	-15.613001	0.013112
735.000000	79.016387	-13.409434	0.003034
736.000000	72.197295	10.302607	0.014396
737.000000	74.401415	67.451546	0.001791
738.000000	-72.599914	-90.037325	0.002596
739.000000	-80.464094	66.531107	0.010906
740.000000	-85.810191	-1.369621	0.002837
741.000000	-72.760155	67.548868	0.004656
742.000000	46.726504	-7.526639	0.000540
743.000000	24.076266	23.496995	0.001700
744.000000	-87.765967	83.069209	0.001919
745.000000	-87.513650	13.476414	0.001041
746.000000	76.958835	-65.991909	0.003242
747.000000	38.325727	-64.086054	0.005976
748.000000	69.975970	89.350503	0.002267
749.000000	-54.853584	-48.389564	0.002365
750.000000	74.616455	84.640875	0.001984
751.000000	-88.763994	58.833502	0.005883
752.000000	70.663961	67.232345	0.003714
753.000000	87.148323	86.957628	0.001895
754.000000	76.198158	80.823355	0.004023
755.000000	55.409236	23.694196	0.050460
756.000000	54.446702	9.785156	0.002009
757.000000	40.863006	72.265915	0.001545
758.000000	-87.543685	-58.585737	0.000244
759.000000	52.295425	71.028946	0.050164
760.000000	63.370139	83.697040	0.017914
761.000000	44.182328	31.101307	0.008340
762.000000	62.753015	32.327154	0.000811
763.000000	50.728575	-43.191851	0.004516
764.000000	75.341209	-43.381766	0.004797
765.000000	-16.181744	86.439289	0.001091
766.000000	87.818290	-89.875642	0.491411
767.000000	-33.403423	29.909142	0.002454
768.000000	-11.246864	11.470111	0.012227
769.000000	39.545614	-41.042292	0.005842
770.000000	69.363150	50.788094	0.002344
771.000000	34.025696	57.569971	0.120681
772.000000	72.856129	-4.157731	0.002167
773.000000	-64.869535	55.645068	0.007558
774.000000	73.050105	-42.199981	0.005001
775.000000	-31.730909	42.297451	0.007758
776.000000	88.584704	38.524057	0.000566
777.000000	63.092296	-71.649529	0.004695
778.000000	57.847181	41.617704	0.786735
779.000000	-82.913780	-80.925844	0.002439
780.000000	83.492728	60.131255	0.001340
781.000000	69.464424	-40.155177	0.007161
782.000000	41.659720	69.509132	0.008813
783.000000	24.236910	-50.354878	0.003250
784.000000	-42.802856	21.973126	0.854698
785.000000	66.765619	38.944678	0.001527
786.000000	-85.398773	83.111665	0.001377
787.000000	20.550877	-38.140896	0.001517
788.000000	84.088503	-66.217220	0.003187
789.000000	-62.371679	81.652708	0.001920
790.000000	-34.288900	51.981477	0.003386
791.000000	73.598179	28.625788	0.000464
792.000000	-75.772278	90.029537	0.015264
793.000000	57.065961	41.275769	0.000779
794.000000	-79.902082	-51.611508	0.012638
795.000000	58.474206	-61.439502	0.003755
796.000000	80.776421	-0.360568	0.014061
797.000000	-69.782968	-56.498148	0.444322
798.000000	38.362385	51.578342	0.003707
799.000000	-82.620441	4.039184	0.089364
800.000000	65.438105	51.732382	0.043404
801.000000	-83.267126	8.297344	0.001316
802.000000	81.679999	-3.398773	0.000641
803.000000	14.696202	-42.371025	0.000669
804.000000	-40.856327	73.376793	0.026568
805.000000	46.180548	18.501545	0.008359
806.000000	-49.181977	-55.381697	0.013434
807.000000	-89.766000	-31.221839	0.001489
808.000000	73.382462	10.523094	0.001036
809.000000	41.882184	-31.312169	0.002289
810.000000	-70.442700	-88.496419	0.005321
811.000000	47.620561	-6.083184	1.005024
812.000000	62.558565	38.993349	0.025584
813.000000	72.870669	-86.384185	0.003105
814.000000	-15.271878	-47.662605	0.030130
815.000000	76.284078	-72.693636	0.065254
816.000000	23.905454	78.789971	0.125709
817.000000	-64.772781	-65.597276	0.017159
