Thin Section: 	C:\Ice Data\2017-02-24-Fri\10.28 1098  VTS SPICE

Results: 	C:\Ice Results\2017-02-24-Fri\10.28 1098  VTS SPICE\2017-03-07-Tue, 14.45

Sequence Angles: 
xi	phi inner
0	0
45	0
45	-45
45	-90
45	-135
45	-180
45	-225
45	-270
45	-315

Threshold: 
45.000

Grain #		theta		phi	Rsquared

0.000000	-69.412271	-83.702549	0.006215
1.000000	-88.121423	-70.347184	0.000836
2.000000	-77.372657	-78.906520	0.001593
3.000000	65.495978	81.948565	0.003855
4.000000	-65.506130	-76.671753	0.001707
5.000000	24.142076	23.562437	0.009231
6.000000	58.212609	-62.868551	0.017413
7.000000	44.045574	-44.900770	0.008227
8.000000	41.712713	56.697430	0.004223
9.000000	-40.888316	-37.755410	0.001422
10.000000	70.975722	-76.473781	0.017513
11.000000	10.676285	-11.604956	0.048753
12.000000	49.174265	70.168063	0.018296
13.000000	60.954637	80.055771	0.014685
14.000000	-79.847462	-76.164481	0.009196
15.000000	19.013118	5.215787	0.001798
16.000000	44.596577	-2.976848	0.012877
17.000000	48.341237	-39.053986	0.010458
18.000000	64.543310	83.588215	0.007533
19.000000	44.073396	64.593586	0.000928
20.000000	74.690422	72.391575	0.034712
21.000000	-77.414007	83.043682	0.005041
22.000000	49.667675	-45.640506	0.040128
23.000000	36.350234	-37.854734	0.002093
24.000000	25.420983	-14.757128	0.018399
25.000000	-85.321941	-87.785650	0.010377
26.000000	59.496801	73.085780	0.006481
27.000000	-69.867151	73.985304	0.013104
28.000000	-88.861982	-80.016296	0.009910
29.000000	49.858732	85.770310	0.003897
30.000000	-81.632986	-85.342935	0.003004
31.000000	-64.530629	-70.797415	0.002858
32.000000	69.784553	-84.995652	0.010763
33.000000	45.108638	-58.744684	0.008806
34.000000	83.062871	-81.902043	0.002057
35.000000	-74.184653	-74.824779	0.000494
36.000000	4.984493	-33.013173	0.046773
37.000000	28.643833	-58.708778	0.018808
38.000000	59.161318	-89.878812	0.006039
39.000000	46.547960	-18.803532	0.003045
40.000000	17.738482	-5.860106	0.017491
41.000000	83.566935	-82.212624	0.002872
42.000000	38.217352	50.865119	0.006245
43.000000	36.140355	-48.634284	0.026958
44.000000	69.508034	78.250336	0.005306
45.000000	30.342507	66.281295	0.008010
46.000000	40.268971	-60.684390	0.010676
47.000000	76.636212	79.991083	0.009006
48.000000	85.590766	88.015644	0.001468
49.000000	23.256142	-60.518091	0.000834
50.000000	-82.155690	-88.267211	0.002574
51.000000	-8.176742	78.266526	0.011168
52.000000	12.261276	-59.915266	0.012090
53.000000	68.591894	-84.871574	0.023564
54.000000	-63.206572	81.911940	0.078191
55.000000	25.620207	-72.374529	0.003184
56.000000	69.387692	79.064284	0.022316
57.000000	71.365243	77.927028	0.055111
58.000000	63.072993	-73.295813	0.011919
59.000000	73.323568	77.286613	0.001900
60.000000	38.523520	55.761521	0.005587
61.000000	59.992638	-73.986507	0.031754
62.000000	-35.090625	15.615554	0.023222
63.000000	36.503324	80.982057	0.005004
64.000000	-60.028713	-76.960861	0.010894
65.000000	32.005852	-86.024030	0.001797
66.000000	16.680968	16.112711	0.007519
67.000000	80.604097	84.370166	0.020762
68.000000	41.469970	83.054068	0.000925
69.000000	-87.121863	-76.900557	0.001657
70.000000	-83.101952	86.426154	0.008223
71.000000	42.700846	-52.835333	0.046129
72.000000	-53.309027	-8.358143	0.146687
73.000000	77.802424	82.968096	0.090163
74.000000	27.968302	52.311069	0.003151
75.000000	23.467645	-22.011787	0.019067
76.000000	73.968296	-74.264341	0.023084
77.000000	-77.195830	-84.227365	0.001082
78.000000	41.138867	55.030561	0.009430
79.000000	45.113718	-58.019320	0.003492
80.000000	-21.469068	-71.263667	0.004418
81.000000	44.322856	61.862662	0.099058
82.000000	74.436379	86.850349	0.005926
83.000000	25.662394	-68.457576	0.000983
84.000000	-11.723529	52.586473	0.044164
85.000000	70.997533	-90.036372	0.001465
86.000000	61.070803	83.732987	0.001964
87.000000	27.632567	55.314246	0.000461
88.000000	-50.431717	-67.708722	0.002960
89.000000	71.588674	-68.339538	0.004202
90.000000	81.279460	78.517958	0.001988
91.000000	26.992697	37.155107	0.015034
92.000000	-76.258561	-81.432929	0.003591
93.000000	89.820030	69.796650	0.001405
94.000000	41.341209	-58.447564	0.031400
95.000000	-82.616508	-70.670835	0.001583
96.000000	37.706454	-56.073357	0.010531
97.000000	49.550156	-78.819648	0.007743
98.000000	57.975937	69.681773	0.097289
99.000000	49.931552	29.474069	0.002492
100.000000	42.873487	-61.900212	0.010902
101.000000	36.379284	-72.550858	0.008950
102.000000	-49.341813	-83.572981	0.002248
103.000000	81.321245	77.846549	0.020919
104.000000	46.008843	-65.362068	0.013336
105.000000	62.371697	87.390103	0.007619
106.000000	-90.674091	71.096392	0.148901
107.000000	-87.158945	74.277780	0.060616
108.000000	81.363697	-88.623979	0.003563
109.000000	-12.336975	15.049335	0.032731
110.000000	-36.443450	57.769074	0.025607
111.000000	34.285837	10.281666	0.014627
112.000000	-64.357841	-81.352276	0.005035
113.000000	83.728106	88.658181	0.000777
114.000000	-73.072833	-80.622400	0.002726
115.000000	9.510856	41.825777	0.008810
116.000000	78.848575	72.351961	0.001707
117.000000	-45.371303	-77.325623	0.003114
118.000000	-81.488738	-79.013766	0.005783
119.000000	62.090364	86.177606	0.007677
120.000000	67.812477	85.975937	0.002520
121.000000	79.412420	72.783621	0.006072
122.000000	45.750665	51.309482	0.007769
123.000000	11.541137	87.690062	0.018956
124.000000	66.110068	81.989185	0.011769
125.000000	47.240690	-63.511870	0.008964
126.000000	39.067468	64.450574	0.002632
127.000000	58.448476	-89.104861	0.006432
128.000000	-47.625465	85.413223	0.038491
129.000000	-17.062337	-80.026011	0.088952
130.000000	-73.454910	-76.274654	0.000245
131.000000	68.535718	82.075136	0.014039
132.000000	-60.886282	7.303340	0.029001
133.000000	46.905569	-26.804915	0.001943
134.000000	-55.299174	89.880856	0.010430
135.000000	36.611690	87.742701	0.007068
136.000000	-36.952092	57.228450	0.003951
137.000000	37.911323	2.201972	0.013005
138.000000	-79.334144	-88.215533	0.030537
139.000000	-84.920421	-80.434659	0.002155
140.000000	26.229410	-67.972031	0.000649
141.000000	46.860825	71.775452	0.002833
142.000000	37.703583	60.872696	0.002971
143.000000	84.323940	-85.667096	0.012122
144.000000	18.053141	-31.971400	0.013315
145.000000	-68.937182	-80.103399	0.005052
146.000000	27.096749	60.171952	0.001860
147.000000	60.898015	-61.965919	0.007989
148.000000	54.676318	71.842024	0.011542
149.000000	36.631529	69.668931	0.003301
150.000000	-66.182555	85.533772	0.002277
151.000000	43.222283	-64.795675	0.027007
152.000000	46.763566	62.468121	0.015433
153.000000	-33.306761	81.600932	0.043237
154.000000	39.467678	64.356870	0.003827
155.000000	11.316615	-21.212799	0.018359
156.000000	82.740528	-80.282241	0.002749
157.000000	29.010280	-40.085048	0.000898
158.000000	83.332378	81.125607	0.001315
159.000000	69.649698	58.687831	0.006560
160.000000	-66.860442	85.716217	0.006370
161.000000	36.403725	87.073244	0.002498
162.000000	32.200199	27.499285	0.010293
163.000000	74.466667	79.210138	0.002252
164.000000	50.535757	82.125368	0.008040
165.000000	64.013493	83.291238	0.003865
166.000000	61.416354	83.019614	0.018937
167.000000	18.550864	55.337391	0.011734
168.000000	60.061153	-83.142117	0.010537
169.000000	70.078040	-71.321941	0.025083
170.000000	33.486571	-69.555869	0.022323
171.000000	60.865475	-73.810717	0.047351
172.000000	-5.545658	-51.939300	0.050778
173.000000	-83.294504	-66.069080	0.036384
174.000000	35.661895	68.795136	0.002112
175.000000	26.212349	28.830898	0.005736
176.000000	41.793064	-55.836159	0.082501
177.000000	53.055693	-73.715472	0.048001
178.000000	49.395757	-79.184462	0.005820
179.000000	-82.980491	-86.140441	0.002131
180.000000	22.688522	21.454650	0.052375
181.000000	69.610098	16.238597	0.017758
182.000000	-89.311478	-71.383545	0.004078
183.000000	-26.727282	-82.338341	0.006060
184.000000	-29.686867	-40.654113	0.145581
185.000000	55.407902	-63.306795	0.006896
186.000000	-53.779977	8.888190	0.204279
187.000000	39.190402	23.219881	0.033460
188.000000	-70.909097	-87.624867	0.003134
189.000000	16.483447	17.187307	0.004613
190.000000	43.404736	44.422977	0.008622
191.000000	77.980620	-88.256874	0.010310
192.000000	52.762469	-80.963326	0.007825
193.000000	-73.504389	78.028600	0.013691
194.000000	49.383274	43.149975	0.015504
195.000000	-24.675852	-45.839734	0.000375
196.000000	45.992321	83.152754	0.000983
197.000000	-86.621169	-84.016450	0.010632
198.000000	30.051387	-57.557445	0.012362
199.000000	63.012074	79.007252	0.012844
200.000000	71.284901	68.207028	0.004994
201.000000	17.730976	-40.001735	0.009174
202.000000	83.324082	-79.321502	0.007517
203.000000	27.675349	81.102139	0.004106
204.000000	64.503183	88.367101	0.003772
205.000000	48.798078	67.830036	0.002026
206.000000	48.354690	-60.326419	0.004548
207.000000	-70.557679	79.294142	0.011893
208.000000	26.579569	-0.473868	0.003194
209.000000	-52.662062	-82.799736	0.000501
210.000000	71.481989	79.871795	0.003744
211.000000	-87.240482	-85.555066	0.001527
212.000000	81.295926	-82.214122	0.002824
213.000000	-62.046352	-84.252065	0.030735
214.000000	19.810736	-72.046012	0.004345
215.000000	58.605910	88.367242	0.001923
216.000000	33.852097	35.573161	0.026990
217.000000	82.220163	-76.029968	0.003675
218.000000	-86.043887	-85.471977	0.005256
219.000000	-84.439250	85.943948	0.022130
220.000000	38.108327	39.644257	0.022740
221.000000	47.507312	85.701033	0.003904
222.000000	18.456122	71.035519	0.000826
223.000000	51.173427	-24.348190	0.001976
224.000000	42.653570	66.313215	0.002140
225.000000	-89.699964	-80.493870	0.001030
226.000000	56.616422	76.253743	0.003179
227.000000	52.578455	-54.955511	0.008838
228.000000	36.643833	-55.205934	0.016474
229.000000	42.685598	52.719215	0.002873
230.000000	-76.544399	88.076387	0.010508
231.000000	22.613551	62.825975	0.000830
232.000000	22.756455	3.503263	0.007262
233.000000	52.338031	-80.624072	0.005602
234.000000	38.731113	40.424592	0.013906
235.000000	71.007252	80.761187	0.002072
236.000000	37.225583	-14.623013	0.008802
237.000000	45.120844	-50.999356	0.006437
238.000000	48.093273	-77.867516	0.036082
239.000000	30.419372	-64.389849	0.004250
240.000000	51.598319	-80.123342	0.002712
241.000000	30.036139	39.298991	0.009811
242.000000	76.315336	-78.328225	0.004178
243.000000	47.128372	-79.057448	0.010971
244.000000	60.966356	-84.024111	0.008325
245.000000	46.784062	77.360047	0.001174
246.000000	32.209478	-45.697189	0.015047
247.000000	49.307969	81.698109	0.002273
248.000000	46.548114	-77.807281	0.004666
249.000000	-76.715099	-85.744561	0.002175
250.000000	64.238689	68.730037	0.007153
251.000000	-33.218896	83.592459	0.000839
252.000000	40.821177	59.801115	0.003487
253.000000	78.650628	-56.212629	0.047103
254.000000	71.802463	71.413079	0.098869
255.000000	67.521135	-67.779870	0.011927
256.000000	34.394251	-82.318778	0.014443
257.000000	59.980620	-32.454309	0.007046
258.000000	43.356143	62.242816	0.001883
259.000000	33.802463	-61.471918	0.022039
260.000000	31.568283	-57.812335	0.051423
261.000000	54.048583	70.324636	0.390024
262.000000	33.740124	87.040182	0.005958
263.000000	17.161244	29.708687	0.005020
264.000000	52.080949	65.300783	0.004612
265.000000	61.030990	66.680915	0.004664
266.000000	-29.728159	74.913122	0.002702
267.000000	40.298416	-50.918756	0.012311
268.000000	59.551470	-61.114309	0.022351
269.000000	79.703583	-73.183506	0.001243
270.000000	59.706487	-81.838008	0.008980
271.000000	59.993615	-75.341852	0.009282
272.000000	68.214350	-89.507259	0.010654
273.000000	68.033230	-75.914407	0.057184
274.000000	52.468272	84.506740	0.006895
275.000000	36.085540	-0.182840	0.019853
276.000000	62.025696	67.491215	0.005284
277.000000	8.347136	-49.086911	0.067804
278.000000	49.382381	51.124980	0.005162
279.000000	45.993615	-74.357788	0.004292
280.000000	42.800572	-88.564719	0.016393
281.000000	75.792000	-80.568050	0.006690
282.000000	63.348742	70.381996	0.036572
283.000000	36.828737	81.144342	0.001280
284.000000	28.656407	67.680106	0.001420
285.000000	68.776508	-84.441308	0.009275
286.000000	62.658220	71.078706	0.003196
287.000000	62.013493	61.266764	0.006529
288.000000	23.852091	0.645945	0.006174
289.000000	56.491154	56.660650	0.003388
290.000000	76.221817	-66.681697	0.005670
291.000000	-91.007744	85.441201	0.040242
292.000000	52.796299	-82.609584	0.051453
293.000000	65.131297	-77.066396	0.034446
294.000000	-83.842832	82.983046	0.008049
295.000000	41.744774	-35.526153	0.006482
296.000000	30.144985	47.587379	0.002911
297.000000	42.572560	2.905492	0.002542
298.000000	31.424682	44.838655	0.016529
299.000000	54.337910	-86.827417	0.012227
300.000000	61.896249	80.480570	0.007601
301.000000	19.219211	83.338993	0.000074
302.000000	64.776421	-80.379245	0.014781
303.000000	-88.887509	81.184907	0.006609
304.000000	-53.891706	75.543917	0.001371
305.000000	44.917974	-65.478194	0.007613
306.000000	40.955932	58.841612	0.002789
307.000000	88.253683	69.567067	0.004964
308.000000	38.848609	0.433708	0.012707
309.000000	16.305849	58.334740	0.003936
310.000000	85.684683	73.696866	0.005248
311.000000	57.387903	-45.542146	0.002768
312.000000	-32.598435	-16.827721	0.777074
313.000000	43.578582	79.102073	0.001016
314.000000	-39.211255	71.842764	0.007191
315.000000	-49.337169	-89.152554	0.197753
316.000000	-8.846150	-55.265798	0.008472
317.000000	71.038006	84.428286	0.177737
318.000000	36.540440	58.613078	0.002134
319.000000	-85.122897	-87.471690	0.009131
320.000000	57.385000	-70.016450	0.003871
321.000000	56.463569	41.475997	0.001015
322.000000	-88.693762	81.133136	0.008178
323.000000	-90.513435	81.418128	0.008942
324.000000	34.836284	63.060201	0.004306
325.000000	42.753136	14.289187	0.006772
326.000000	-63.681827	76.841055	0.016980
327.000000	23.115909	85.302741	0.049689
328.000000	-72.542658	42.839892	0.004303
329.000000	18.008843	-76.051474	0.003866
330.000000	19.413450	55.282693	0.001337
331.000000	34.351820	56.209499	0.017034
332.000000	-77.279066	-78.715186	0.003064
333.000000	69.852091	85.457342	0.020544
334.000000	16.048517	66.134894	0.000159
335.000000	79.513948	-81.726139	0.081010
336.000000	-48.703051	81.759232	0.019117
337.000000	32.813590	-9.377601	0.009770
338.000000	-79.810244	88.768828	0.011142
339.000000	50.820826	85.401320	0.000746
340.000000	19.540819	68.237641	0.011629
341.000000	-89.095539	85.585962	0.002461
342.000000	51.315584	83.918596	0.003379
343.000000	41.091430	63.322969	0.001993
344.000000	75.714007	-83.899227	0.006021
345.000000	48.379392	55.466552	0.028559
346.000000	68.856162	86.800596	0.002565
347.000000	51.886637	74.147763	0.001875
348.000000	-48.149649	-84.332995	0.007264
349.000000	66.402544	83.849506	0.004296
350.000000	-55.079086	81.577080	0.007278
351.000000	71.915986	47.703545	0.004974
352.000000	35.657251	62.820386	0.017688
353.000000	53.018315	-56.464589	0.001197
354.000000	40.426999	52.112079	0.003750
355.000000	31.948559	63.096326	0.002157
356.000000	-72.819073	63.301908	0.007570
357.000000	-69.946872	69.921095	0.019628
358.000000	13.680033	22.695844	0.013342
359.000000	80.224813	79.802637	0.002018
360.000000	32.503183	27.986521	0.018771
361.000000	37.679482	-45.827438	0.003344
362.000000	64.330357	-72.148801	0.009527
363.000000	39.914245	60.346088	0.003766
364.000000	61.296014	78.501104	0.011298
365.000000	41.628487	50.993325	0.338623
366.000000	45.206023	58.558738	0.010409
367.000000	-57.689521	85.001849	0.003229
368.000000	62.182328	59.645296	0.006482
369.000000	44.474226	-45.709470	0.002128
370.000000	70.310653	-83.363701	0.019628
371.000000	43.899159	86.072101	0.002957
372.000000	24.801036	58.562907	0.001557
373.000000	85.054473	-89.106986	0.006753
374.000000	10.096144	2.963485	0.016881
375.000000	66.097918	-69.715125	0.015406
376.000000	-53.179135	79.799095	0.170056
377.000000	12.784013	40.453279	0.005283
378.000000	15.161318	60.554895	0.002346
379.000000	73.610557	80.138330	0.002302
380.000000	48.628658	-84.967358	0.004925
381.000000	-69.820615	-81.924830	0.003910
382.000000	28.771153	-44.615527	0.268404
383.000000	76.337943	71.437850	0.002791
384.000000	-86.403740	-75.637362	0.001923
385.000000	-51.939300	80.395528	0.009860
386.000000	34.925393	-41.625645	0.006365
387.000000	52.933160	-52.088232	0.005268
388.000000	56.928761	67.182624	0.004957
389.000000	50.414908	-65.306044	0.005719
390.000000	45.356641	-37.953716	0.006632
391.000000	53.602466	80.780771	0.002349
392.000000	55.140696	-55.014997	0.003069
393.000000	63.187579	-36.360745	0.007671
394.000000	70.596577	-65.617705	0.007927
395.000000	-80.043887	-87.302117	0.005301
396.000000	-34.221970	-44.033276	0.121001
397.000000	-84.411293	-73.001684	0.006858
398.000000	9.664805	25.889965	0.006705
399.000000	83.820030	88.710438	0.007834
400.000000	25.886795	-42.071285	0.017228
401.000000	-26.162007	85.135820	0.005287
402.000000	88.078007	-78.060895	0.006451
403.000000	67.420930	-8.138794	0.025617
404.000000	69.596227	-73.648039	0.005256
405.000000	67.425580	74.228545	0.099625
406.000000	46.951126	61.243761	0.000199
407.000000	67.138830	-85.466814	0.011876
408.000000	31.599131	-56.540434	0.019372
409.000000	77.193338	-66.542392	0.003137
410.000000	45.830440	73.988213	0.001359
411.000000	44.229442	74.598744	0.002039
412.000000	32.339636	-34.261599	0.002636
413.000000	9.215227	2.716060	0.000874
414.000000	49.743571	65.159366	0.010746
415.000000	41.835069	-12.411839	0.151604
416.000000	25.214768	39.248245	0.007240
417.000000	51.461971	-66.271928	0.003194
418.000000	89.228486	-70.414709	0.001170
419.000000	74.857124	85.702945	0.004138
420.000000	57.001347	-83.166990	0.009971
421.000000	57.521827	-54.249598	0.004867
422.000000	-40.679706	-78.518025	0.004495
423.000000	29.604212	-32.873366	0.008617
424.000000	17.608357	47.457555	0.003233
425.000000	75.708228	-71.663306	0.003285
426.000000	-73.186497	87.510991	0.028452
427.000000	-43.266742	-87.923701	0.003553
428.000000	-85.793431	81.569971	0.005918
429.000000	24.515879	-42.937940	0.005626
430.000000	56.005852	-69.166658	0.076395
431.000000	41.849003	43.222483	0.020770
432.000000	21.365171	59.421777	0.004348
433.000000	70.161812	72.258508	0.001532
434.000000	-83.509000	88.893365	0.009356
435.000000	73.337938	-64.157269	0.001824
436.000000	-61.637529	84.520949	0.008610
437.000000	51.728106	44.842796	0.001444
438.000000	41.971287	-70.380623	0.058318
439.000000	31.993615	-81.234163	0.001488
440.000000	80.045608	-74.622379	0.009740
441.000000	55.568403	-74.639447	0.009683
442.000000	81.871775	-74.625184	0.011373
443.000000	58.057791	-85.265001	0.007622
444.000000	85.085306	-74.043848	0.001389
445.000000	60.636158	85.991083	0.000953
446.000000	85.645116	89.817160	0.005445
447.000000	-50.586599	87.699634	0.010967
448.000000	-62.356625	85.061906	0.003619
449.000000	33.602922	50.894189	0.016393
450.000000	71.292401	-86.324651	0.006587
451.000000	28.011752	-67.311728	0.000621
452.000000	36.948174	-52.625071	0.011521
453.000000	24.097918	24.424022	0.007583
454.000000	60.226500	84.300036	0.003863
455.000000	48.127977	-59.410473	0.004556
456.000000	38.530932	70.848135	0.002158
457.000000	80.061153	83.087047	0.004099
458.000000	43.743112	59.612195	0.002231
459.000000	58.848575	59.415843	0.005310
460.000000	-85.087102	-76.925319	0.000696
461.000000	54.426878	-84.436646	0.005989
462.000000	48.595659	63.276335	0.010868
463.000000	33.651591	-50.956806	0.023780
464.000000	58.793428	56.372263	0.005911
465.000000	-33.308569	87.345607	0.008776
466.000000	-86.137016	87.030044	0.090087
467.000000	72.708380	77.560891	0.005252
468.000000	89.645068	-74.276539	0.001734
469.000000	20.661091	-76.943850	0.003086
470.000000	64.897874	83.578408	0.005970
471.000000	81.087843	-82.777021	0.004417
472.000000	14.080949	63.968355	0.026315
473.000000	43.812312	87.946468	0.002777
474.000000	50.080949	-81.883741	0.054132
475.000000	35.059914	6.547622	0.011549
476.000000	18.523432	-58.016470	0.005535
477.000000	-36.971880	85.846549	0.007530
478.000000	-80.439303	-89.672373	0.003254
479.000000	66.112924	-81.931254	0.020447
480.000000	-83.974270	89.072166	0.003568
481.000000	3.316562	-46.795066	0.059629
482.000000	67.280271	-89.383578	0.002548
483.000000	72.833468	-70.859512	0.003727
484.000000	44.765432	-45.099103	0.004657
485.000000	27.992551	59.506097	0.000756
486.000000	43.095576	41.320558	0.034631
487.000000	-44.127769	89.014912	0.011328
488.000000	34.983324	-64.757603	0.023006
489.000000	73.496942	81.164632	0.003777
490.000000	76.633269	79.849188	0.002678
491.000000	16.678098	76.022329	0.018106
492.000000	38.182154	-82.241554	0.011010
493.000000	46.771153	-5.744900	0.004216
494.000000	33.679999	-25.748707	0.000427
495.000000	-90.490941	-81.983565	0.008152
496.000000	83.035673	-48.340502	0.003199
497.000000	33.926908	88.613464	0.026872
498.000000	63.003241	-60.225268	0.033074
499.000000	-23.585305	79.822568	0.002557
500.000000	59.452817	-63.903823	0.007829
501.000000	88.169312	82.549681	0.004218
502.000000	61.820030	76.085714	0.010420
503.000000	53.412106	69.226338	0.015885
504.000000	59.280251	65.264352	0.024966
505.000000	-35.755590	88.989613	0.015592
506.000000	-78.391590	-89.451886	0.002648
507.000000	35.234871	-8.716967	0.201443
508.000000	81.513688	-79.456569	0.005560
509.000000	84.005852	86.460659	0.005691
510.000000	79.091748	-78.693596	0.006102
511.000000	33.377600	24.734966	0.011693
512.000000	67.652601	-74.888374	0.051673
513.000000	66.357821	-53.827830	0.016742
514.000000	-86.908371	87.592758	0.006209
515.000000	40.640875	-60.127602	0.014020
516.000000	-69.386536	86.977289	0.020223
517.000000	62.790486	-78.474220	0.012611
518.000000	63.530376	-77.414040	0.005026
519.000000	77.248190	-80.557412	0.024541
520.000000	-86.767762	88.208808	0.002457
521.000000	-87.986507	73.565394	0.002707
522.000000	40.682748	76.413317	0.006188
523.000000	30.443972	60.471263	0.009010
524.000000	87.714007	87.849506	0.080949
525.000000	50.750565	71.152488	0.105216
526.000000	32.676285	6.349195	0.008312
527.000000	72.580175	87.782974	0.356846
528.000000	64.426999	-84.133714	0.003795
529.000000	43.735659	-68.637367	0.011422
530.000000	36.713347	4.660279	0.007060
531.000000	36.132661	14.224759	0.013315
532.000000	-81.311498	-85.069891	0.002126
533.000000	33.344166	-62.253878	0.024394
534.000000	78.596577	-70.228974	0.003759
535.000000	66.068746	76.983397	0.007890
536.000000	51.389962	35.625243	0.004014
537.000000	44.660933	-33.004352	0.003776
538.000000	16.908478	-9.613530	0.055565
539.000000	67.245253	85.344820	0.029967
540.000000	85.266716	79.482135	0.002008
541.000000	36.938780	-8.554669	0.004589
542.000000	53.870717	-73.839714	0.017011
543.000000	14.940660	-14.454441	0.047944
544.000000	58.332136	59.610416	0.004114
545.000000	-79.149612	87.840173	0.003798
546.000000	26.061153	-16.689251	0.015545
547.000000	72.217173	77.760226	0.016589
548.000000	-81.790522	77.516646	0.006515
549.000000	-46.073092	-82.760320	0.001246
550.000000	7.471488	-84.078683	0.037040
551.000000	32.391434	82.436558	0.001966
552.000000	62.764096	78.737908	0.004132
553.000000	85.052681	-86.289761	0.003846
554.000000	40.144985	-60.728147	0.012530
555.000000	26.478622	25.071185	0.018008
556.000000	33.126766	-60.996759	0.086594
557.000000	38.179916	-46.468740	0.008988
558.000000	69.951430	-65.534657	0.001412
559.000000	-51.403456	-81.793144	0.006741
560.000000	65.563654	-72.989205	0.007527
561.000000	37.122136	65.651931	0.005803
562.000000	67.261036	70.267695	0.000053
563.000000	21.252840	82.422885	0.003608
564.000000	26.905569	23.624839	0.004567
565.000000	-72.910044	84.164755	0.016572
566.000000	33.909582	-32.276539	0.004424
567.000000	27.580521	10.802225	0.006732
568.000000	-87.989498	80.637932	0.002186
569.000000	78.767119	-77.927449	0.001329
570.000000	75.210118	85.433361	0.001144
571.000000	18.928417	30.129307	0.006379
572.000000	62.772975	73.132867	0.009865
573.000000	81.714007	-80.339651	0.002472
574.000000	-84.220130	83.585045	0.004066
575.000000	84.105438	-88.138715	0.003914
576.000000	57.238018	63.794691	0.006569
577.000000	82.623245	-70.122359	0.122327
578.000000	51.714007	-80.631479	0.013384
579.000000	-70.006385	75.923998	0.043285
580.000000	80.459026	-88.404671	0.025619
581.000000	37.645101	-11.739764	0.001644
582.000000	-82.226520	-89.376045	0.029823
583.000000	14.944540	31.700240	0.007001
584.000000	-54.618037	-70.382813	0.003242
585.000000	50.508008	53.928370	0.000564
586.000000	39.134205	-9.782335	0.004834
587.000000	54.088503	60.182607	0.002071
588.000000	86.463569	-76.578842	0.002824
589.000000	-60.507708	-89.776139	0.001186
590.000000	26.683839	50.233329	0.005496
591.000000	75.062871	83.556982	0.005797
592.000000	43.062871	-69.387381	0.015081
593.000000	57.807833	-82.073430	0.006433
594.000000	-80.324651	-63.536290	0.060774
595.000000	39.595362	36.543571	0.011055
596.000000	29.580434	-13.359017	0.008362
597.000000	20.821177	40.725778	0.007562
598.000000	35.799520	2.665735	0.010704
599.000000	54.486317	-76.812114	0.008246
600.000000	74.645492	85.941664	0.326732
601.000000	-91.101487	-79.077424	0.002409
602.000000	39.787356	-32.879076	0.004395
603.000000	-83.989498	-80.003481	0.004392
604.000000	20.776421	-51.235173	0.010143
605.000000	54.428652	-90.063765	0.013481
606.000000	24.232313	-57.783780	0.004366
607.000000	82.623975	86.374849	0.011959
608.000000	25.689824	-26.705404	0.002804
609.000000	-37.614742	87.153857	0.020490
610.000000	49.963613	-40.513414	0.006121
611.000000	-49.730909	81.529284	0.076514
612.000000	39.579085	-32.914073	0.003884
613.000000	11.827536	77.364244	0.034461
614.000000	50.900580	-46.123635	0.011153
615.000000	-84.590392	-75.969620	0.001862
616.000000	-69.178856	88.474598	0.020233
617.000000	64.018176	-67.452079	0.010062
618.000000	46.489280	84.582611	0.000264
619.000000	-22.579070	-86.995387	0.004106
620.000000	-29.617932	75.894529	0.002606
621.000000	15.311985	18.937663	0.003954
622.000000	65.708228	81.933331	0.048351
623.000000	58.287833	67.792087	0.006379
624.000000	-3.743200	26.547589	0.025638
625.000000	34.530986	17.477605	0.013622
626.000000	22.018176	-73.124805	0.003436
627.000000	32.940572	-48.915235	0.023372
628.000000	46.865442	-67.144962	0.013651
629.000000	-87.143871	-73.544962	0.001555
630.000000	21.818256	-84.295473	0.002547
631.000000	25.346058	-74.364066	0.001952
632.000000	49.774031	-41.207030	0.049353
633.000000	19.608357	-8.482887	0.015696
634.000000	20.394305	18.217796	0.019161
635.000000	79.573899	83.824912	0.006064
636.000000	63.902062	74.393696	0.008098
637.000000	-65.342151	-67.144311	0.000627
638.000000	24.540440	-32.649146	0.005004
639.000000	-47.190236	-84.995164	0.139813
640.000000	-84.979294	83.837095	0.001862
641.000000	13.605453	72.586287	0.038257
642.000000	-7.251547	-66.656993	0.059399
643.000000	83.411704	-85.041835	0.002553
644.000000	40.380348	88.432536	0.004704
645.000000	79.217672	70.723167	0.002780
646.000000	-6.592393	2.399728	0.051829
647.000000	67.141594	53.018315	0.004158
648.000000	31.197935	-67.066429	0.027569
649.000000	37.906658	-50.969888	0.014055
650.000000	57.963613	70.999838	0.007108
651.000000	-31.419945	-90.993414	0.021146
652.000000	51.453830	-62.223452	0.002903
653.000000	-79.750946	66.226500	0.007030
654.000000	-42.100875	-84.004113	0.044215
655.000000	75.128453	-49.986507	0.006815
656.000000	49.672446	-59.556061	0.003378
657.000000	24.653537	88.952704	0.014993
658.000000	35.553143	59.259321	0.024689
659.000000	47.716241	-58.599120	0.009123
660.000000	65.380438	-87.321974	0.019024
661.000000	79.575750	82.145092	0.044930
662.000000	55.412020	-51.469185	0.002021
663.000000	77.896905	87.570309	0.003370
664.000000	27.617651	71.503312	0.007668
665.000000	74.117568	-73.297433	0.009114
666.000000	82.444152	-66.861998	0.005493
667.000000	33.197935	-61.544477	0.015369
668.000000	42.983101	54.482017	0.005599
669.000000	73.201290	-68.125296	0.004222
670.000000	63.815347	-67.660349	0.022170
671.000000	60.273582	79.052462	0.013744
672.000000	-73.063985	-80.962413	0.003857
673.000000	53.042237	58.829800	0.011583
674.000000	24.236910	54.865143	0.001342
675.000000	47.601175	-57.643728	0.003744
676.000000	25.963633	84.158909	0.001083
677.000000	45.096938	78.667263	0.000749
678.000000	-78.417826	-61.648253	0.002919
679.000000	-68.266082	86.857942	0.022414
680.000000	27.058620	39.411243	0.009121
681.000000	61.037321	-74.108163	0.017673
682.000000	36.596544	65.141667	0.014375
683.000000	27.539378	-19.046426	0.002598
684.000000	-27.961946	82.734999	0.016835
685.000000	26.881041	-86.110595	0.014831
686.000000	55.085892	-76.425670	0.007936
687.000000	60.451385	78.628812	0.000919
688.000000	-85.163769	-74.486192	0.002236
689.000000	25.518550	-27.476281	0.007419
690.000000	46.821210	-62.078513	0.004606
691.000000	40.720934	75.700414	0.007104
692.000000	22.977206	-77.469007	0.009608
693.000000	19.954339	26.219265	0.019946
694.000000	77.477291	75.447256	0.023123
695.000000	32.975645	-34.633829	0.009099
696.000000	59.288599	-63.588122	0.001701
697.000000	-85.449157	-18.249389	0.092627
698.000000	65.356143	-58.765268	0.013211
699.000000	33.014930	-87.581487	0.015266
700.000000	26.140355	-39.610450	0.000801
701.000000	69.878996	77.893717	0.005488
702.000000	29.055231	35.821645	0.016808
703.000000	38.543343	-18.461785	0.002997
704.000000	71.117486	71.592479	0.001647
705.000000	68.426878	73.861636	0.001802
706.000000	55.132987	-68.013387	0.025518
707.000000	84.943608	78.833327	0.004743
708.000000	88.613392	89.535006	0.002508
709.000000	46.105385	-64.632771	0.007832
710.000000	58.523432	72.848555	0.010291
711.000000	69.767720	64.102481	0.001953
712.000000	50.838292	-55.550469	0.004252
713.000000	67.416962	81.224564	0.002274
714.000000	6.811391	65.176571	0.084793
715.000000	12.414781	62.488043	0.010139
716.000000	34.031489	38.295338	0.030167
717.000000	45.807059	51.111679	0.004486
718.000000	34.840934	-69.973493	0.008204
719.000000	78.005852	-89.094470	0.015954
720.000000	8.210835	44.221566	0.023662
721.000000	68.097918	-84.446756	0.021778
722.000000	43.684159	55.697431	0.005665
723.000000	-74.140409	85.152667	0.027917
724.000000	-86.965506	88.382349	0.007481
725.000000	27.906712	-56.076280	0.017601
726.000000	-86.253985	75.988213	0.003371
727.000000	32.995280	-20.093288	0.013550
728.000000	49.660560	-58.290119	0.041120
729.000000	-74.036387	84.065803	0.031495
730.000000	50.157254	77.777232	0.000140
731.000000	12.459206	44.561984	0.002560
732.000000	47.591577	27.210105	0.005879
733.000000	-77.343472	-75.333806	0.015854
734.000000	72.368755	-62.513414	0.011500
735.000000	13.708552	-4.760706	0.039330
736.000000	32.379284	32.554392	0.021395
737.000000	35.625190	-64.557554	0.024512
738.000000	46.798357	-86.812421	0.004022
739.000000	21.126733	35.280754	0.001158
740.000000	29.242734	-71.949438	0.008818
741.000000	-82.982253	80.205076	0.004674
742.000000	45.660122	70.386925	0.002888
743.000000	16.172995	26.723221	0.004358
744.000000	74.053128	86.302940	0.001209
745.000000	-40.411293	-85.124454	0.002191
746.000000	32.958835	84.042795	0.009488
747.000000	35.868692	-43.654356	0.006996
748.000000	45.685939	51.468299	0.007006
749.000000	33.248210	-62.351780	0.019576
750.000000	24.675156	-43.841091	0.004264
751.000000	-55.862554	86.284962	0.009364
752.000000	42.064062	58.303012	0.000512
753.000000	56.720655	56.898785	0.066286
754.000000	23.321331	0.427106	0.013135
755.000000	74.256646	-72.878881	0.003808
756.000000	-46.777075	80.503828	0.008014
757.000000	-26.100880	-61.409269	0.000505
758.000000	31.758198	-30.469219	0.001915
759.000000	-8.007679	72.940698	0.006435
760.000000	51.980620	63.454418	0.016513
761.000000	28.488130	41.281137	0.004059
762.000000	-78.409553	-83.902116	0.004199
763.000000	17.815386	-1.578617	0.016187
764.000000	33.193358	66.001628	0.003695
765.000000	23.029844	-37.182229	0.002089
766.000000	56.515561	-72.907192	0.003563
767.000000	42.085632	-77.884700	0.009106
768.000000	30.204849	-56.708563	0.028380
769.000000	62.256593	83.794592	0.004174
770.000000	-45.649673	86.659781	0.017315
771.000000	29.014930	44.305158	0.004438
772.000000	60.855542	-73.583711	0.012237
773.000000	33.239342	81.170911	0.002731
774.000000	-61.177076	78.066121	0.017240
775.000000	-84.912882	-70.289840	0.005563
776.000000	22.596577	-46.137499	0.002465
777.000000	61.501254	-62.295439	0.008052
778.000000	32.808820	72.960301	0.000903
779.000000	-17.449157	86.441241	0.005125
780.000000	66.232313	-83.218896	0.020246
781.000000	42.970242	-90.808125	0.007374
782.000000	29.049722	-65.913947	0.015461
783.000000	44.588106	-44.562956	0.028755
784.000000	18.530932	29.468065	0.003202
785.000000	-27.954426	-21.797974	0.000642
786.000000	53.566210	67.666323	0.006042
787.000000	52.728575	-58.669457	0.008609
788.000000	60.322856	80.498234	0.004481
789.000000	62.920743	-61.151425	0.004953
790.000000	56.680968	85.903862	0.008755
791.000000	82.267179	-83.232886	0.004786
792.000000	27.918895	-70.612888	0.054208
793.000000	46.188069	-32.575386	0.001676
794.000000	81.175831	-80.624419	0.102267
795.000000	32.197381	-9.901830	0.002055
796.000000	70.471122	-84.557554	0.011533
797.000000	64.713347	85.938474	0.003700
798.000000	46.384010	68.060441	0.017257
799.000000	40.723566	44.745352	0.009221
800.000000	53.208665	72.361340	0.009354
801.000000	29.899159	50.708467	0.001635
802.000000	67.773447	86.680968	0.001253
803.000000	75.407989	-85.254768	0.122928
804.000000	44.908160	-8.398094	0.010591
805.000000	-64.977259	-75.854734	0.030426
806.000000	27.452764	-7.706468	0.005158
807.000000	-52.051441	73.896249	0.005588
808.000000	50.137538	-85.734610	0.014832
809.000000	68.330498	76.162099	0.004793
810.000000	-52.668405	-82.421678	0.000930
811.000000	81.556047	89.494211	0.019418
812.000000	86.394850	-86.893024	0.001083
813.000000	61.535378	-31.205098	0.006513
814.000000	51.622287	-82.698092	0.016166
815.000000	39.477324	58.588603	0.001987
816.000000	53.405967	-62.279814	0.045106
817.000000	42.303099	-73.902077	0.088073
818.000000	54.362331	-77.637828	0.004072
819.000000	-58.165248	83.004646	0.011786
820.000000	-78.994489	-86.013567	0.002440
821.000000	77.356230	-63.616119	0.002822
822.000000	57.775226	-78.386766	0.009542
823.000000	64.404285	-62.742516	0.036124
824.000000	47.654342	0.324511	0.003436
825.000000	74.920927	-65.802685	0.011824
826.000000	64.801069	-45.489442	0.004781
827.000000	15.825810	-35.412271	0.008494
828.000000	-85.134558	-73.262092	0.001380
829.000000	27.652654	-75.224032	0.010753
830.000000	52.716021	-56.434374	0.003266
831.000000	78.224726	-84.396713	0.004164
832.000000	60.182289	-61.648025	0.026011
833.000000	79.822901	85.358003	0.002212
834.000000	26.422494	-73.333264	0.031825
835.000000	37.128324	-30.380986	0.007676
836.000000	52.307662	61.198203	0.026273
837.000000	23.241353	65.217206	0.052237
838.000000	56.785754	-83.503558	0.008608
839.000000	-90.155690	-88.457213	0.001999
840.000000	30.251963	76.872817	0.005207
841.000000	21.656512	-16.345371	0.872874
842.000000	80.298416	84.963485	0.004387
843.000000	15.753622	-26.858105	0.022949
844.000000	-80.715153	-62.109989	0.032646
845.000000	67.397251	64.389211	0.117485
846.000000	25.280218	1.756850	0.003820
847.000000	39.294127	65.149940	0.004253
848.000000	65.987671	78.790486	0.000503
849.000000	12.733171	-61.034402	0.024904
850.000000	66.013493	82.710120	0.002415
851.000000	-52.990013	74.774575	0.013069
852.000000	52.894962	66.214270	0.045199
853.000000	52.737908	-54.508726	0.104717
854.000000	76.177537	-71.762949	0.006773
855.000000	22.180515	-6.177485	0.013158
856.000000	87.201290	87.222979	0.003678
857.000000	10.648575	62.229085	0.036824
858.000000	36.970637	-5.392562	0.006134
859.000000	36.256593	79.921466	0.013348
860.000000	85.387956	85.543917	0.003224
861.000000	45.556100	70.296382	0.000701
862.000000	-54.846150	89.931591	0.004486
863.000000	-35.478659	87.197255	0.006877
864.000000	70.446702	-69.912362	0.004465
865.000000	51.054473	66.030839	0.120970
866.000000	74.830544	81.826638	0.005673
867.000000	-86.427120	-84.443767	0.004387
868.000000	33.181503	53.208593	0.005065
869.000000	17.891605	0.274298	0.027924
870.000000	-90.769580	-78.897517	0.026607
871.000000	6.212349	-84.205162	0.082312
872.000000	53.359047	-73.494266	0.010102
873.000000	48.357788	65.815419	0.001970
874.000000	41.047742	57.063828	0.491231
875.000000	34.294628	-41.835557	0.002155
876.000000	63.516526	-82.162677	0.009449
877.000000	44.048478	69.642159	0.001195
878.000000	-81.182077	76.272089	0.014533
879.000000	-41.436812	79.705180	0.013356
880.000000	76.206569	71.401827	0.006765
881.000000	49.522691	83.553901	0.009884
882.000000	-48.386993	87.190736	0.004543
883.000000	-80.460993	-88.507368	0.007703
884.000000	48.693293	84.253917	0.001887
885.000000	37.827483	-12.347151	0.004060
886.000000	62.793395	77.265218	0.004831
887.000000	62.955811	62.952845	0.013749
888.000000	72.268971	-73.156778	0.019644
889.000000	-21.855015	-76.687668	0.004934
890.000000	-75.444507	74.262181	0.007001
891.000000	83.785663	85.449914	0.009114
892.000000	86.977540	-71.964352	0.000238
893.000000	-72.985474	72.558384	0.013448
894	grain not analyzable
895.000000	40.108468	-81.269963	0.003908
896.000000	73.690556	80.379458	0.002759
897.000000	-60.184614	77.669662	0.008028
898.000000	74.335040	-82.653948	0.047408
899.000000	66.201939	-61.321974	0.001674
900.000000	87.090870	89.248778	0.018721
901.000000	41.859559	68.488091	0.014240
902.000000	28.946511	-66.359562	0.016151
903.000000	70.190002	-62.090737	0.002541
904.000000	60.906564	82.972190	0.006451
905.000000	43.599509	59.212360	0.010818
906.000000	62.070486	-70.983329	0.029363
907.000000	76.915752	-59.913942	0.040758
908.000000	45.790313	-73.791192	0.011134
909.000000	65.307335	35.301875	0.008276
910.000000	-58.461772	-85.806420	0.001190
911.000000	66.563134	57.687553	0.005390
912.000000	52.583138	77.484939	0.004713
913.000000	-73.657493	-41.759737	0.022746
914.000000	19.326473	-66.619537	0.001547
915.000000	87.581024	-71.015648	0.001395
916.000000	65.784467	64.037880	0.002517
917.000000	36.105477	-43.074050	0.002357
918.000000	84.369971	-86.754660	0.016173
919.000000	51.854597	-77.177076	0.003215
920.000000	48.319947	-38.927888	0.003345
921.000000	64.631529	73.051308	0.002955
922.000000	-80.504871	-77.657990	0.003026
923.000000	72.478622	61.407834	0.002340
924.000000	45.225192	-68.383340	0.013759
925.000000	40.192698	-46.335054	0.012778
926.000000	71.015445	-56.353797	0.028509
927.000000	49.190488	38.958715	0.002743
928.000000	62.080910	89.762809	0.001201
929.000000	39.587412	57.009981	0.002386
930.000000	43.259669	-55.960055	0.011723
931.000000	36.987726	-61.456442	0.353952
932.000000	-82.525979	84.991038	0.006717
933.000000	75.759939	-83.865425	0.005146
934.000000	82.221943	-65.351904	0.005319
935.000000	-65.765961	-81.601224	0.154216
936.000000	75.017444	86.334962	0.003478
937.000000	62.463530	79.009117	0.001304
938.000000	-77.316161	-62.254971	0.001122
939.000000	54.760777	-82.333919	0.013821
940.000000	74.045608	-75.802658	0.003033
941.000000	82.386751	-70.049376	0.002806
942.000000	69.645101	-51.667410	0.023846
943.000000	80.137499	-70.247561	0.094661
944.000000	32.658181	69.286641	0.001448
945.000000	84.065803	-62.959188	0.001474
946.000000	25.611314	-52.885223	0.003824
947.000000	55.356641	80.994981	0.011727
948.000000	68.325760	72.132781	0.002975
949.000000	-3.185525	-59.262298	0.217369
950.000000	5.909562	44.788271	0.048382
951.000000	72.800199	-79.488698	0.027488
952.000000	43.942169	38.676285	0.002428
953.000000	59.135920	-52.851810	0.018190
954.000000	63.037398	-66.844164	0.006348
955.000000	27.321014	-62.744288	0.006412
956.000000	83.963646	-69.269651	0.003199
957.000000	78.444080	84.394499	0.008888
958.000000	17.568230	-55.714699	0.017803
959.000000	-68.780066	-72.366033	0.013646
960.000000	25.550341	36.980421	0.006625
961.000000	68.025696	75.755363	0.004555
962.000000	-73.733939	83.216509	0.016014
963.000000	-53.565622	87.591763	0.018770
964.000000	88.684037	-80.568784	0.005951
965.000000	-45.069924	-72.314268	0.001147
966.000000	17.743112	-86.444798	0.000143
967.000000	49.593357	31.978900	0.008715
968.000000	28.804170	68.328476	0.003243
969.000000	33.219039	79.537056	0.000841
970.000000	64.781158	-69.657266	0.003832
971.000000	23.207268	40.131990	0.001332
972.000000	26.261417	53.089264	0.024705
973.000000	69.985270	-71.766000	0.008465
974.000000	79.770543	-69.146621	0.155407
975.000000	69.936202	-88.299359	0.016640
976.000000	22.640875	26.048197	0.092138
977.000000	79.689593	78.321991	0.002596
978.000000	-33.159119	-85.077457	0.002667
979.000000	-32.859271	83.060418	0.020792
980.000000	35.886781	-52.789862	0.009635
981.000000	67.392707	61.067801	0.002085
982.000000	-33.935730	-46.729061	0.268015
983.000000	11.566277	12.580214	0.021441
984.000000	16.164722	-55.815700	0.019525
985.000000	15.588532	-21.864242	0.009376
986.000000	30.657849	-47.028168	0.009951
987.000000	-88.894966	-73.658628	0.005171
988.000000	53.344166	-73.675225	0.005635
989.000000	55.587829	8.464342	0.010001
990.000000	20.644204	-45.142091	0.004073
991.000000	31.548546	37.603821	0.033696
992.000000	79.688842	70.214409	0.303229
993.000000	35.797780	36.876007	0.010045
994.000000	61.415039	-55.016637	0.032675
995.000000	59.915986	-60.190427	0.006971
996.000000	-64.766897	-78.023970	0.079249
997.000000	-82.779892	-88.041382	0.003965
998.000000	89.899120	-70.272035	0.000539
999.000000	65.794909	-72.725644	0.005720
1000.000000	40.142114	49.154484	0.002810
1001.000000	33.471764	45.576630	0.009163
1002.000000	-77.536378	-88.579948	0.001607
1003.000000	41.197988	-63.279276	0.004442
1004.000000	21.145266	11.517699	0.002825
1005.000000	33.573905	-44.331864	0.010966
1006.000000	-74.717140	85.128285	0.001007
1007.000000	49.635788	1.046819	0.000793
1008.000000	21.660779	90.355035	0.562002
1009.000000	-81.180118	-83.342954	0.004464
1010.000000	38.816494	-62.943251	0.014566
1011.000000	81.557299	75.333729	0.011290
1012.000000	66.463622	-79.208737	0.010090
1013.000000	28.644204	-14.580089	0.003505
1014.000000	33.249854	51.360098	0.004124
1015.000000	61.535102	-72.158189	0.001926
1016.000000	45.561581	61.941616	0.002577
1017.000000	-65.524113	-85.242519	0.001840
1018.000000	62.176905	54.977902	0.004772
1019	grain not analyzable
1020.000000	65.623411	-78.481542	0.008856
1021.000000	-81.334298	68.167182	0.006455
1022.000000	19.368612	-65.481017	0.000347
1023.000000	85.792053	89.119227	0.026945
1024.000000	-80.460961	87.926096	0.035238
1025.000000	-68.305246	81.158728	0.041740
1026.000000	-86.147909	84.598351	0.217839
1027.000000	6.796616	82.656036	0.059141
1028.000000	61.026908	-72.212624	0.011046
1029.000000	23.785683	41.622847	0.003494
1030.000000	30.411911	-8.701922	0.002111
1031.000000	61.360720	-48.100841	0.003140
1032.000000	-82.551833	-84.364990	0.002414
1033.000000	61.565643	-84.489940	0.002615
1034.000000	-64.324651	-85.471764	0.001875
1035.000000	76.266100	-69.744044	0.005200
1036.000000	45.389325	45.040159	0.001886
1037.000000	80.177645	-88.237065	0.005778
1038.000000	-21.981824	-74.006385	0.252103
1039.000000	62.933101	-82.348223	0.010181
1040.000000	84.281187	87.548514	0.001370
1041.000000	79.553164	-88.189737	0.004632
1042.000000	25.525789	12.639823	0.135162
1043.000000	34.828698	-74.367980	0.002478
1044.000000	-35.697746	-86.345474	0.072173
1045.000000	-80.754660	-79.501481	0.032205
1046.000000	58.439289	63.360806	0.001873
1047.000000	40.759566	-55.625765	0.022142
1048.000000	48.189881	-55.768464	0.002447
1049.000000	46.396205	-52.392521	0.003921
1050.000000	-87.356114	82.296369	0.007929
1051.000000	59.948559	72.661052	0.071872
1052.000000	-66.834073	-81.418651	0.000666
1053.000000	41.405815	65.186211	0.001951
1054.000000	48.021047	87.928681	0.002488
1055.000000	80.838151	80.762469	0.003299
1056.000000	-87.198931	88.518378	0.003952
1057.000000	48.471243	-20.142676	0.001214
1058.000000	32.792756	65.231129	0.000368
1059.000000	43.648916	79.643682	0.001971
1060.000000	29.580140	-63.312592	0.008761
1061.000000	56.060700	85.672358	0.004447
1062.000000	-89.874632	-80.271609	0.006056
1063.000000	82.344227	67.988207	0.002261
1064.000000	76.224813	-78.152694	0.002985
1065.000000	-83.461373	-65.372339	0.000514
1066.000000	-82.601124	-87.545531	0.141545
1067.000000	55.573600	-51.866932	0.013134
1068.000000	57.818256	58.116259	0.001513
1069.000000	76.056191	75.224288	0.008592
1070.000000	-79.048806	83.016796	0.011156
1071	grain not analyzable
1072.000000	74.149682	-59.682956	0.039604
1073.000000	87.395907	-68.659830	0.001191
1074.000000	41.111674	54.217811	0.001283
1075.000000	51.840125	68.045096	0.113627
1076.000000	62.942671	89.167591	0.002419
1077.000000	-18.177060	-80.001222	0.871434
1078.000000	68.608901	-84.016417	0.009336
1079.000000	44.755883	-86.371692	0.010562
1080	grain not analyzable
1081.000000	70.256626	72.954152	0.008023
1082.000000	83.632932	-80.084047	0.048629
1083.000000	21.359047	-3.944229	0.022005
1084.000000	-26.311185	-85.230554	0.000028
1085.000000	3.889684	-69.630308	0.005247
1086.000000	51.835529	74.237176	0.000978
1087.000000	54.636989	-49.130738	0.007041
1088	grain not analyzable
1089.000000	30.937663	16.220150	0.017863
