Thin Section: 	C:\Ice Data\2017-03-09-Thu\10.21 1298   VTS SPICE

Results: 	C:\Ice Results\2017-03-09-Thu\10.21 1298   VTS SPICE\2017-03-13-Mon, 12.02

Sequence Angles: 
xi	phi inner
0	0
45	0
45	-45
45	-90
45	-135
45	-180
45	-225
45	-270
45	-315

Threshold: 
45.000

Grain #		theta		phi	Rsquared

0.000000	-87.807248	-59.328179	0.001063
1.000000	77.130518	-54.250887	0.001611
2.000000	56.161812	43.646842	0.013852
3.000000	67.067521	-19.658305	0.004434
4.000000	81.822901	73.824594	0.002066
5.000000	67.715781	-80.780588	0.007969
6.000000	65.046556	-42.871608	0.007426
7.000000	-86.851843	86.295386	0.002273
8.000000	59.642212	-17.039457	0.037069
9.000000	83.185577	-78.950123	0.001123
10.000000	62.149629	49.844364	0.004755
11.000000	79.365437	65.681773	0.001004
12.000000	69.755309	56.416415	0.001196
13.000000	66.005852	32.955893	0.010418
14.000000	67.626994	56.537936	0.000842
15.000000	71.463480	75.483893	0.005955
16.000000	67.034494	-28.834938	0.005011
17.000000	70.697917	-87.914407	0.020444
18.000000	76.523432	-47.755343	0.002264
19.000000	69.620064	20.766417	0.001438
20.000000	76.591894	-29.004279	0.006649
21.000000	57.212988	32.691019	0.007281
22.000000	53.374458	-53.446732	0.003593
23.000000	73.353326	19.666951	0.001514
24.000000	76.532847	71.231595	0.002385
25.000000	57.890310	-63.132007	0.004877
26.000000	82.702567	66.899756	0.000841
27.000000	62.466439	-33.874698	0.009622
28.000000	81.611314	-57.771455	0.032595
29.000000	45.248157	-3.916851	0.005481
30.000000	65.903770	-4.871613	0.008815
31.000000	65.709357	52.064566	0.002244
32.000000	85.747809	-74.572646	0.004365
33.000000	73.118812	-77.808200	0.010611
34.000000	69.395510	33.162159	0.004847
35.000000	86.503183	88.110160	0.008229
36.000000	-88.846150	51.579085	0.001328
37.000000	70.873487	-44.165335	0.002609
38.000000	83.413483	87.444946	0.001141
39.000000	83.635788	-78.176664	0.008065
40.000000	66.937751	-33.671078	0.005685
41.000000	43.741386	-20.587865	0.000930
42.000000	64.523432	-1.267093	0.004316
43.000000	69.802424	62.025696	0.014856
44.000000	74.040924	42.001169	0.001599
45.000000	73.339516	-8.795356	0.003240
46.000000	61.867145	41.069242	0.003969
47.000000	60.813590	81.548795	0.014732
48.000000	-82.917511	-81.126513	0.001158
49.000000	78.504924	78.097918	0.053131
50.000000	83.980620	-52.530541	0.001510
51.000000	-78.692665	-81.049509	0.002850
52.000000	88.913069	-89.991909	0.000563
53.000000	72.908472	-21.803217	0.004968
54.000000	86.266028	-58.629781	0.003264
55.000000	72.431508	-41.215938	0.003317
56.000000	62.185198	42.998470	0.012516
57.000000	78.177678	72.113151	0.002806
58.000000	80.201992	-78.728640	0.002795
59.000000	74.197381	-18.237011	0.001395
60.000000	62.350007	30.422456	0.015773
61.000000	81.975937	-27.528917	0.004622
62.000000	-89.788781	25.985304	0.001840
63.000000	52.725584	39.501852	0.000461
64.000000	79.125781	-23.835578	0.001935
65.000000	-88.043887	75.540780	0.002498
66.000000	76.033230	-31.237067	0.003968
67.000000	-72.893231	-74.150527	0.003233
68.000000	80.720934	-79.513683	0.007050
69.000000	85.684644	79.286641	0.001464
70.000000	57.496802	-1.445629	0.005697
71.000000	26.528116	-35.135814	0.002314
72.000000	-82.369932	-71.103579	0.002675
73.000000	67.394109	58.288171	0.009785
74.000000	73.764589	-27.724659	0.002031
75.000000	79.249883	65.730137	0.005060
76.000000	69.175207	17.538402	0.003792
77.000000	80.547993	-12.725556	0.000886
78.000000	68.436326	52.344281	0.006580
79.000000	66.300069	60.134662	0.104519
80.000000	85.577524	36.182289	0.172918
81.000000	84.653570	-54.992076	0.106202
82.000000	79.770576	-12.962273	0.000872
83.000000	39.743691	-0.198455	0.004895
84.000000	84.914843	-84.622520	0.013968
85.000000	85.661895	58.352008	0.001669
86.000000	67.605521	-61.514813	0.005099
87.000000	83.119227	-48.800324	0.005012
88.000000	62.621105	-11.279263	0.007545
89.000000	78.878137	45.079879	0.001467
90.000000	82.628619	58.825788	0.002299
91.000000	-72.128205	-86.903521	0.005227
92.000000	38.910252	34.994015	0.003069
93.000000	85.546820	64.419040	0.005917
94.000000	74.825827	80.213458	0.002545
95.000000	47.667796	48.515508	0.003102
96.000000	71.032748	39.822128	0.006603
97.000000	68.038054	57.195046	0.003126
98.000000	-76.155690	78.854946	0.002233
99.000000	64.209478	-15.652723	0.000678
100.000000	61.341154	1.367201	0.017089
101.000000	74.579569	77.078270	0.002295
102.000000	78.330390	75.524266	0.001003
103.000000	56.933184	-10.812759	0.003963
104.000000	66.973450	23.572808	0.004057
105.000000	71.543917	-47.481921	0.001577
106.000000	70.986388	16.137712	0.006127
107.000000	-84.765123	-88.760473	0.003505
108.000000	73.043381	2.639918	0.199002
109.000000	78.776421	60.051387	0.005728
110.000000	87.029844	5.242608	0.001951
111.000000	77.401827	77.630062	0.001253
112.000000	68.251963	-49.914401	0.005797
113.000000	71.781033	49.633368	0.013086
114.000000	71.246400	-29.058603	0.975483
115.000000	73.839681	-69.882379	0.009272
116.000000	-84.147909	89.207262	0.001177
117.000000	78.579569	-47.867339	0.002093
118.000000	75.642159	-78.451439	0.001976
119.000000	80.680968	69.380563	0.000521
120.000000	73.557793	-38.345166	0.005398
121.000000	69.694250	27.558106	0.002567
122.000000	60.142076	25.494053	0.008900
123.000000	76.362451	-76.281189	0.004458
124.000000	62.180515	-30.829390	0.007117
125.000000	69.915986	40.641295	0.004437
126.000000	82.025730	-53.817744	0.001456
127.000000	70.394284	-44.980245	0.002765
128.000000	83.348795	43.233640	0.002181
129.000000	74.930076	30.471243	0.002050
130.000000	70.745544	50.717991	0.006787
131.000000	85.762809	-40.111479	0.002284
132.000000	67.484878	-47.948932	0.003538
133.000000	76.730267	-50.940944	0.003177
134.000000	65.879242	18.396765	0.002973
135.000000	80.913122	70.678098	0.003165
136.000000	74.790404	-47.037722	0.006886
137.000000	60.546181	31.222496	0.008235
138.000000	-88.076002	50.765837	0.001294
139.000000	-84.579070	-73.474368	0.002128
140.000000	54.511229	23.234613	0.001325
141.000000	53.272490	46.578396	0.003097
142.000000	-89.526007	-83.004312	0.002942
143.000000	67.452764	2.537936	0.003356
144.000000	64.446756	-64.322992	0.004140
145.000000	76.899577	47.046713	0.003127
146.000000	78.658181	-54.036387	0.006265
147.000000	84.045608	-12.713412	0.001702
148.000000	68.882782	-60.999842	0.002156
149.000000	72.147942	-31.149612	0.002505
150.000000	75.109566	81.131436	0.001713
151.000000	69.617704	34.097918	0.002052
152.000000	69.645121	-68.834938	0.009099
153.000000	58.065803	7.355046	0.002762
154.000000	65.207229	-61.897519	0.005533
155.000000	62.342540	52.656528	0.005044
156.000000	60.621105	44.971160	0.013093
157.000000	76.591927	30.177079	0.002000
158.000000	40.901196	-13.314707	0.606758
159.000000	76.354918	34.966477	0.005881
160.000000	73.819997	-73.196993	0.005508
161.000000	68.937663	-76.105438	0.040875
162.000000	77.667655	76.870125	0.011472
163.000000	63.079585	-58.102974	0.006410
164.000000	71.212988	-12.711401	0.006328
165.000000	75.787424	0.882748	0.001698
166.000000	82.188069	-33.692338	0.000919
167.000000	72.705509	26.060841	0.005152
168.000000	71.494053	50.226447	0.004257
169.000000	73.477345	-76.318744	0.005155
170.000000	87.477291	75.552352	0.000647
171.000000	50.384042	-32.725591	0.005412
172.000000	-85.453840	-78.074387	0.000766
173.000000	61.299868	-33.880247	0.006111
174.000000	82.902626	55.637616	0.001857
175.000000	68.920743	-41.429158	0.012131
176.000000	74.085540	-63.790561	0.002359
177.000000	87.006091	-81.011953	0.002050
178.000000	56.416468	32.500733	0.004403
179.000000	50.422228	1.158824	0.001229
180.000000	76.434378	52.217152	0.002558
181.000000	-90.322910	-64.926162	0.002235
182.000000	88.531107	77.734368	0.005329
183.000000	-88.068448	53.792000	0.002748
184.000000	76.621138	-59.171182	0.002298
185.000000	69.053592	-64.667689	0.005239
186.000000	84.575405	72.525579	0.189791
187.000000	72.005852	53.759939	0.005234
188.000000	68.881008	-6.073410	0.003075
189.000000	77.640471	-67.372657	0.003818
190.000000	63.096445	23.522823	0.004191
191.000000	81.779817	-81.294530	0.019602
192.000000	77.506269	33.501586	0.002811
193.000000	87.859612	-79.201643	0.001488
194.000000	70.295425	-50.060856	0.001985
195.000000	74.379197	78.679620	0.003105
196.000000	77.336212	56.442052	0.001045
197.000000	88.925426	-76.668006	0.001463
198.000000	58.395024	-5.709225	0.001049
199.000000	77.827551	38.758283	0.001486
200.000000	77.460251	-62.557554	0.001597
201.000000	64.189809	-46.997325	0.008047
202.000000	67.625151	29.752406	0.006273
203.000000	77.805313	-39.270940	0.067153
204.000000	84.090364	80.146725	0.000792
205.000000	76.388492	-77.452066	0.003016
206.000000	85.182707	80.134440	0.013977
207.000000	-79.381805	-74.876143	0.001916
208.000000	64.221943	39.802197	1.002929
209.000000	55.331562	-42.298310	0.003437
210.000000	65.026253	52.757786	0.009412
211.000000	76.312394	18.948252	0.004138
212.000000	68.062441	-13.507259	0.004572
213.000000	61.257436	15.367322	0.004078
214.000000	82.001169	42.105438	0.001715
215.000000	75.642212	27.291238	0.009393
216.000000	65.070425	-11.731367	0.006724
217.000000	82.287833	37.167614	0.020582
218.000000	69.284847	-32.671786	0.003252
219.000000	-81.299174	-41.459560	0.003160
220.000000	-89.580676	-55.553037	0.001394
221.000000	69.301594	-31.299648	0.004134
222.000000	63.886795	37.610151	0.004516
223.000000	54.560318	10.873991	0.013213
224.000000	69.599131	-70.199388	0.006453
225.000000	84.865442	-80.402559	0.002818
226.000000	71.896249	-15.309758	0.003825
227.000000	55.083055	-17.589257	0.001292
228.000000	64.188069	58.898048	0.006275
229.000000	82.713063	40.680915	0.054349
230.000000	-90.327521	-59.739877	0.007635
231.000000	-81.649993	83.424028	0.002552
232.000000	59.613054	-6.210903	0.003515
233.000000	89.356230	83.930296	0.002429
234.000000	71.412420	8.369793	0.319721
235.000000	-88.745473	-65.349406	0.000813
236.000000	68.480537	-51.626615	0.003587
237.000000	67.375859	-57.854532	0.023801
238.000000	62.212382	-20.770125	0.000975
239.000000	88.917752	85.867151	0.010017
240.000000	77.149200	-56.560350	0.002235
241.000000	87.693957	87.469459	0.004922
242.000000	86.018176	45.036182	0.011292
243.000000	84.538627	68.740899	0.001567
244.000000	77.605474	46.354744	0.032528
245.000000	73.494032	-28.315356	0.004017
246.000000	73.772370	61.762809	0.009592
247.000000	87.372976	-85.115013	0.001941
248.000000	75.114162	39.540905	0.002250
249.000000	66.402544	14.575405	0.010657
250.000000	73.416300	5.165083	0.010892
251.000000	63.980620	-24.135812	0.008087
252.000000	61.565347	-39.872660	0.008630
253.000000	55.891431	-33.282200	0.002466
254.000000	69.703545	33.582121	0.000977
255.000000	73.911323	-80.367068	0.004968
256.000000	67.714041	10.277244	0.023837
257.000000	67.528636	-64.873181	0.004937
258.000000	-88.698406	83.211815	0.054933
259.000000	77.225172	69.909703	0.000792
260.000000	83.435951	-40.372523	0.002803
261.000000	78.300036	77.380438	0.001680
262.000000	74.676318	44.971127	0.002970
263.000000	70.564908	-70.540813	0.003535
264.000000	81.200782	-53.429187	0.013510
265.000000	68.862533	55.073838	0.005413
266.000000	48.990630	26.733028	0.001690
267.000000	86.995208	-79.566752	0.002422
268.000000	70.821177	-52.310667	0.018032
269.000000	71.102053	53.495763	0.004751
270.000000	51.789909	-10.439549	0.002056
271.000000	64.905569	-41.874839	0.007286
272.000000	87.062871	-77.310874	0.001928
273.000000	45.304663	-36.371252	0.004460
274.000000	68.963485	-58.827157	0.005667
275.000000	75.109606	-36.909547	0.005834
276.000000	82.404285	57.752439	0.003783
277.000000	65.010214	60.090442	0.000953
278.000000	63.197955	38.931053	0.006328
279.000000	56.613650	-60.882607	0.003651
280.000000	59.859559	-39.054652	0.006582
281.000000	78.740812	55.202812	0.001087
282.000000	58.246183	-21.282009	0.004989
283.000000	86.773478	69.195132	0.014148
284.000000	-85.608658	-76.852015	0.050331
285.000000	68.658181	56.376288	0.019655
286.000000	77.082489	47.195031	0.002335
287.000000	53.983524	28.813585	0.002588
288.000000	72.246183	-46.229409	0.003142
289.000000	57.463068	75.529003	0.008184
290.000000	63.404736	60.860459	0.008110
291.000000	74.367014	41.978880	0.006741
292.000000	68.359508	-16.143225	0.001693
293.000000	57.796650	-8.517978	0.010679
294.000000	-89.171302	-42.060856	0.001105
295.000000	61.799520	7.569883	0.008677
296.000000	78.161779	-73.889932	0.002260
297.000000	80.737908	-36.814195	0.001586
298.000000	84.236996	-58.982091	0.302480
299.000000	65.723302	22.161812	0.003035
300.000000	71.079651	-47.403423	0.002029
301.000000	73.365536	57.839734	0.006786
302.000000	65.698442	57.775313	0.040409
303.000000	69.087047	-23.559024	0.008934
304.000000	-90.140388	-72.342788	0.000862
305.000000	87.891425	-68.325780	0.001311
306.000000	71.827497	42.035150	0.004491
307.000000	69.767459	-36.043887	0.012314
308.000000	75.321331	49.516646	0.090748
309.000000	79.715781	-86.788175	0.017259
310.000000	63.923998	-3.456729	0.005464
311.000000	53.289551	-48.932579	0.004135
312.000000	81.807054	84.324597	0.002869
313.000000	62.045574	37.708228	0.019963
314.000000	71.993615	60.943569	0.003969
315.000000	68.402544	64.431561	0.002135
316.000000	67.747756	-37.080420	0.002442
317.000000	72.234000	-81.077516	0.008944
318.000000	83.714007	49.914266	0.004509
319.000000	71.998265	84.853220	0.020409
320.000000	-79.998798	84.468213	0.005131
321.000000	69.519356	-49.554076	0.003453
322.000000	77.792000	70.367062	0.002451
323.000000	71.155571	-16.804901	0.001717
324.000000	68.694892	-66.773450	0.004401
325.000000	79.864241	56.416415	0.001600
326.000000	60.185198	63.091822	0.004451
327.000000	52.688643	37.999096	0.002307
328.000000	73.400140	-61.303372	0.002298
329.000000	75.762809	49.454591	0.005712
330.000000	-77.286659	66.436152	0.011599
331.000000	-89.362068	-85.120122	0.003855
332.000000	73.325889	-19.531820	0.001009
333.000000	-87.479438	66.598636	0.001313
334.000000	87.590447	55.434874	0.003982
335.000000	71.951430	-6.155636	0.001568
336.000000	79.389697	-32.046791	0.039116
337.000000	-81.491714	-55.991157	0.001741
338.000000	71.207229	73.720431	0.018931
339.000000	66.431469	35.434788	0.001506
340.000000	80.968874	40.459080	0.001630
341.000000	59.199681	63.547649	0.003590
342.000000	61.404697	31.216509	0.013347
343.000000	66.865442	-81.012341	0.050975
344.000000	-90.471317	-83.556100	0.001955
345.000000	84.253704	32.322818	0.001250
346.000000	61.007252	-15.362068	0.010264
347.000000	79.632932	-51.929547	0.004816
348.000000	87.971287	71.234278	0.002867
349.000000	67.345838	17.772548	0.293695
350.000000	-89.998831	-45.548567	0.168927
351.000000	-86.674111	80.080910	0.002361
352.000000	-89.793378	-82.103751	0.000990
353.000000	76.073357	89.712878	0.044108
354.000000	73.304498	-62.703986	0.002150
355.000000	62.628658	69.642198	0.002841
356.000000	62.411839	28.968130	0.004870
357.000000	71.311985	6.378880	0.006527
358.000000	74.419324	-62.528282	0.005473
359.000000	58.697976	59.009981	0.043198
360.000000	80.860792	11.983563	0.001398
361.000000	77.143408	-81.034774	0.009502
362.000000	63.672479	57.409250	0.002108
363.000000	62.132849	14.675156	0.009102
364.000000	64.264287	-33.226483	0.017173
365.000000	57.648025	11.814754	0.639278
366.000000	65.031532	47.542593	0.013882
367.000000	66.722675	61.357950	0.006915
368.000000	-89.779837	76.875567	0.280726
369.000000	78.725584	66.386892	0.001171
370.000000	56.221943	-33.993742	0.013640
371.000000	77.721541	87.285351	0.340315
372.000000	39.359080	-0.131201	0.001364
373.000000	86.456030	49.232335	0.000852
374.000000	66.535757	-62.498375	0.003079
375.000000	84.673448	84.733370	0.001110
376.000000	76.292516	23.577491	0.006212
377.000000	87.372971	56.853220	0.001708
378.000000	79.767459	-71.753850	0.001939
379.000000	70.740933	-59.625399	0.135597
380.000000	71.660122	-42.405034	0.001277
381.000000	61.076795	-36.229409	0.028415
382.000000	63.672446	-60.046352	0.236545
383.000000	75.173427	-63.565415	0.001630
384.000000	69.486618	2.194439	0.003403
385.000000	68.451385	-59.565361	0.018754
386.000000	75.248210	43.487922	0.111353
387.000000	65.357970	-9.902116	0.004042
388.000000	80.085560	83.819997	0.011085
389.000000	-88.797415	82.236416	0.001743
390.000000	-85.761317	-86.239974	0.003791
391.000000	87.608357	-84.409214	0.002968
392.000000	-87.827725	90.852921	0.138559
393.000000	68.201992	33.422691	0.011843
394.000000	83.434854	-43.169562	0.001939
395.000000	74.117568	-0.820149	0.002026
396.000000	81.050781	-69.329576	0.119716
397.000000	71.827497	42.186972	0.003854
398.000000	86.018176	-75.813061	0.001149
399.000000	67.178110	29.588108	0.001450
400.000000	68.498500	-76.715186	0.004596
401.000000	70.310653	-60.085734	0.001986
402.000000	54.818978	16.250882	0.001006
403.000000	62.080910	40.319914	0.007565
404.000000	87.301594	68.543310	0.018444
405.000000	65.114162	60.100827	0.286399
406.000000	76.322856	-35.573036	0.009781
407.000000	59.708228	41.614748	0.010665
408.000000	63.876371	43.007424	0.002070
409.000000	64.910159	26.211446	0.001347
410.000000	64.448476	33.367229	0.004549
411.000000	-76.108401	-68.757603	0.002109
412.000000	-85.717105	-64.859569	0.004499
413.000000	69.266710	-50.844429	0.002291
414.000000	80.005852	75.067516	0.000965
415.000000	-90.317097	-52.809916	0.000436
416.000000	66.174735	-42.247561	0.001806
417.000000	74.458939	69.351997	0.004242
418.000000	66.650628	39.315518	0.095603
419.000000	77.903803	40.463530	0.008455
420.000000	65.034489	-0.693762	0.003977
421.000000	80.526303	28.252569	0.000829
422.000000	69.543689	-72.483354	0.017887
423.000000	75.318422	-38.807771	0.001977
424.000000	-87.097341	-55.519463	0.000802
425.000000	60.737908	-9.147553	0.002644
426.000000	75.249897	80.957673	0.002785
427.000000	-80.565093	-39.394162	0.001648
428.000000	73.720431	38.053141	0.002275
429.000000	83.903803	54.080910	0.001881
430.000000	67.958983	-8.180003	0.005219
431.000000	75.819997	-29.371381	0.001118
432.000000	53.180136	-71.730943	0.077946
433.000000	-87.921993	69.249951	0.001461
434.000000	36.386931	-48.908327	0.003629
435.000000	-83.704614	-89.452099	0.002472
436.000000	74.661091	-55.872607	0.001409
437.000000	81.094652	81.745170	0.003500
438.000000	77.400140	81.362885	0.001708
439.000000	65.820030	-6.980512	0.008239
440.000000	67.342949	66.002948	0.003243
441.000000	62.511229	47.190381	0.009678
442.000000	89.764589	80.105385	0.002752
443.000000	-82.284252	-61.349406	0.029709
444.000000	76.122198	-48.780621	0.002010
445.000000	75.237747	-31.179986	0.007389
446.000000	81.753569	-79.992095	0.002190
447.000000	59.680033	-7.812883	0.016888
448.000000	84.053108	86.520490	0.001113
449.000000	-83.820615	-79.611562	0.001358
450.000000	77.605468	-61.619029	0.003150
451.000000	74.310479	38.805632	0.002025
452.000000	71.891425	80.847479	0.002218
453.000000	72.122198	-4.229409	0.003700
454.000000	60.784062	-14.008796	0.001871
455.000000	68.018176	-25.069929	0.004343
456.000000	62.050258	23.903803	0.008290
457.000000	-75.004459	82.985137	0.004601
458.000000	62.532847	46.510066	0.009810
459.000000	73.915986	-80.446842	0.060661
460.000000	53.347897	34.691346	0.006636
461.000000	80.708380	-51.278705	0.067372
462.000000	52.588903	30.026527	0.001783
463.000000	-67.143871	-56.683331	0.007955
464.000000	-77.231133	-58.929662	0.001413
465.000000	82.833381	-68.555227	0.004577
466.000000	60.005852	9.533313	0.003400
467.000000	-85.637615	-75.118872	0.029121
468.000000	51.141594	24.081070	0.001303
469.000000	73.775241	-37.699964	0.001554
470.000000	86.428598	-53.528917	0.000964
471.000000	-78.490875	-85.548387	0.649584
472.000000	83.243560	-65.672460	0.006392
473.000000	74.693152	81.587829	0.001277
474.000000	-83.660403	-58.223087	0.001415
475.000000	-82.583646	-81.063492	0.001640
476.000000	58.100788	-39.817744	0.001256
477.000000	71.007252	59.279141	0.004352
478.000000	-88.678669	-77.162825	0.005983
479.000000	85.640418	62.555493	0.006879
480.000000	86.720967	-74.004146	0.002560
481.000000	-90.890467	78.118114	0.001571
482.000000	78.149629	-86.066669	0.002499
483.000000	83.781033	81.674138	0.016000
484.000000	71.759939	-73.571381	0.010481
485.000000	68.645945	23.024171	0.019792
486.000000	61.210171	26.754882	0.005697
487.000000	83.087118	17.799593	0.004696
488.000000	-87.209514	62.540401	0.001345
489.000000	69.434854	52.734999	0.003463
490.000000	82.821177	-11.283264	0.032805
491.000000	76.644204	52.179220	0.003076
492.000000	83.175153	-53.840033	0.000892
493.000000	86.451433	-48.598119	0.000768
494.000000	73.523986	71.021447	0.002301
495.000000	66.693233	23.491248	0.003223
496.000000	71.615911	-45.452007	0.002671
497.000000	85.434854	47.034489	0.001462
498.000000	69.852091	65.968296	0.003001
499.000000	67.735659	-10.454537	0.007390
500.000000	-89.158945	-79.418651	0.002535
501.000000	66.266061	-9.003066	0.003242
502.000000	62.298295	70.685652	0.005452
503.000000	88.650628	61.380438	0.066284
504.000000	-73.354055	-89.164845	0.001089
505.000000	75.025235	-9.911497	0.003070
506.000000	62.998417	49.105957	0.010374
507.000000	69.284847	-43.166619	0.001250
508.000000	68.656407	-44.229598	0.009123
509.000000	80.317044	55.175168	0.000785
510.000000	81.138830	70.672603	0.001647
511.000000	78.688468	-41.888075	0.003409
512.000000	75.635788	-52.178441	0.004423
513.000000	80.986054	46.555634	0.002567
514.000000	84.515879	-70.599651	0.011732
515.000000	70.350040	-76.169507	0.004288
516.000000	75.614748	-54.227716	0.007052
517.000000	57.896249	-5.527104	0.003370
518.000000	86.784062	-81.650577	0.003470
519.000000	67.597968	22.899789	0.001159
520.000000	60.506546	-15.462151	0.010140
521.000000	84.140421	81.236492	0.217208
522.000000	86.951194	-77.743180	0.107581
523.000000	69.356209	40.491483	0.002946
524.000000	62.105418	51.084209	0.007580
525.000000	70.781071	63.031819	0.007679
526.000000	-81.528878	-86.016470	0.001828
527.000000	80.982730	-65.094311	0.001293
528.000000	79.787371	56.907343	0.002263
529.000000	69.732756	9.968296	0.002533
530.000000	75.738530	34.818235	0.002537
531.000000	81.402957	-30.498201	0.001213
532.000000	75.557841	-44.088644	0.207749
533.000000	77.891425	79.666545	0.008814
534.000000	73.939105	68.297166	0.000896
535.000000	79.301609	-30.389816	0.005725
536.000000	74.446756	31.425833	0.001655
537.000000	81.915986	-66.224759	0.001214
538.000000	72.495591	-18.318260	0.065669
539.000000	79.886795	17.365364	0.002277
540.000000	68.995214	-43.218929	0.003867
541.000000	71.701804	-28.085734	0.004008
542.000000	-78.924679	-84.834971	0.005158
543.000000	66.436379	48.001169	0.006699
544.000000	74.952902	-54.208033	0.005948
545.000000	63.272751	-5.424508	0.004554
546.000000	53.568125	31.621676	0.002133
547.000000	84.154312	-39.401716	0.000937
548.000000	52.713171	-32.215248	0.002492
549.000000	62.070486	-48.271894	0.012527
550.000000	56.613392	22.702567	0.001415
551.000000	60.283183	18.810627	0.007091
552.000000	63.681773	26.867183	0.003269
553.000000	-73.493454	86.362592	0.003993
554.000000	-73.496817	77.272970	0.002566
555.000000	51.906712	26.426964	0.001953
556.000000	54.567818	-10.776885	0.002163
557.000000	54.013493	1.155571	0.002117
558.000000	77.911303	81.325889	0.004819
559.000000	84.563168	82.917752	0.006605
560.000000	85.297084	-25.795031	0.001931
561.000000	53.810736	-7.022111	0.006874
562.000000	71.050688	67.790247	0.011453
563.000000	65.339516	32.513748	0.004455
564.000000	64.585993	23.646809	0.008833
565.000000	-70.702916	-81.129908	0.063967
566.000000	70.865442	84.309325	0.003047
567.000000	73.731015	31.696866	0.017970
568.000000	75.504475	-66.384673	0.043967
569.000000	-90.591200	-68.322871	0.001224
570.000000	71.726365	-64.105612	0.003051
571.000000	62.637932	38.134575	0.005284
572.000000	80.315264	67.677090	0.001997
573.000000	79.336245	78.342648	0.014699
574.000000	70.302940	0.134542	0.000683
575.000000	83.362600	-86.540932	0.001374
576.000000	66.169333	32.477634	0.010941
577.000000	75.484825	-16.833999	0.001909
578.000000	87.011112	74.857942	0.000904
579.000000	61.167614	2.805910	0.021200
580.000000	76.616280	-78.785091	0.001878
581.000000	67.023349	29.022499	0.002516
582.000000	-88.702916	-80.455201	0.000992
583.000000	82.241539	78.656890	0.001333
584.000000	65.173481	48.571258	0.009380
585.000000	73.200892	54.988047	0.003640
586.000000	62.040924	10.618195	0.025122
587.000000	77.903803	-35.338948	0.020436
588.000000	86.535718	77.610184	0.001093
589.000000	-88.683319	66.588990	0.002262
590.000000	55.715781	-0.920421	0.001292
591.000000	-85.026091	-77.831185	0.001505
592.000000	-89.516553	51.958881	0.003067
593.000000	80.641295	-81.850318	0.002603
594.000000	74.973450	6.922435	0.032987
595.000000	72.999838	-54.880773	0.004390
596.000000	-82.422476	-89.054652	0.001193
597.000000	58.907309	19.140604	0.006102
598.000000	55.730117	16.438710	0.004343
599.000000	-77.415747	78.362331	0.006702
600.000000	82.653570	-84.022415	0.002519
601.000000	-84.581959	-83.413919	0.003324
602.000000	76.402544	-80.515069	0.004366
603.000000	-79.114309	-67.107963	0.001276
604.000000	73.585024	79.370219	0.002937
605.000000	84.234054	-52.155690	0.003120
606.000000	80.491020	83.375841	0.036327
607.000000	46.500454	53.332844	0.015731
608.000000	90.382068	-73.880553	0.003089
609.000000	-63.568531	-87.386575	0.002513
610.000000	79.540765	86.008849	0.001529
611.000000	68.206569	22.882782	0.001769
612.000000	83.289545	49.454418	0.010677
613.000000	71.422724	-26.652421	0.085144
614.000000	83.936202	35.819997	0.006012
615.000000	87.266716	51.178358	0.005019
616.000000	65.755363	-39.773500	0.004248
617.000000	72.680968	28.522762	0.002022
618.000000	81.513688	67.770576	0.000937
619.000000	86.781104	-82.886348	0.002419
620.000000	-78.284252	-87.432188	0.030604
621.000000	73.859612	87.598001	0.016848
622.000000	75.802424	51.096392	0.003248
623.000000	87.864241	83.617651	0.002095
624.000000	75.747809	-32.681664	0.001370
625.000000	62.998097	-2.016450	0.011042
626.000000	-90.116108	-76.824779	0.002636
627.000000	82.622845	-68.128205	0.001157
628.000000	74.194386	-73.302117	0.001898
629.000000	68.931817	70.497370	0.004644
630.000000	69.652622	35.778183	0.025756
631.000000	80.636225	-53.029631	0.004563
632.000000	80.327468	36.560258	0.001622
633.000000	64.344227	-17.169562	0.005062
634.000000	68.917752	-5.964531	0.008747
635.000000	-88.123629	85.447004	0.086194
636.000000	87.096392	-66.210903	0.001037
637.000000	60.399674	-34.993876	0.009435
638.000000	62.416468	-84.118979	0.014204
639.000000	64.182256	-13.603268	0.004092
640.000000	41.659343	11.060093	0.007628
641.000000	73.165927	-4.868810	0.001417
642.000000	88.300069	53.342949	0.011150
643.000000	60.394251	2.696679	0.011975
644.000000	64.588903	46.473322	0.004923
645.000000	70.905569	37.054308	0.002092
646.000000	82.805949	55.535431	0.006372
647.000000	79.738530	78.850349	0.002013
648.000000	63.661895	56.129718	0.006219
649.000000	81.540819	81.391021	0.001114
650.000000	84.798039	49.093489	0.001400
651.000000	-89.398773	-70.792732	0.002262
652.000000	81.005585	4.396205	0.115000
653.000000	84.480537	-51.366751	0.000648
654.000000	-84.644867	81.219379	0.316796
655.000000	60.543310	32.236098	0.012743
656.000000	78.408968	40.892202	0.002111
657.000000	88.725584	-37.957461	0.001484
658.000000	64.300016	-41.534691	0.014984
659.000000	88.310653	-78.146380	0.001745
660.000000	77.681773	53.674220	0.012953
661.000000	75.153850	43.504462	0.008087
662.000000	66.713063	-17.221062	0.001456
663.000000	84.419411	35.447236	0.000581
664.000000	80.908439	76.080949	0.000531
665.000000	70.053128	-48.987979	0.002210
666.000000	73.648025	59.600910	0.002693
667.000000	72.623975	6.292834	0.006375
668.000000	75.222268	71.978900	0.000914
669.000000	67.496802	39.146611	0.001838
670.000000	63.679999	-10.129825	0.049725
671.000000	89.328732	-60.021100	0.001694
672.000000	68.070486	49.908399	0.002318
673.000000	79.306259	51.807228	0.002319
674.000000	72.142076	23.196772	0.010664
675.000000	71.094652	-8.582919	0.002052
676.000000	88.596577	90.161746	0.013997
677.000000	-78.956773	80.942401	0.002764
678.000000	61.867145	-48.108521	0.005495
679.000000	74.885691	0.828027	0.004476
680.000000	83.065775	-81.506449	0.050158
681.000000	64.523393	51.856741	0.006643
682.000000	70.246222	-52.197396	0.002662
683.000000	76.596577	-76.866632	0.007952
684.000000	65.528683	49.179764	0.003658
685.000000	88.865442	-51.956945	0.000973
686.000000	57.703583	35.158675	0.006256
687.000000	59.721541	-2.448636	0.002352
688.000000	-88.256874	78.621066	0.002221
689.000000	80.336694	77.224009	0.002484
690.000000	64.344227	54.373385	0.005231
691.000000	62.045608	-31.909636	0.006840
692.000000	87.521097	-48.987926	0.031303
693.000000	68.466439	35.476480	0.035430
694.000000	58.552584	-40.733269	0.010556
695.000000	74.137446	-10.876143	0.011268
696.000000	55.815386	27.536310	0.008887
697.000000	85.557793	86.852481	0.003972
698.000000	53.639607	-10.322851	0.001739
699.000000	69.371230	32.347277	0.004494
700.000000	67.015829	-24.807681	0.001524
701.000000	-82.278439	-74.833999	0.001378
702.000000	52.040924	-44.634636	0.003235
703.000000	85.911303	-74.725509	0.002190
704.000000	85.772370	-25.640438	0.000998
705.000000	82.442159	70.886315	0.001286
706.000000	72.713063	-25.709895	0.002726
707.000000	76.182289	-70.817332	0.002178
708.000000	80.379197	70.498498	0.000339
709.000000	74.157129	-4.131129	0.002810
710.000000	81.134200	-48.777678	0.036723
711.000000	61.548600	-9.186410	0.006020
712.000000	88.870125	-36.767850	0.002660
713.000000	87.376741	-87.339262	0.001277
714.000000	71.859591	-6.096197	0.000770
715.000000	68.623975	75.000123	0.005197
716.000000	89.442321	-66.528889	0.000800
717.000000	67.014859	60.613392	0.004247
718.000000	53.410892	-36.331552	0.002267
719.000000	79.158480	-66.664735	0.001907
720.000000	67.980620	-46.446842	0.013592
721.000000	88.186939	37.822901	0.003385
722.000000	61.818256	33.067951	0.004069
723.000000	-88.992217	-56.174881	0.002414
724.000000	88.182289	82.177606	0.004485
725.000000	-86.965511	70.396798	0.003940
726.000000	70.550810	-12.525333	0.002619
727.000000	75.318475	85.489403	0.001959
728.000000	79.257436	-37.082107	0.001478
729.000000	60.796299	20.335436	0.017781
730.000000	57.588938	-27.039058	0.048394
731.000000	74.697835	27.271886	0.005621
732.000000	69.525726	-41.652903	0.005237
733.000000	79.541047	51.046819	0.001999
734.000000	59.108461	9.507913	0.102011
735.000000	-78.024063	-77.157204	0.001444
736.000000	72.249054	68.177606	0.002449
737.000000	80.446756	25.340397	0.001445
738.000000	58.483447	25.531989	0.017273
739.000000	75.553196	-17.267412	0.001052
740.000000	78.845705	-76.150527	0.003709
741.000000	77.319519	78.164949	0.112478
742.000000	-66.448583	75.462097	0.006590
743.000000	70.523432	70.015644	0.007005
744.000000	61.017768	14.528203	0.006152
745.000000	86.788745	68.780488	0.022869
746.000000	53.172757	35.206992	0.002909
747.000000	67.200183	78.331831	0.003131
748.000000	86.951161	-31.725123	0.001097
749.000000	79.648004	45.605714	0.004929
750.000000	68.753170	-74.615054	0.005170
751.000000	51.543917	-21.476447	0.000822
752.000000	-87.101985	86.251239	0.012793
753.000000	53.194291	-1.626002	0.001615
754.000000	79.787356	-36.198112	0.002615
755.000000	65.667675	-42.524608	0.004928
756.000000	82.001169	-13.201643	0.001638
757.000000	86.442159	42.345770	0.001458
758.000000	64.399635	65.629834	0.006241
759.000000	68.261450	38.407307	0.003107
760.000000	81.708228	-64.179970	0.001526
761.000000	70.394425	-61.596972	0.018393
762.000000	-84.674105	-43.400553	0.001157
763.000000	68.885691	29.303567	0.007453
764.000000	81.698895	-82.325813	0.007104
765.000000	65.818290	18.181729	0.065682
766.000000	-76.116075	-89.566718	0.004923
767.000000	61.521103	6.708467	0.005116
768.000000	56.339903	-40.082704	1.130035
769.000000	67.883925	35.703207	0.010155
770.000000	74.436379	69.341256	0.001778
771.000000	68.608780	38.015732	0.012635
772.000000	85.260373	-25.785698	0.036686
773.000000	-85.408106	81.245736	0.001383
774.000000	76.374568	41.849473	0.014681
775.000000	71.029844	-64.058622	0.032499
776.000000	71.079565	19.778130	0.002314
777.000000	63.733918	-7.436832	0.002035
778.000000	-78.611715	87.195452	0.003251
779.000000	68.085560	-47.841091	0.005244
780.000000	-89.603235	-76.772677	0.001324
781.000000	66.167592	-40.312326	0.006162
782.000000	86.269004	51.587379	0.001720
783.000000	79.045802	78.215539	0.000641
784.000000	71.214735	-28.236904	0.002505
785.000000	-78.307784	86.252587	0.588458
786.000000	58.946478	9.864506	0.011069
787.000000	71.697639	35.940553	0.000958
788.000000	71.106769	-88.345599	0.005409
789.000000	65.489475	12.710159	0.015870
790.000000	-88.391643	-33.883978	0.047247
791.000000	-79.174173	84.505788	0.051303
792.000000	67.593323	0.933067	0.012928
793.000000	62.414728	-36.710019	0.000974
794.000000	73.923998	-73.214198	0.009478
795.000000	59.229069	-10.754773	0.003253
796.000000	70.983324	64.512969	0.003493
797.000000	64.042704	-63.274334	0.003780
798.000000	68.149629	-14.983646	0.003019
799.000000	66.480537	-45.000228	0.001997
800.000000	71.256121	-38.906100	0.000777
801.000000	62.137446	-50.330605	0.003801
802.000000	67.222925	57.778642	0.001658
803.000000	76.528023	71.501553	0.002191
804.000000	78.581349	-17.429279	0.002390
805.000000	79.530781	86.645633	0.001297
806.000000	76.424022	75.281991	0.003761
807.000000	78.579569	32.930613	0.002091
808.000000	84.038054	87.474015	0.013187
809.000000	-82.212629	78.085560	0.004021
810.000000	-81.134417	82.098203	0.002082
811.000000	-86.806642	-72.290810	0.001393
812.000000	58.137499	25.712878	0.006374
813.000000	71.792006	-25.244752	0.002096
814.000000	69.879242	-32.244604	0.001489
815.000000	88.648887	38.414057	0.000523
816.000000	-87.277320	38.848135	0.007903
817.000000	88.266028	-60.820202	0.003430
818.000000	73.903803	41.418041	0.076613
819.000000	55.677129	-36.332077	0.002550
820.000000	57.679999	-49.086790	0.008127
821.000000	-80.956773	85.732967	0.003596
822.000000	-83.016676	86.344314	0.001731
823.000000	64.958835	41.409541	0.005003
824.000000	64.347136	1.708720	0.002683
825.000000	61.443418	-59.877290	0.004075
826.000000	74.232401	-27.041868	0.001868
827.000000	-83.411097	87.248906	0.002319
828.000000	77.657251	89.143513	0.006637
829.000000	-86.696579	-89.274334	0.009611
830.000000	65.089177	25.894529	0.002743
831.000000	72.987741	56.730316	0.002816
832.000000	80.404318	81.226550	0.002841
833.000000	71.179510	-10.398094	0.000865
834.000000	77.114583	0.127307	0.058540
835.000000	65.559004	-24.300123	0.007286
836.000000	70.616280	1.054506	0.016066
837.000000	69.563600	-48.125262	0.027918
838.000000	-89.011992	-75.149651	0.001140
839.000000	-74.197591	-67.091096	0.286066
840.000000	79.224791	60.241701	0.004676
841.000000	-75.471977	87.422691	0.003208
842.000000	65.903755	-8.169507	0.000772
843.000000	63.324168	-40.298451	0.010725
844.000000	68.860759	44.176606	0.002884
845.000000	90.352008	74.166409	0.000820
846.000000	81.463068	-61.454910	0.001522
847.000000	64.238683	-82.011793	0.043148
848.000000	-85.702834	-51.764274	0.001604
849.000000	57.660122	-21.408073	0.006593
850.000000	77.501452	3.279460	0.009353
851.000000	62.780321	38.567838	0.002099
852.000000	62.857942	-25.428688	0.003888
853.000000	71.839734	-36.686347	0.002946
854.000000	81.836777	85.824680	0.003338
855.000000	62.905723	75.559852	0.001849
856.000000	-84.369760	-69.971801	0.000110
857.000000	83.284901	-39.896303	0.001968
858.000000	-88.010531	72.126848	0.000969
859.000000	89.503389	-87.394195	0.010297
860.000000	69.299868	48.813306	0.008079
861.000000	69.277347	-49.151391	0.003005
862.000000	73.612968	74.077986	0.003078
863.000000	58.836054	-21.464223	0.005371
864.000000	64.359601	-17.722220	0.002628
865.000000	65.052681	-32.790205	0.000993
866.000000	67.692216	40.693185	0.003925
867.000000	87.911845	-45.931605	0.001452
868.000000	75.713030	22.362385	0.013792
869.000000	89.610103	84.327627	0.002840
870.000000	71.303692	13.764476	0.003640
871.000000	82.845564	1.518511	0.000631
872.000000	72.598140	47.616792	0.002241
873.000000	81.418026	-57.810031	0.007318
874.000000	70.411911	-79.681827	0.004914
875.000000	74.374763	-48.347184	0.001940
876.000000	65.596360	-48.159827	0.005052
877.000000	70.567838	61.551171	0.002857
878.000000	73.221271	28.760729	0.001307
879.000000	75.404458	69.959235	0.000116
880.000000	81.709357	-79.860906	0.003510
881.000000	62.498520	37.523707	0.001169
882.000000	72.195743	-77.632758	0.002883
883.000000	76.238630	-12.429976	0.002629
884.000000	-85.805614	-74.634636	0.002349
885.000000	-87.004312	-73.084944	0.001103
886.000000	87.160433	59.960431	0.005125
887.000000	88.653537	-50.209493	0.004074
888.000000	82.805518	-47.002447	0.077424
889.000000	78.929902	51.584731	0.003691
890.000000	68.451439	-45.334105	0.006826
891.000000	87.123491	-73.003061	0.002402
892.000000	64.921154	-38.980686	0.006019
