Thin Section: 	C:\Ice Data\2017-02-21-Tue\11.13 240  VTS SPICE

Results: 	C:\Ice Results\2017-02-21-Tue\11.13 240  VTS SPICE\2017-02-22-Wed, 10.19

Sequence Angles: 
xi	phi inner
0	0
45	0
45	-45
45	-90
45	-135
45	-180
45	-225
45	-270
45	-315

Threshold: 
45.000

Grain #		theta		phi	Rsquared

0.000000	59.620453	57.452005	0.007937
1.000000	76.506546	-18.510665	0.002324
2.000000	71.385000	-3.324406	0.089383
3.000000	79.496802	27.073984	0.002838
4.000000	-62.355743	62.048218	0.002643
5.000000	-87.914440	-12.357755	0.001675
6.000000	84.186939	-58.167786	0.001534
7.000000	31.610103	30.817956	0.007992
8.000000	79.055443	56.781071	0.001608
9.000000	39.126647	-72.275220	0.006950
10.000000	-22.142129	-87.103279	0.002090
11.000000	44.045647	-46.093288	0.006624
12.000000	79.046624	62.430459	0.010319
13.000000	68.103697	-82.189983	0.007534
14.000000	-70.061139	-23.752255	0.000539
15.000000	-55.158978	-17.394959	0.000485
16.000000	46.862713	2.687141	0.005456
17.000000	-51.094635	-29.649295	0.004219
18.000000	-54.348069	-75.417859	0.002315
19.000000	26.781071	1.673486	0.002485
20.000000	-68.648420	-23.916851	0.004180
21.000000	61.883925	-61.838188	0.013173
22.000000	56.362418	80.986234	0.005447
23.000000	-24.266115	-7.404730	0.002306
24.000000	-46.234580	-9.188947	0.002952
25.000000	43.196717	-44.319574	0.002842
26.000000	81.886795	55.747809	0.002971
27.000000	-66.043887	85.016671	0.026327
28.000000	53.608410	23.093291	0.003288
29.000000	87.896249	-65.628341	0.007867
30.000000	81.284901	-41.519111	0.002104
31.000000	-87.106755	28.103697	0.000503
32.000000	-64.084014	9.522823	0.006150
33.000000	-61.961946	36.335001	0.001496
34.000000	-36.958059	-62.664232	0.006212
35.000000	-69.877802	4.835155	0.004278
36.000000	26.229356	2.322935	0.001076
37.000000	-75.427499	-10.841272	0.003208
38.000000	82.174735	44.199069	0.001769
39.000000	47.968296	23.281991	0.003697
40.000000	78.443900	64.750194	0.002883
41.000000	-76.666691	21.126614	0.002972
42.000000	-41.106947	82.081355	0.002151
43.000000	-16.905295	48.478850	0.001539
44.000000	82.304719	-65.830634	0.001737
45.000000	72.204881	-39.628303	0.004533
46.000000	52.821177	-62.207063	0.003307
47.000000	58.112924	-31.738704	0.007647
48.000000	81.785630	1.679682	0.001946
49.000000	-82.947538	88.547954	0.001436
50.000000	-67.409357	73.406477	0.003126
51.000000	-51.331229	-68.136537	0.003421
52.000000	38.261450	-82.508866	0.005610
53.000000	-56.317086	-24.499554	0.002664
54.000000	-62.893231	-73.548932	0.042432
55.000000	-66.937129	23.829595	0.004658
56.000000	-64.486317	-77.699964	0.003198
57.000000	-86.876475	79.447043	0.001153
58.000000	-81.830688	6.605871	0.001245
59.000000	44.005852	-25.583585	0.003355
60.000000	-63.428214	-81.266151	0.034595
61.000000	-68.439303	2.791175	0.001103
62.000000	-59.116280	61.739989	0.002245
63.000000	63.404736	87.284036	0.003521
64.000000	66.093132	12.793395	0.287720
65.000000	57.980620	77.000191	0.010348
66.000000	67.281991	-53.773553	0.002295
67.000000	-70.932484	74.053108	0.001122
68.000000	77.891425	79.449907	0.002060
69.000000	-16.846236	-70.311191	0.002217
70.000000	67.205542	-85.572948	0.002448
71.000000	87.106662	35.072258	0.002079
72.000000	-46.284219	61.921128	0.003329
73.000000	62.861822	-57.106755	0.005598
74.000000	-70.821923	73.425666	0.008386
75.000000	77.195084	-79.501799	0.004177
76.000000	-70.759344	-24.286630	0.004080
77.000000	-72.934225	17.222979	0.001471
78.000000	-65.249767	34.675914	0.002755
79.000000	-55.195830	-90.300563	0.000788
80.000000	46.246222	13.405124	0.003310
81.000000	18.038054	-31.214164	0.001920
82.000000	62.742591	18.567838	0.008649
83.000000	63.028120	20.632519	0.001046
84.000000	77.735626	58.870578	0.001139
85.000000	-39.394090	52.224921	0.003745
86.000000	88.628658	-14.367029	0.002208
87.000000	-28.527672	-43.919721	0.000616
88.000000	35.341209	30.640006	0.002539
89.000000	-53.961946	-82.530541	0.002419
90.000000	72.332044	-81.778130	0.011611
91.000000	76.663961	26.621105	0.001438
92.000000	-69.810244	-7.184723	0.002217
93.000000	54.053128	42.025730	0.002334
94.000000	-68.727249	51.504462	0.015822
95.000000	-66.952090	-5.472289	0.009974
96.000000	5.876425	-7.085157	0.052499
97.000000	-64.503130	59.498716	0.004072
98.000000	-90.466720	-85.949742	0.001824
99.000000	64.038054	-83.531787	0.004337
100.000000	-86.374810	-26.971132	0.028290
101.000000	70.446822	-21.862569	0.037206
102.000000	-62.495525	-66.434341	0.006923
103.000000	-52.464448	12.406276	0.005011
104.000000	75.832127	-72.132855	0.002054
105.000000	87.689273	66.630432	0.001859
106.000000	72.463569	80.342648	0.003146
107.000000	59.794871	44.062933	0.006621
108.000000	-80.293513	-34.285510	0.000853
109.000000	53.931591	74.835077	0.002778
110.000000	70.998097	-57.374245	0.029568
111.000000	-18.841627	18.732713	0.002825
112.000000	60.648887	-2.157182	0.010050
113.000000	61.759939	78.095014	0.003286
114.000000	87.802424	-2.304009	0.002011
115.000000	71.481921	-85.051322	0.004801
116.000000	40.142129	23.355133	0.003094
117.000000	-52.056245	14.887432	0.002979
118.000000	-75.592772	-70.777678	0.041056
119.000000	86.217220	-33.655719	0.002154
120.000000	88.648887	63.660316	0.000846
121.000000	59.244442	-9.125976	0.003407
122.000000	-64.427159	88.730349	0.003384
123.000000	75.297084	31.239812	0.013227
124.000000	79.007377	-50.704054	0.001276
125.000000	-57.643530	55.573128	0.000662
126.000000	-41.672340	-37.012552	0.004164
127.000000	-85.476607	-63.929514	0.001276
128.000000	89.759939	-88.404903	0.001201
129.000000	79.951430	11.891425	0.001314
130.000000	-49.239223	-83.274396	0.002182
131.000000	-68.579017	88.339019	0.003099
132.000000	-66.155690	82.523393	0.016953
133.000000	76.142129	-3.778096	0.001430
134.000000	31.540819	-1.981485	0.001582
135.000000	-78.631608	-19.740924	0.001534
136.000000	89.304518	-81.495821	0.001478
137.000000	-50.649512	48.517938	0.002691
138.000000	-78.096230	48.618195	0.004047
139.000000	86.399707	2.893332	0.003169
140.000000	-61.341852	45.179884	0.001877
141.000000	-83.157582	-42.974631	0.000770
142.000000	64.126848	82.336727	0.018228
143.000000	-79.643342	-53.019546	0.002616
144.000000	-29.411097	-55.319065	0.004112
145.000000	55.699426	-71.723176	0.002306
146.000000	72.090364	-42.264374	0.005079
147.000000	-75.736842	-28.264374	0.003359
148.000000	-57.914460	-58.399129	0.008560
149.000000	-71.481251	34.142114	0.001355
150.000000	62.305849	-25.262092	0.005811
151.000000	-36.394526	-15.660118	0.001427
152.000000	-85.822355	-27.106755	0.000924
153.000000	-27.625432	-15.960816	0.000800
154.000000	-78.944662	-80.175142	0.004298
155.000000	-50.234020	-49.226680	0.009546
156.000000	-78.579070	-40.305564	0.002936
157.000000	-74.722686	43.781915	0.002853
158.000000	-49.756720	-44.240041	0.003296
159.000000	-88.999809	84.778195	0.002195
160.000000	-80.662062	17.720891	0.000940
161.000000	-32.802012	4.906226	0.008386
162.000000	-41.428710	-4.279114	0.046082
163.000000	26.330410	-9.988668	0.000204
164.000000	90.728575	-47.198931	0.097408
165.000000	-80.574420	68.148083	0.003876
166.000000	67.248190	61.909230	0.002659
167.000000	63.226918	-3.655227	0.005735
168.000000	-60.853637	1.725434	0.002155
169.000000	41.307714	-59.737964	0.004181
170.000000	38.503183	-63.299648	0.004403
171.000000	81.143459	-52.046385	0.001726
172.000000	-51.057599	-57.874645	0.000848
173.000000	-73.302117	81.036182	0.004500
174.000000	-56.051441	0.142076	0.000513
175.000000	87.735659	-18.662067	0.010725
176.000000	-59.449157	-89.677144	0.013943
177.000000	-57.058936	18.269151	0.008275
178.000000	-52.956870	-70.675423	0.006266
179.000000	-88.737934	87.081591	0.001089
180.000000	66.575405	71.199714	0.007786
181.000000	59.459154	-16.768027	0.002483
182.000000	51.053592	63.975996	0.002909
183.000000	-84.589426	-78.820116	0.001347
184.000000	87.380370	-36.990737	0.005067
185.000000	-89.218896	-11.999463	0.001091
186.000000	41.706136	-10.053673	0.004299
187.000000	-40.782362	68.571225	0.003878
188.000000	42.471122	-58.145700	0.003045
189.000000	-71.436832	-13.975890	0.000924
190.000000	57.958983	-10.689251	0.001900
191.000000	58.990863	-1.444399	0.001542
192.000000	61.773447	70.358484	0.003908
193.000000	82.865475	58.189249	0.001506
194.000000	61.197935	-26.303671	0.005284
195.000000	-88.884044	-88.284252	0.001511
196.000000	66.685652	-43.469385	0.005288
197.000000	46.700793	-71.553017	0.002468
198.000000	-40.244705	13.317156	0.001953
199.000000	86.518782	-16.315197	0.000556
200.000000	-49.166586	-20.053532	0.002278
201.000000	75.657212	-39.127676	0.003223
202.000000	56.845564	85.348957	0.002217
203.000000	84.813536	27.753763	0.001856
204.000000	69.344145	-4.582785	0.002843
205.000000	-73.810191	-56.483480	0.010331
206.000000	58.576666	76.657065	0.014260
207.000000	85.083159	58.805599	0.002590
208.000000	-55.351113	-88.140456	0.002534
209.000000	69.363623	-30.319032	0.005411
210.000000	82.733258	-71.580569	0.000864
211.000000	58.458939	-25.206605	0.004707
212.000000	-89.206605	-27.447269	0.002995
213.000000	59.061331	-59.090811	0.005075
214.000000	-38.562323	6.731298	0.005774
215.000000	34.493870	-36.071034	0.008575
216.000000	-56.416696	-87.397197	0.002140
217.000000	-68.678669	-70.140687	0.003617
218.000000	43.576808	-84.427153	0.004902
219.000000	-76.332345	-75.135394	0.002127
220.000000	85.787371	-86.310673	0.000485
221.000000	80.038054	32.158909	0.002462
222.000000	88.332044	36.307590	0.001214
223.000000	-48.287122	-44.394479	0.005295
224.000000	-59.647992	89.330399	0.001866
225.000000	-86.071319	-11.563621	0.000493
226.000000	-65.101985	-70.172835	0.005942
227.000000	-74.898958	-69.059302	0.005700
228.000000	-45.436881	85.349499	0.002639
229.000000	86.376341	-20.043887	0.022198
230.000000	-45.588721	-5.367494	0.002973
231.000000	87.681773	-26.637367	0.000914
232.000000	-61.652864	-64.495364	0.001221
233.000000	-82.373069	29.190449	0.008488
234.000000	68.986234	-58.376835	0.002146
235.000000	-74.244658	64.119294	0.001693
236.000000	-73.359158	-67.240014	0.001713
237.000000	32.353197	-23.796745	0.002381
238.000000	45.324148	45.887062	0.003898
239.000000	-81.178823	-21.459560	0.000943
240.000000	75.484825	-83.864966	0.003123
241.000000	82.818235	85.247027	0.006928
242.000000	-65.712167	13.211945	0.009099
243.000000	84.404318	25.574654	0.000825
244.000000	75.289497	78.865583	0.002344
245.000000	80.359475	41.128506	0.001900
246.000000	70.722675	54.114664	0.007225
247.000000	-39.048712	37.554341	0.003521
248.000000	-71.628341	50.810594	0.004734
249.000000	86.998417	-39.318878	0.002351
250.000000	49.642477	-78.740161	0.004690
251.000000	57.059914	39.760964	0.002155
252.000000	46.676285	45.941608	0.002873
253.000000	75.844364	70.033230	0.000766
254.000000	88.287833	-83.072833	0.000648
255.000000	-76.759344	33.733107	0.007719
256.000000	-77.218929	50.324724	0.001977
257.000000	57.203160	-28.571457	0.027751
258.000000	-55.660364	82.953361	0.006909
259.000000	-65.058172	-29.127840	0.015115
260.000000	59.585024	74.336497	0.004838
261.000000	50.386751	87.155837	0.002853
262.000000	79.951430	0.910159	0.001878
263.000000	60.808853	88.974515	0.011591
264.000000	-36.905732	6.159686	0.004301
265.000000	-57.198734	25.149568	0.001142
266.000000	-66.574372	-66.244691	0.008178
267.000000	-83.830688	24.126848	0.005500
268.000000	-40.507708	61.802624	0.006871
269.000000	73.341256	87.646842	0.007796
270.000000	90.661091	-41.131547	0.002512
271.000000	-61.359158	89.969567	0.001401
272.000000	-48.060895	-68.780621	0.009048
273.000000	-85.519463	46.583090	0.005808
274.000000	-70.607447	42.246276	0.003316
275.000000	-61.597456	-37.474788	0.001458
276.000000	80.271841	-75.971361	0.002491
277.000000	21.527692	-19.513051	0.000883
278.000000	47.232962	-67.752081	0.002780
279.000000	76.251943	49.042081	0.011444
280.000000	-68.960915	50.008843	0.004437
281.000000	-76.205129	82.114664	0.002905
282.000000	53.056927	-75.944249	0.002798
283.000000	-79.243687	-71.524228	0.001069
284.000000	72.454342	76.900886	0.004097
285.000000	-76.713412	66.810627	0.002833
286.000000	-83.051748	-66.462124	0.001154
287.000000	-86.910044	-81.223579	0.004814
288.000000	69.936235	-22.145038	0.001900
289.000000	57.510581	-7.768618	0.003874
290.000000	71.153850	71.874157	0.004505
291.000000	78.057791	-64.629867	0.002342
292.000000	-35.106755	-41.451886	0.002699
293.000000	62.160072	-87.266742	0.010112
294.000000	87.891425	-53.309758	0.002711
295.000000	57.065975	-78.946687	0.006906
296.000000	-71.223613	63.704527	0.002352
297.000000	69.083193	38.845705	0.020506
298.000000	-62.757564	-61.698476	0.196808
299.000000	-11.363749	38.340555	0.011800
300.000000	-71.126513	56.861754	0.020884
301.000000	-34.071319	5.876338	0.004504
302.000000	87.312084	52.518079	0.009575
303.000000	66.893365	-19.024190	0.002424
304.000000	-80.291772	35.239527	0.001118
305.000000	56.553402	-66.972327	0.007920
306.000000	58.347190	-79.812743	0.013514
307.000000	44.543310	90.129790	0.003136
308.000000	54.982199	8.900886	0.001235
309.000000	-87.974304	52.161812	0.009512
310.000000	47.923998	87.796650	0.002430
311.000000	-38.197570	60.256874	0.007898
312.000000	-77.571348	66.590764	0.002999
313.000000	64.463569	64.879801	0.007343
314.000000	47.588673	5.156915	0.003131
315.000000	-63.257414	12.685559	0.011127
316.000000	40.302979	14.991038	0.002059
317.000000	-75.326585	15.229875	0.001422
318.000000	-87.077463	-50.953221	0.005276
319.000000	73.224809	56.973219	0.004542
320.000000	-76.763994	-58.475478	0.002501
321.000000	-67.966596	-70.148169	0.001750
322.000000	80.480537	88.194439	0.004614
323.000000	57.516485	82.728320	0.004482
324.000000	-61.001530	-76.267154	0.000756
325.000000	85.703545	-50.417826	0.002662
326.000000	-64.589426	-59.909603	0.002435
327.000000	-62.147909	-74.887001	0.012684
328.000000	85.228486	64.534945	0.002984
329.000000	37.105335	-59.327966	0.004396
330.000000	10.913122	-71.889647	0.008133
331.000000	-85.058244	-70.760155	0.000738
332.000000	79.519430	3.182617	0.001177
333.000000	-69.359158	68.942401	0.001319
334.000000	60.733225	15.031938	0.004167
335.000000	88.873454	65.181658	0.001184
336.000000	-72.108575	-52.912953	0.002627
337.000000	-66.006385	55.542560	0.005615
338.000000	-71.362068	87.115903	0.005687
339.000000	-49.814802	-52.130844	0.002585
340.000000	80.209478	-52.522949	0.002359
341.000000	-89.756720	-45.687606	0.003960
342.000000	51.351580	3.988354	0.001942
343.000000	65.262086	-66.369620	0.006439
344.000000	80.095014	-89.302117	0.002891
345.000000	-79.805614	45.401914	0.002473
346.000000	56.700885	-27.514384	0.004905
347.000000	89.102139	-74.688986	0.001280
348.000000	-47.706434	-79.346801	0.023860
349.000000	-82.306043	44.790486	0.002536
350.000000	-53.726346	-14.318188	0.000965
351.000000	21.197935	-57.714699	0.005370
352.000000	58.720763	72.003273	0.002151
353.000000	85.226912	19.362460	0.001377
354.000000	-68.742564	-40.898265	0.006226
355.000000	62.971039	-31.038173	0.005544
356.000000	14.439322	-13.782600	0.001259
357.000000	65.839714	83.911336	0.011321
358.000000	79.577524	67.705324	0.004201
359.000000	-32.436346	-88.086087	0.006199
360.000000	66.493904	-70.434392	0.009584
361.000000	-88.809598	53.921413	0.002647
362.000000	62.186939	50.460746	0.009618
363.000000	89.881021	-88.968468	0.002175
364.000000	57.419772	-60.133747	0.004969
365.000000	78.628658	85.684159	0.001789
366.000000	-78.571516	-40.209634	0.006265
367.000000	-77.986474	-65.414007	0.002098
368.000000	23.153850	-26.725363	0.000961
369.000000	78.737903	-79.548567	0.003524
370.000000	43.548567	73.482116	0.001027
371.000000	57.089177	75.491133	0.002646
372.000000	49.870433	17.575771	0.001783
373.000000	-62.785232	0.966839	0.001783
374.000000	80.179385	-72.093327	0.001601
375.000000	74.344280	24.465309	0.001046
376.000000	24.745549	-0.350282	0.004945
377.000000	-77.674273	87.843301	0.005538
378.000000	-67.675403	-74.613260	0.003017
379.000000	-24.816747	15.161916	0.000720
380.000000	-72.853584	52.858063	0.004183
381.000000	-53.718846	17.688018	0.001837
382.000000	87.170571	-51.378934	0.001280
383.000000	-84.589426	-83.486997	0.012299
384.000000	76.359475	78.139172	0.001171
385.000000	83.173427	79.613061	0.001669
386.000000	-81.541028	-28.927762	0.001199
387.000000	-80.116075	70.407189	0.001314
388.000000	-86.955155	65.207905	0.010654
389.000000	-69.674273	54.869289	0.001817
390.000000	-84.252191	74.960543	0.000522
391.000000	-80.019380	17.605468	0.002029
392.000000	76.065803	85.772284	0.002052
393.000000	-63.667956	0.488091	0.005390
394.000000	61.175174	37.034823	0.013964
395.000000	-85.467153	-83.909777	0.002115
396.000000	71.355133	21.939105	0.002767
397.000000	-53.954426	-18.215533	0.001850
398.000000	-56.858406	-87.384019	0.002579
399.000000	53.563600	47.765946	0.003049
400.000000	87.886795	61.333336	0.001406
401.000000	-78.834073	55.353446	0.004894
402.000000	47.588707	-69.014898	0.000604
403.000000	-86.602749	-17.277325	0.001169
404.000000	-72.466667	-29.306767	0.003837
405.000000	-69.553265	55.352011	0.002387
406.000000	62.065803	-68.076002	0.013619
407.000000	-62.826573	-72.658824	0.005536
408.000000	87.052462	-6.182873	0.002168
409.000000	-72.016476	-61.341819	0.001238
410.000000	20.725584	-48.660956	0.001382
411.000000	65.844310	-23.951522	0.003387
412.000000	-81.218929	-65.187201	0.000812
413.000000	76.853259	-82.120471	0.054501
414.000000	83.506221	-82.427192	0.082724
415.000000	-73.299174	57.726244	0.005839
416.000000	53.664805	48.261450	0.003303
417.000000	42.852528	82.719167	0.002365
418.000000	-78.325780	70.622845	0.003807
419.000000	57.871742	72.278211	0.008929
420.000000	73.348742	-86.472659	0.002703
421.000000	-45.303731	7.417898	0.002130
422.000000	-44.507688	-71.206638	0.003156
423.000000	-86.184653	-41.643428	0.001403
424.000000	64.818186	58.793374	0.013782
425.000000	-65.189406	-59.157204	0.007818
426.000000	-29.444507	50.197522	0.000165
427.000000	-62.096230	-66.284219	0.002172
428.000000	75.975937	-3.009122	0.001630
429.000000	73.775241	-76.725542	0.003749
430.000000	86.307569	18.503636	0.004036
431.000000	-87.539287	-17.346502	0.001217
432.000000	-55.775187	36.848256	0.002341
433.000000	71.720431	-35.077483	0.006116
434.000000	-75.511909	59.274458	0.002366
435.000000	58.825827	-46.920101	0.002906
436.000000	64.108294	-85.763004	0.009547
437.000000	-80.841520	-41.071583	0.002154
438.000000	35.759939	-90.217226	0.003347
439.000000	-65.909636	-72.147909	0.026215
440.000000	-64.757570	-13.137096	0.003170
441.000000	-70.809512	-48.165775	0.002480
442.000000	-72.128225	-39.598585	0.008804
443.000000	-2.739660	50.745462	0.052811
444.000000	-72.155636	70.727325	0.005249
445.000000	66.625716	44.557355	0.008502
446.000000	-85.464243	-38.454498	0.002217
447.000000	40.570809	-56.943515	0.003143
448.000000	-70.079364	71.684644	0.002607
449.000000	-80.276685	80.725666	0.002023
450.000000	61.862501	74.661091	0.007558
451.000000	-72.339845	-75.790328	0.003242
452.000000	56.628658	89.440841	0.000802
453.000000	41.781378	-39.214632	0.002174
454.000000	-73.519463	-7.459599	0.003604
455.000000	35.758219	-23.656783	0.005166
456.000000	-67.649960	-62.967091	0.034283
457.000000	52.981404	-2.326419	0.002364
458.000000	-83.406366	-6.425379	0.001546
459.000000	60.963485	-41.274626	0.008126
460.000000	46.535616	-15.239106	0.001336
461.000000	-62.702969	9.699877	0.008834
462.000000	-28.040978	-34.432780	0.000372
463.000000	-64.705805	-62.629867	0.003078
464.000000	-82.569776	21.026902	0.001010
465.000000	-52.010531	-60.271894	0.001321
466.000000	41.586136	-35.222644	0.003989
467.000000	-75.129455	-70.868709	0.003025
468.000000	-57.304257	24.229955	0.029686
469.000000	51.152690	-4.339245	0.001727
470.000000	-66.123629	85.019488	0.004564
471.000000	86.658148	76.837992	0.000931
472.000000	-68.651258	56.063691	0.003407
473.000000	-65.703631	83.242460	0.166032
474.000000	83.881021	20.680930	0.001384
475.000000	73.210118	8.844411	0.019197
476.000000	-75.139241	-85.649732	0.005373
477.000000	-54.045661	23.825931	0.026043
478.000000	67.911323	-74.762253	0.008332
479.000000	-64.513435	-50.043887	0.006154
480.000000	74.253683	63.014859	0.003106
481.000000	-85.038593	-47.054696	0.003680
482.000000	-51.746224	-80.140175	0.002450
483.000000	35.232205	-10.795999	0.020505
484.000000	82.475713	62.171832	0.004915
485.000000	-90.850800	86.775750	0.057904
486.000000	-78.463831	-56.000266	0.002880
487.000000	-66.076002	-56.742516	0.010451
488.000000	82.925393	53.816567	0.001242
489.000000	-85.006213	48.628605	0.001700
490.000000	75.903803	-0.662067	0.003088
491.000000	75.980620	68.315264	0.002767
492.000000	-43.161815	58.861436	0.004021
493.000000	-86.149910	49.509211	0.002386
494.000000	9.387956	23.567801	0.025263
495.000000	78.978713	74.379251	0.001745
496.000000	69.596260	87.449914	0.003183
497.000000	41.369849	-77.513146	0.003736
498.000000	88.508286	-88.373069	0.003373
499.000000	72.025730	-35.234075	0.003529
500.000000	-73.951522	-65.398812	0.001541
501.000000	51.961872	80.021119	0.002050
502.000000	64.705476	78.718030	0.003782
503.000000	67.891599	-79.845688	0.023729
504.000000	32.902698	76.035328	0.001053
505.000000	-52.162060	-59.799669	0.002646
506.000000	-79.677182	-88.024063	0.004260
507.000000	-12.982253	-40.705470	0.008245
508.000000	54.116055	21.777198	0.010124
509.000000	-68.341008	10.810627	0.006136
510.000000	-73.870021	23.565374	0.002801
511.000000	-77.004492	-39.877782	0.006485
512.000000	-74.671202	-80.113025	0.003118
513.000000	49.543689	-25.852956	0.001276
514.000000	52.478622	-3.613054	0.003017
515.000000	87.518333	-60.976001	0.000596
516.000000	-79.289880	-6.197576	0.001099
517.000000	-59.680053	-34.528889	0.007184
518.000000	-88.229409	-73.736809	0.001989
519.000000	-33.573036	-81.783319	0.004179
520.000000	-82.194667	-55.181814	0.029905
521.000000	65.943735	-8.851896	0.003574
522.000000	-80.683266	-80.824793	0.002697
523.000000	60.668765	42.349370	0.002185
524.000000	-68.041017	-59.509039	0.004564
525.000000	-87.766000	-65.684736	0.000542
526.000000	57.327847	81.708480	0.002894
527.000000	-76.881188	32.113010	0.003616
528.000000	-76.439256	14.818235	0.006748
529.000000	59.257484	73.116270	0.004614
530.000000	-63.850318	63.572841	0.005734
531.000000	70.351781	16.085540	0.003590
532.000000	80.710120	-16.190427	0.000641
533.000000	-52.466396	-72.287609	0.001214
534.000000	81.682903	75.804243	0.000668
535.000000	-72.288863	-46.611970	0.002880
536.000000	-70.590653	-2.267211	0.001757
537.000000	-67.041431	46.564968	0.002457
538.000000	-68.335234	-74.528889	0.007498
539.000000	-19.592772	62.256841	0.000614
540.000000	-75.741492	-38.304009	0.002411
541.000000	59.135926	87.239738	0.001370
542.000000	88.748453	23.652708	0.006362
543.000000	60.515879	52.416787	0.001078
544.000000	78.374568	-76.218535	0.001663
545.000000	-90.846150	-1.018416	0.138284
546.000000	-41.130581	45.258932	0.007356
547.000000	89.409381	-88.768027	0.005568
548.000000	-66.821890	10.307783	0.003644
549.000000	-84.382296	86.590677	0.001355
550.000000	-67.546874	-84.474253	0.002550
551.000000	66.717991	54.324544	0.004039
552.000000	-66.922161	-1.684697	0.004184
553.000000	34.696235	40.630558	0.164869
554.000000	53.679999	-82.507688	0.007367
555.000000	42.498820	45.820422	0.001221
556.000000	67.267840	-51.810771	0.012215
557.000000	53.283924	-5.598441	0.003232
558.000000	81.411704	81.146780	0.013095
559.000000	64.930076	-85.498455	0.004550
560.000000	-70.010531	62.765837	0.003498
561.000000	-82.936915	87.081343	0.002430
562.000000	-76.399090	-26.008883	0.002214
563.000000	58.399707	38.535757	0.002635
564.000000	-58.411327	81.580661	0.085899
565.000000	84.057791	-19.177082	0.000409
566.000000	-83.257448	-4.681644	0.001555
567.000000	-33.232056	64.693332	0.003346
568.000000	83.551417	62.690302	0.001101
569.000000	-66.542653	-41.867112	0.003047
570.000000	63.309148	23.971226	0.004462
571.000000	-47.079164	7.477428	0.003162
572.000000	-70.249287	9.147985	0.010148
573.000000	-73.444507	-79.396573	0.007596
574.000000	69.891425	-88.341008	0.001808
575.000000	84.137446	22.543271	0.002058
576.000000	-79.449190	42.032115	0.002581
577.000000	-54.056085	-69.267128	0.001092
578.000000	72.803007	-37.551471	0.001751
579.000000	60.941828	38.729060	0.010802
580.000000	18.781071	27.226468	0.010178
581.000000	70.552584	-61.741492	0.000556
582.000000	-55.946872	-55.241717	0.002764
583.000000	-51.282009	-20.939984	0.001130
584.000000	-81.154295	86.322803	0.016604
585.000000	-50.513429	63.388291	0.002621
586.000000	-57.027181	56.667470	0.014350
587.000000	69.026253	-55.149645	0.002234
588.000000	-47.583532	67.401794	0.001809
589.000000	54.910219	-80.593218	0.002063
590.000000	52.843998	-32.708579	0.004340
591.000000	46.061159	-76.537763	0.003343
592.000000	88.816494	-53.255993	0.001725
593.000000	-73.692410	-75.741667	0.045974
594.000000	-72.155690	-39.921960	0.002507
595.000000	-43.317252	76.523627	0.002587
596.000000	76.137499	21.214729	0.003774
597.000000	-61.363842	-48.782762	0.004055
598.000000	-79.954392	-83.667903	0.001699
599.000000	72.825827	-69.577253	0.002266
600.000000	-68.155690	-59.421560	0.001513
601.000000	-55.151440	66.429686	0.002703
602.000000	-77.613249	88.671635	0.002478
603.000000	-76.019380	88.258508	0.002586
604.000000	82.158909	-75.265001	0.008257
605.000000	55.374734	58.865583	0.003153
606.000000	39.566177	-46.013420	0.003358
607.000000	78.570721	55.620647	0.001953
608.000000	-84.264374	87.123857	0.002830
609.000000	-56.596970	67.401192	0.005239
610.000000	-87.481218	60.962191	0.003576
611.000000	-32.636377	-69.212915	0.015395
612.000000	77.007258	-29.371342	0.002614
613.000000	65.585623	81.888608	0.002364
614.000000	85.037378	-45.588567	0.008014
615.000000	-62.271894	-10.215533	0.007370
616.000000	64.478797	25.915207	0.016532
617.000000	62.608742	-75.479477	0.003190
618.000000	54.399674	42.713183	0.002647
619.000000	72.414728	49.814409	0.004073
620.000000	83.245340	-36.211068	0.002643
621.000000	-63.580448	-63.203843	0.024941
622.000000	-80.463831	23.340928	0.000887
623.000000	-63.597422	51.400489	0.007681
624.000000	-71.294524	36.493584	0.003109
625.000000	77.992321	85.199729	0.001614
626.000000	63.677090	9.404697	0.006318
627.000000	69.442321	-67.209514	0.000605
628.000000	-88.416716	74.094849	0.002307
629.000000	-50.471278	-43.042009	0.002956
630.000000	83.723302	-79.726385	0.002249
631.000000	81.262081	43.294195	0.002572
632.000000	-73.874932	-76.414976	0.006036
633.000000	-25.637582	-88.888548	0.001226
634.000000	-61.949742	-89.204547	0.016553
635.000000	52.946511	-87.139541	0.013654
636.000000	30.826727	61.874618	0.000298
637.000000	-57.841091	65.112999	0.010827
638.000000	83.035707	-62.380163	0.001543
639.000000	39.289084	36.435343	0.606351
640.000000	55.415021	-66.059337	0.007305
641.000000	49.398709	76.560284	0.000825
642.000000	-67.753817	35.454438	0.002869
643.000000	81.696948	84.273595	0.001618
644.000000	-66.868724	85.704366	0.003329
645.000000	-86.006385	79.187318	0.001539
646.000000	-86.041017	-46.827736	0.001277
647.000000	46.419378	57.846848	0.002369
648.000000	62.856129	59.013549	0.003588
649.000000	37.319519	62.080051	0.002321
650.000000	82.517619	20.194439	0.005121
651.000000	-73.519463	-48.856665	0.005616
652.000000	70.636158	-68.404372	0.002026
653.000000	-59.954426	-57.611388	0.001487
654.000000	75.958983	-74.725509	0.002521
655.000000	-83.072833	-25.509039	0.005385
656.000000	40.951161	26.583408	0.003695
657.000000	-65.889986	-71.281975	0.002022
658.000000	70.315303	68.682748	0.006851
659.000000	88.454376	-42.403290	0.001908
660.000000	-86.056245	-54.409553	0.000868
661.000000	-31.986507	-8.661700	0.004245
662.000000	-87.223613	-7.311728	0.001611
663.000000	-51.677144	-30.656993	0.001643
664.000000	-68.125316	-37.286937	0.005771
665.000000	86.226500	-68.220130	0.003724
666.000000	-74.899833	-75.254592	0.009790
667.000000	-51.799748	-41.775066	0.001477
668.000000	-47.657407	49.983530	0.003762
669.000000	-48.693476	-58.284041	0.001505
670.000000	71.210118	-62.229424	0.001655
671.000000	51.870001	59.950192	0.002319
672.000000	-86.958026	37.084334	0.003071
673.000000	85.883925	89.859591	0.010058
674.000000	47.753569	71.640385	0.140174
675.000000	-87.286653	-64.755558	0.000786
676.000000	-80.615000	34.475947	0.003924
677.000000	43.109714	56.543300	0.288115
678.000000	-71.214198	52.595414	0.003933
679.000000	-82.384057	-3.201922	0.006326
680.000000	74.950970	52.693293	0.004658
681.000000	-73.121863	-81.082107	0.000865
682.000000	-88.463831	89.170804	0.001459
683.000000	-74.480570	85.659628	0.011245
684.000000	57.020522	67.413436	0.002121
685.000000	-79.874932	-37.386629	0.004344
686.000000	73.577524	-46.036334	0.002237
687.000000	-55.299081	28.560777	0.003438
688.000000	-88.614912	67.232335	0.001539
689.000000	-29.531607	-60.862711	0.005142
690.000000	83.018666	-77.243873	0.001212
691.000000	-55.731029	-41.013766	0.004886
692.000000	-78.644867	74.367062	0.061819
693.000000	-50.088677	23.899120	0.002256
694.000000	85.422671	20.914843	0.013990
695.000000	33.565326	77.911908	0.003143
696.000000	72.546160	-19.054378	0.004012
697.000000	-62.917532	74.236876	0.009259
698.000000	77.715781	-67.366731	0.001491
699.000000	-78.862983	46.722483	0.003033
700.000000	76.434378	-83.537983	0.001033
701.000000	-53.874932	47.226966	0.006181
702.000000	75.506269	-26.590653	0.004708
703.000000	-83.447416	-89.937101	0.062940
704.000000	68.097884	86.835121	0.008477
705.000000	-68.950244	35.911395	0.007875
706.000000	75.919348	50.508286	0.002883
707.000000	-71.767687	-34.738911	0.003649
708.000000	87.891425	-69.850371	0.002126
709.000000	69.368446	84.693293	0.002589
710.000000	-60.649352	32.917752	0.039499
711.000000	-86.890434	-70.615812	0.003719
712.000000	-32.229370	-85.242181	0.015649
713.000000	64.337910	-69.791589	0.004546
714.000000	88.983363	61.403306	0.016590
715.000000	73.675349	71.392640	0.007346
716.000000	40.588903	17.820809	0.005183
717.000000	33.818256	74.642762	0.005385
718.000000	-78.287122	-83.064269	0.003084
719.000000	-45.620803	20.655737	0.008177
720.000000	88.206569	78.194406	0.002185
721.000000	56.056017	78.870125	0.006283
722.000000	-81.346463	-41.756885	0.001192
723.000000	-84.367029	54.123555	0.006923
724.000000	-67.112568	-48.705825	0.003049
725.000000	76.733258	72.744471	0.001542
726.000000	-74.214370	23.735698	0.002956
727.000000	-78.560496	51.152787	0.002264
728.000000	85.730976	-74.820182	0.001263
729.000000	-40.722735	83.057416	0.005259
730.000000	56.892912	70.095338	0.019486
731.000000	19.284847	-14.108341	0.016031
732.000000	85.448068	6.860933	0.003328
733.000000	74.312394	47.925778	0.022875
734.000000	-78.480611	19.345806	0.004187
735.000000	-52.403740	-68.176940	0.002929
736.000000	-72.814423	-12.929434	0.003782
737.000000	26.319947	29.764817	0.005282
738.000000	66.070486	-45.109718	0.006748
739.000000	-86.056265	6.149629	0.001371
740.000000	77.511942	6.723925	0.002275
741.000000	78.018176	77.654395	0.003180
742.000000	-63.453819	-77.479018	0.007271
743.000000	34.028600	39.031552	0.007633
744.000000	-78.662062	-6.253790	0.019010
745.000000	80.908419	-12.110966	0.002765
746.000000	50.917752	-65.753390	0.003081
747.000000	-52.016476	-65.072833	0.000776
748.000000	-9.665047	42.628185	0.017193
749.000000	31.667675	86.201133	0.000855
750.000000	73.832127	85.382283	0.001689
751.000000	-81.573036	9.197902	0.864423
752.000000	-55.707484	-88.338105	0.002750
753.000000	-53.031831	-81.951923	0.001282
754.000000	50.338051	79.560398	0.002315
755.000000	33.085857	32.711648	0.007172
756.000000	51.654395	65.971287	0.000517
757.000000	-85.595715	-81.841091	0.014556
758.000000	-27.303945	-3.476064	0.000321
759.000000	20.860900	8.706075	0.342334
760.000000	-74.945033	-41.516553	0.047704
761.000000	52.040963	79.007451	0.033559
762.000000	69.896249	-47.672586	0.002308
763.000000	25.943735	-72.066669	0.003068
764.000000	-55.593371	59.639893	0.004402
765.000000	23.104956	54.822420	0.003265
766.000000	37.600506	-58.407189	0.002511
767.000000	54.615025	19.698461	0.022317
768.000000	-63.709258	2.804794	0.004235
769.000000	-83.750946	19.852091	0.020145
770.000000	-75.228263	74.140302	0.017083
771.000000	56.893191	89.587829	0.015040
772.000000	78.564908	-48.192946	0.002021
773.000000	83.240656	24.443972	0.000797
774.000000	34.973948	-35.901652	0.002484
775.000000	56.987726	-85.715976	0.001492
776.000000	28.821177	62.826525	0.001269
777.000000	20.411911	33.041705	0.013922
778.000000	-82.147909	47.418128	0.002098
779.000000	-47.411016	68.862533	0.002392
780.000000	-67.882379	-24.063798	0.004005
781.000000	-88.427159	87.550287	0.002024
782.000000	-76.769767	24.768331	0.004270
783.000000	-58.149682	-74.126194	0.002924
784.000000	-89.106755	10.159967	0.001320
785.000000	-57.374245	-58.683916	0.008577
786.000000	-37.935938	76.685652	0.011535
787.000000	54.541219	17.354278	0.011988
788.000000	45.821538	-52.740793	0.003255
789.000000	-70.471317	-77.260318	0.000494
790.000000	86.705509	-37.408897	0.002097
791.000000	-78.539769	-33.969581	0.003513
792.000000	-44.347432	-76.725719	0.001080
793.000000	-64.401993	-25.822954	0.030017
794.000000	67.635842	77.029918	0.004439
795.000000	45.004687	-13.944423	0.004657
796.000000	-69.589869	72.453444	0.001806
797.000000	81.900899	74.379159	0.002568
798.000000	-58.281309	75.309631	0.008001
799.000000	-80.310721	13.319660	0.009476
800.000000	-59.129734	79.118001	0.009985
801.000000	-62.318260	68.508286	0.009708
802.000000	66.675156	87.315518	0.002350
803.000000	-53.822954	72.635859	0.004739
804.000000	65.911336	-10.385252	0.002778
805.000000	-71.513683	57.942621	0.003246
806.000000	38.673448	-71.476972	0.001210
807.000000	12.016435	-43.738476	0.015898
808.000000	-31.735713	72.865583	0.008943
809.000000	38.025696	3.747756	0.002795
810.000000	-72.332345	-32.871854	0.002100
811.000000	-46.542658	69.522823	0.001193
812.000000	52.342701	59.329346	0.004311
813.000000	33.010161	-67.561663	0.004707
814.000000	-79.509000	-9.609156	0.002845
815.000000	-64.371712	57.807287	0.004339
816.000000	-79.662090	-6.702552	0.001812
817.000000	-67.323715	58.618534	0.008959
818.000000	-5.235904	-57.101481	0.006323
819.000000	-47.174173	-63.738529	0.001409
820.000000	80.588936	11.781915	0.002421
821.000000	61.819997	63.509053	0.005377
822.000000	-38.759310	-0.268008	0.005673
823.000000	67.217638	-72.905014	0.001868
824.000000	-87.036515	76.848555	0.002164
825.000000	-83.697021	36.377903	0.011091
826.000000	71.103865	-6.838455	0.015076
827.000000	-67.723463	57.042589	0.005851
828.000000	-80.179970	54.317077	0.003607
829.000000	59.759992	-73.470056	0.004726
830.000000	-61.942209	-23.044074	0.009473
831.000000	85.815347	-85.452046	0.006831
832.000000	58.661091	23.777318	0.011288
833.000000	78.110014	-5.024370	0.118093
834.000000	-71.608658	65.457342	0.005375
835.000000	-64.347399	-28.182342	0.004514
836.000000	-41.362062	-79.670488	0.004892
837.000000	-14.527672	-53.424595	0.005872
838.000000	49.412232	0.006389	0.001913
839.000000	60.491000	-10.735648	0.003662
840.000000	-20.997253	-23.134384	0.006224
841.000000	88.598318	52.218946	0.002716
842.000000	54.357681	-10.305843	0.008123
843.000000	85.747756	-72.267211	0.001139
844.000000	71.003133	3.162159	0.012544
845.000000	80.818235	-43.329494	0.001877
846.000000	-72.679732	-48.231130	0.004737
847.000000	62.761187	18.114664	0.006534
848.000000	-58.846170	2.900107	0.001905
849.000000	70.285837	53.016850	0.001534
850.000000	-70.782362	-86.599646	0.010270
851.000000	-53.021017	31.044966	0.003206
852.000000	-36.888698	-78.371435	0.025259
853.000000	-80.705820	-13.903856	0.001720
854.000000	37.163027	-72.696941	0.008703
855.000000	-60.722653	53.864493	0.003025
856.000000	-88.162007	9.326014	0.003401
857.000000	-58.371939	-2.634197	0.001220
858.000000	-77.600326	-11.996592	0.001355
859.000000	-78.841592	82.835155	0.011591
860.000000	86.688468	29.511044	0.001773
861.000000	-81.262097	-64.518064	0.000320
862.000000	68.845564	27.662076	0.002304
863.000000	66.407228	84.160434	0.006107
864.000000	-55.389605	-18.360088	0.008461
865.000000	-78.542586	87.939265	0.003510
866.000000	36.531107	-0.637201	0.003140
867.000000	-56.525593	-71.271572	0.005775
868.000000	-31.697021	70.633429	0.001260
869.000000	-86.427120	17.237516	0.001396
870.000000	-86.240061	-86.131129	0.001226
871.000000	-87.169529	-57.120122	0.001156
872.000000	-36.925065	-51.334139	0.001823
873.000000	36.177645	32.758863	0.005165
874.000000	-86.688015	-28.927828	0.008263
875.000000	77.185577	-44.675690	0.002655
876.000000	-57.981824	76.008843	0.002997
877.000000	-44.288490	1.340469	0.004606
878.000000	-50.545277	14.640842	0.003357
879.000000	-73.001550	55.838160	0.026045
880.000000	-88.873234	-29.632758	0.001602
881.000000	64.530986	-10.516107	0.003639
882.000000	-46.006385	41.928681	0.004294
883.000000	-85.882379	62.097884	0.001689
884.000000	-59.994148	53.698607	0.021130
885.000000	-46.302681	69.259177	0.002579
886.000000	53.943755	61.630062	0.002260
887.000000	48.500280	-34.006996	0.002136
888.000000	58.161779	-55.780967	0.002220
889.000000	54.573612	58.341836	0.009435
890.000000	68.986234	31.493227	0.008699
891.000000	85.449809	71.457342	0.001633
892.000000	-67.034894	-37.389556	0.002109
893.000000	-66.084014	-28.353158	0.003553
894.000000	74.949916	80.772846	0.000847
895.000000	-26.112542	-80.096544	0.001486
896.000000	28.446789	-1.415175	0.000840
897.000000	-87.548567	-85.591085	0.001680
898.000000	34.460713	23.263807	0.004810
899.000000	-89.689521	68.168797	0.001111
900.000000	-67.894562	81.190449	0.003754
901.000000	-39.058172	-65.795031	0.003727
902.000000	75.331562	50.419552	0.001613
903.000000	87.138830	72.538627	0.000280
904.000000	46.115881	-71.585219	0.007087
905.000000	-69.062337	72.018635	0.003597
906.000000	49.249071	8.877592	0.004137
907.000000	-63.735713	57.105818	0.006054
908.000000	67.570822	2.957561	0.001458
909.000000	-83.939218	50.730316	0.006486
910.000000	-82.890394	59.620735	0.002651
911.000000	-79.423619	10.688116	0.003698
912.000000	68.700826	77.810017	0.004100
913.000000	-77.467114	77.274549	0.002807
914.000000	80.805599	-67.107160	0.000476
915.000000	61.677090	-71.682923	0.006752
916.000000	87.067184	29.724297	0.001740
917.000000	-44.465314	-87.264191	0.001910
918.000000	-37.508879	79.622481	0.012586
919.000000	-61.954392	-11.094470	0.011513
920.000000	-85.560750	-63.027100	0.003220
921.000000	-90.923252	-39.062249	0.002549
922.000000	-69.469068	3.581066	0.090365
923.000000	75.477291	-80.234918	0.015550
924.000000	60.978713	-72.060231	0.003602
925.000000	-86.668364	83.767532	0.001263
926.000000	80.268971	-78.972919	0.007562
927.000000	82.125068	-77.265034	0.047494
928.000000	-44.301100	-73.677164	0.002726
929.000000	47.685447	-9.701785	0.001702
930.000000	77.037398	88.197522	0.001315
931.000000	-78.902511	-59.028961	0.002032
932.000000	-47.031865	56.052781	0.009311
933.000000	88.733225	-28.563135	0.001311
934.000000	-84.285993	42.033410	0.003198
935.000000	49.936235	66.778161	0.004775
936.000000	53.359655	38.795825	0.003550
937.000000	77.588707	16.685739	0.040743
938.000000	87.254527	-87.770683	0.001215
939.000000	72.733258	33.906359	0.002398
940.000000	51.915992	54.639203	0.057637
941.000000	-81.401682	-59.442678	0.001258
942.000000	87.299868	-30.646834	0.002426
943.000000	-82.266082	40.252084	0.003779
944.000000	-55.630029	-40.727282	0.004918
945.000000	-79.319032	-24.145984	0.034191
946.000000	64.761193	44.448761	0.012674
947.000000	81.180927	-65.722756	0.009569
948.000000	58.636333	-37.476798	0.007806
949.000000	-76.532919	-70.496456	0.001289
950.000000	81.761069	-48.024111	0.015572
951.000000	60.736188	60.954967	0.002315
952.000000	60.710159	-80.682526	0.002417
953.000000	-85.131196	88.601227	0.000842
954.000000	28.563168	11.208878	0.001154
955.000000	-68.409553	-85.418657	0.001321
956.000000	69.645068	-49.044156	0.033406
957.000000	41.077839	-71.524527	0.006116
958.000000	-51.456690	18.746526	0.002581
959.000000	-82.880788	-32.247155	0.002398
960.000000	-64.140441	70.070486	0.003012
961.000000	79.588707	70.224934	0.000994
962.000000	87.635788	85.084334	0.004819
963.000000	-69.539341	85.784467	0.004239
964.000000	78.053108	-19.882379	0.002741
965.000000	-72.267244	-8.792771	0.003990
966.000000	-72.486317	79.557874	0.003109
967.000000	33.474393	-46.367609	0.004341
968.000000	66.258508	-81.272642	0.006180
969.000000	-87.560765	59.639432	0.001755
970.000000	-73.770558	82.703256	0.003585
971.000000	-82.333455	71.661895	0.001146
972.000000	-85.862554	-45.003066	0.004628
973.000000	59.028946	7.891659	0.001574
974.000000	-77.714163	-10.696314	0.334755
975.000000	-57.976044	-71.743354	0.005487
976.000000	70.804170	63.375279	0.002640
977.000000	72.740899	-67.882165	0.000193
978.000000	56.555493	-50.335001	0.002578
979.000000	81.058188	88.394305	0.001829
980.000000	81.894509	68.040997	0.001876
981.000000	83.159982	0.024459	0.001281
982.000000	-88.974374	-59.807847	0.001279
983.000000	-82.348069	-84.599739	0.001123
984.000000	-75.247026	66.203665	0.002351
985.000000	54.194652	43.180103	0.002013
986.000000	-73.461373	47.797534	0.003207
987.000000	64.244643	-34.041277	0.028272
988.000000	65.992321	-59.016676	0.003568
989.000000	-72.174210	46.718030	0.071372
990.000000	50.460899	20.822385	0.001038
991.000000	59.680033	-7.427499	0.001980
992.000000	-23.845741	-47.309724	0.001266
993.000000	62.229463	-22.475693	0.002818
994.000000	-75.471803	-74.046791	0.013707
995.000000	-87.001563	-89.027318	0.002053
996.000000	77.052560	-52.493866	0.002046
997.000000	-61.548615	43.822042	0.005985
998.000000	76.828698	24.421383	0.001791
999.000000	85.038429	-50.280365	0.004845
1000.000000	-71.184756	-31.788554	0.001827
1001.000000	53.800612	41.904036	0.002411
1002.000000	67.050781	65.089177	0.002055
1003.000000	-68.461577	70.354884	0.004613
1004.000000	-73.291162	54.957352	0.012890
1005.000000	-72.164964	65.392607	0.052866
1006.000000	64.386979	51.338217	0.002406
1007.000000	84.382101	85.635030	0.003476
1008.000000	-79.471884	-76.192746	0.001382
1009.000000	36.963485	61.355051	0.007734
1010.000000	45.257469	14.997851	0.001906
1011.000000	79.435073	83.802691	0.001460
1012.000000	67.082996	-43.363842	0.000899
1013.000000	-90.202220	88.986267	0.067248
1014.000000	61.560744	17.804204	0.000991
1015.000000	-70.260982	-89.484792	0.003904
1016.000000	77.467646	12.777163	0.341600
1017.000000	-52.990979	25.542195	0.014736
1018.000000	-57.634538	9.936641	0.010094
1019.000000	-81.942242	54.972900	0.001082
1020.000000	66.748228	-89.167117	0.058570
1021.000000	81.450127	67.687834	0.151629
1022.000000	-82.705112	69.145070	0.016610
1023.000000	-74.093342	-3.902043	0.495538
