Thin Section: 	C:\Ice Data\2017-03-09-Thu\13.13 1379   VTS SPICE

Results: 	C:\Ice Results\2017-03-09-Thu\13.13 1379   VTS SPICE\2017-03-13-Mon, 12.02

Sequence Angles: 
xi	phi inner
0	0
45	0
45	-45
45	-90
45	-135
45	-180
45	-225
45	-270
45	-315

Threshold: 
45.000

Grain #		theta		phi	Rsquared

0.000000	-51.111777	-54.578238	0.005234
1.000000	-40.368062	42.388550	0.003029
2.000000	-81.019788	-89.862429	0.002962
3.000000	-30.785232	2.218288	0.008039
4.000000	-84.646608	-75.129875	0.000870
5.000000	-33.513683	54.989994	0.004054
6.000000	-61.118992	-41.971273	0.005590
7.000000	-60.238931	-80.639087	0.014667
8.000000	89.229628	-79.770596	0.002005
9.000000	-20.525979	-49.583493	0.005671
10.000000	-34.865383	32.265423	0.007596
11.000000	-36.999629	13.584580	0.025425
12.000000	-80.442159	87.069209	0.002304
13.000000	-37.171182	13.644106	0.020392
14.000000	-81.157204	65.537963	0.003489
15.000000	-89.283749	-85.335918	0.004507
16.000000	-30.802045	-25.179174	0.006486
17.000000	-68.936928	-74.869902	0.009874
18.000000	-56.538661	-86.008863	0.025248
19.000000	-81.259188	78.838185	0.004278
20.000000	-48.619060	58.722855	0.135090
21.000000	-52.145038	-46.031671	0.001546
22.000000	-74.022283	78.670365	0.081891
23.000000	-71.299174	-57.710553	0.001000
24.000000	-69.588182	74.520490	0.004790
25.000000	-81.282200	81.654680	0.012614
26.000000	-73.981824	77.242430	0.001311
27.000000	-68.698406	-53.083404	0.004662
28.000000	-45.543878	58.795966	0.002292
29.000000	62.053128	87.975970	0.019375
30.000000	-53.203614	-25.106131	0.016220
31.000000	-48.082392	-40.594388	0.006157
32.000000	-67.511870	-87.618004	0.008773
33.000000	-65.859438	67.500126	0.000961
34.000000	-87.595682	-67.998831	0.000899
35.000000	-53.981824	72.404285	0.001013
36.000000	-46.253481	54.751527	0.003875
37.000000	-64.598167	22.950491	0.005216
38.000000	-80.362418	80.618162	0.002439
39.000000	-82.925065	-77.412304	0.003455
40.000000	-24.024063	-50.354884	0.016080
41.000000	-53.896182	63.277401	0.007584
42.000000	-41.704542	-37.775819	0.003412
43.000000	-77.793378	67.896075	0.001973
44.000000	-53.409329	64.033467	0.002641
45.000000	-56.359529	-63.071167	0.016435
46.000000	-53.221800	52.893365	0.003057
47.000000	-70.036387	57.059929	0.003360
48.000000	88.028600	78.356658	0.012816
49.000000	-64.135812	62.354879	0.002091
50.000000	-76.599914	-84.739519	0.004670
51.000000	-65.778144	81.392941	0.001016
52.000000	-73.461373	64.793428	0.001907
53.000000	-46.971761	13.673829	0.014752
54.000000	-32.082392	10.801069	0.017796
55.000000	-71.731029	-88.787553	0.002856
56.000000	81.400140	83.882634	0.004493
57.000000	-79.981824	73.963633	0.002265
58.000000	-24.278439	16.256841	0.005785
59.000000	-49.343751	-6.847749	0.007962
60.000000	-57.753850	65.318422	0.002615
61.000000	-33.674273	21.918059	0.011136
62.000000	-68.093308	66.886315	0.001203
63.000000	-81.196993	61.163091	0.003020
64.000000	-50.739660	47.252169	0.002830
65.000000	-72.288863	-89.131547	0.011120
66.000000	-33.879436	1.592778	0.044366
67.000000	-72.411892	-63.723355	0.001879
68.000000	-52.949279	-38.478704	0.006036
69.000000	-37.173361	-53.324970	0.003732
70.000000	-60.970209	64.354864	0.025338
71.000000	-43.526007	45.061660	0.004025
72.000000	-55.251826	59.376799	0.002836
73.000000	-38.950505	65.054686	0.002740
74.000000	-71.325344	63.283410	0.025797
75.000000	-55.469014	39.403065	0.001644
76.000000	-32.169560	54.110527	0.003509
77.000000	81.770591	-86.019346	0.002446
78.000000	-68.636377	65.824978	0.017501
79.000000	-62.735010	-73.082601	0.005226
80.000000	-70.043920	79.289545	0.006644
81.000000	-66.285510	55.286680	0.001515
82.000000	-53.206605	35.061081	0.002294
83.000000	-75.439775	-66.851896	0.085318
84.000000	-57.344722	-68.382349	0.011523
85.000000	-82.310727	-77.189373	0.001650
86.000000	80.511229	-88.671088	0.000585
87.000000	-72.281348	80.650594	0.002126
88.000000	-38.140441	65.133136	0.005534
89.000000	-41.178823	25.874879	0.005981
90.000000	-41.411097	44.321959	0.026046
91.000000	-66.084014	47.389644	0.010808
92.000000	-80.542658	70.146725	0.002081
93.000000	-41.802672	-70.745101	0.247261
94.000000	-38.134146	8.217259	0.014425
95.000000	-68.187523	58.327468	0.003717
96.000000	-42.234020	15.412558	0.006074
97.000000	-87.994148	-81.889932	0.001141
98.000000	-49.560678	-55.529264	0.001976
99.000000	-72.690992	-90.033457	0.003973
100.000000	-74.240008	-78.757570	0.003092
101.000000	-54.113045	-56.545229	0.005550
102.000000	-34.844424	-19.445608	0.162128
103.000000	-40.404638	-54.213489	0.004316
104.000000	-39.245118	-58.861257	0.005147
105.000000	-40.874122	-49.397050	0.001438
106.000000	-56.399955	-64.543238	0.004713
107.000000	-81.825265	-68.483480	0.007017
108.000000	-41.313131	-50.837290	0.021840
109.000000	-61.957296	-70.247594	0.005415
110.000000	-83.838188	-78.068448	0.001087
111.000000	-76.271894	-81.280229	0.013538
112.000000	-41.444507	70.460946	0.002955
113.000000	-40.396240	-27.234627	0.002506
114.000000	-18.785232	-11.368822	0.009323
115.000000	-41.830595	-35.052896	0.004069
116.000000	-67.882379	-89.056431	0.019815
117.000000	-48.214317	27.693459	0.002234
118.000000	-44.202220	72.628339	0.001062
119.000000	-56.595303	43.646842	0.002457
120.000000	-82.212576	-82.096230	0.001276
121.000000	-40.809545	18.152766	0.003553
122.000000	82.475713	-73.437995	0.001511
123.000000	-36.732406	57.669488	0.003249
124.000000	-57.971400	69.286588	0.012113
125.000000	-72.043887	-61.563621	0.001867
126.000000	-72.929628	-61.041198	0.001778
127.000000	-71.899212	-73.531787	0.004024
128.000000	-58.698319	67.166175	0.007536
129.000000	-47.560711	-39.726152	0.004995
130.000000	-53.037688	-33.560744	0.003252
131.000000	70.057791	63.469385	0.011528
132.000000	-39.059320	2.329672	0.003762
133.000000	-67.317291	81.385047	0.003348
134.000000	-41.151425	63.325083	0.003579
135.000000	-62.823219	-61.465520	0.004205
136.000000	81.052462	-83.528917	0.003898
137.000000	-38.090438	-15.884007	0.001217
138.000000	-33.126513	-13.585326	0.005909
139.000000	-59.583532	-63.362101	0.026214
140.000000	-12.301067	30.052107	0.024086
141.000000	-84.500294	-88.744116	0.001817
142.000000	-38.359582	-71.038294	0.005357
143.000000	-35.336371	-3.968751	0.001738
144.000000	-75.053489	67.712060	0.001144
145.000000	-75.403456	67.481888	0.002741
146.000000	-76.244691	76.662778	0.005917
147.000000	-24.865886	9.816909	0.002658
148.000000	-40.383606	-32.745369	0.003652
149.000000	85.397197	74.605871	0.005842
150.000000	-47.531607	34.853259	0.003136
151.000000	-65.241717	-84.693828	0.009008
152.000000	-36.478566	-44.945884	0.003623
153.000000	-48.620354	75.700959	0.013999
154.000000	83.405700	79.479124	0.041301
155.000000	-89.810191	85.708228	0.001484
156.000000	-33.137287	8.118284	0.009672
157.000000	-50.905348	1.844770	0.002411
158.000000	-41.099393	38.214728	0.001323
159.000000	-39.704575	54.092234	0.002576
160.000000	-29.337169	44.268932	0.004487
161.000000	-52.710550	57.936468	0.004512
162.000000	-42.418628	55.617690	0.002241
163.000000	-47.042400	-33.106018	0.007866
164.000000	-43.746296	20.468180	0.003642
165.000000	-75.265001	-84.167873	0.004175
166.000000	-90.071319	-68.871547	0.002875
167.000000	-33.343472	11.607415	0.007629
168.000000	-62.076002	-71.966750	0.012243
169.000000	89.375859	82.145183	0.001991
170.000000	-54.224813	45.442321	0.002352
171.000000	-75.316128	89.745257	0.002927
172.000000	85.400053	80.329686	0.002955
173.000000	-40.685719	15.147296	0.007590
174.000000	-36.574135	1.754770	0.003372
175.000000	-90.016476	87.542560	0.040013
176.000000	-72.924946	-83.891619	0.032045
177.000000	-35.961946	15.728072	0.008713
178.000000	-78.296455	60.945348	0.003275
179.000000	-33.899173	-56.800286	0.009740
180.000000	-67.793431	-84.184653	0.176876
181.000000	-42.478411	-51.883468	0.001581
182.000000	-52.072556	66.510558	0.002867
183.000000	-42.137499	36.918289	0.002696
184.000000	-63.183506	60.426612	0.003671
185.000000	-56.011826	-66.131162	0.031955
186.000000	-83.149684	-85.620841	0.008187
187.000000	-45.299174	44.137710	0.007662
188.000000	-37.654356	-3.488484	0.003315
189.000000	-40.655834	21.738689	0.003765
190.000000	-53.613216	-39.343910	0.004336
191.000000	-39.835278	59.000003	0.006409
192.000000	-64.556582	54.844411	0.007071
193.000000	-48.341586	19.443999	0.016380
194.000000	-58.861242	-65.421593	0.013727
195.000000	-29.044156	49.804018	0.006557
196.000000	-74.722599	-80.617485	0.005129
197.000000	87.312746	69.573899	0.003742
198.000000	-49.086878	-50.150230	0.004527
199.000000	-61.294491	52.300495	0.009433
200.000000	-72.912882	67.215491	0.004420
201.000000	-41.488771	31.590560	0.004163
202.000000	-24.615812	15.223585	0.054656
203.000000	77.968296	-87.069929	0.002156
204.000000	-82.016476	-67.588215	0.001558
205.000000	-36.996900	-28.980260	0.112868
206.000000	-79.672586	84.742640	0.006571
207.000000	-52.609140	42.503150	0.007735
208.000000	84.065803	-86.574372	0.022653
209.000000	-66.322871	74.993908	0.008668
210.000000	-87.286653	-75.983061	0.000501
211.000000	-74.627029	-17.229392	0.000864
212.000000	-72.019380	66.154259	0.003647
213.000000	-75.019546	83.091697	0.002330
214.000000	-76.379407	-71.349825	0.001293
215.000000	-11.392873	31.607116	0.012387
216.000000	-58.707566	-68.515221	0.103644
217.000000	-75.793378	56.117655	0.003763
218.000000	-74.399090	-58.408896	0.003928
219.000000	-64.128205	-58.666697	0.012140
220.000000	-75.086898	69.468076	0.159992
221.000000	-47.836758	-26.838469	0.013643
222.000000	-37.429158	57.899159	0.022830
223.000000	-56.920349	6.713150	0.015414
224.000000	-75.610399	40.117607	0.005488
225.000000	-89.154262	-82.054026	0.000717
226.000000	-65.921960	80.015273	0.007787
227.000000	-84.671268	-79.326585	0.000661
228.000000	69.311912	-86.797415	0.001287
229.000000	-68.281348	-68.022283	0.006146
230.000000	-38.244202	56.749915	0.003392
231.000000	-85.238807	76.217152	0.001840
232.000000	-62.909166	87.230391	0.023145
233.000000	-34.403773	-25.590501	0.001708
234.000000	-71.467153	-84.111533	0.011072
235.000000	-35.179174	56.656839	0.007150
236.000000	-58.364212	-69.283946	0.011330
237.000000	-90.220183	-60.849059	0.000327
238.000000	-60.431770	-70.434620	0.026976
239.000000	-45.664960	-14.737923	0.006922
240.000000	88.613464	86.915023	0.018565
241.000000	-44.372436	54.574587	0.003370
242.000000	-58.547236	-85.198931	0.020053
243.000000	-62.232280	52.383808	0.011593
244.000000	-52.944682	-61.761955	1.036222
245.000000	-49.234540	-13.779817	0.001424
246.000000	-46.789915	28.514636	0.002311
247.000000	-55.054676	-56.718814	0.013824
248.000000	-70.128258	-62.409519	0.003367
249.000000	-37.770590	55.856973	0.004271
250.000000	-77.311532	87.263642	0.005875
251.000000	-77.430442	48.286290	0.002527
252.000000	-46.651238	1.013549	0.003474
253.000000	-68.342749	77.361173	0.152970
254.000000	-55.047025	53.204087	0.002154
255.000000	-58.003481	42.451433	0.036893
256.000000	-35.649766	-5.131601	0.001986
257.000000	-77.195830	67.795137	0.006876
258.000000	-66.631554	54.450091	0.005446
259.000000	-44.238931	26.091020	0.001973
260.000000	-40.624141	64.110281	0.004028
261.000000	-33.166619	-23.653567	0.010838
262.000000	-55.137408	77.579589	0.005587
263.000000	-48.592393	1.407989	0.004372
264.000000	-40.713541	86.455305	0.002161
265.000000	-32.554909	33.303393	0.008551
266.000000	-72.391643	85.161780	0.002023
267.000000	-66.322871	77.741905	0.010397
268.000000	-79.449190	74.882821	0.012739
269.000000	-52.711542	-11.234627	0.008544
270.000000	-58.631554	56.934759	0.003816
271.000000	-79.231166	-75.784122	0.001750
272.000000	-37.870021	23.294195	0.003373
273.000000	-59.998831	80.137446	0.007823
274.000000	-83.687606	-65.800964	0.001883
275.000000	-75.889986	-86.370199	0.003768
276.000000	-39.504370	38.664600	0.007333
277.000000	-50.989133	60.008077	0.003746
278.000000	-56.011596	58.718025	0.061760
279.000000	-37.574668	39.635954	0.004079
280.000000	-43.961946	-29.384708	0.003449
281.000000	-65.215938	54.596577	0.007691
282.000000	-77.496364	67.891599	0.002761
283.000000	-78.163223	-88.414922	0.018741
284.000000	-59.231166	55.559885	0.005225
285.000000	-44.196009	25.580486	0.194079
286.000000	-87.623659	81.861285	0.003609
287.000000	-85.986507	82.085540	0.002281
288.000000	-37.961946	23.928681	0.007744
289.000000	-83.810191	72.302940	0.002888
290.000000	-61.954426	-66.031704	0.007547
291.000000	-34.653843	42.529903	0.008302
292.000000	-43.727966	-51.744354	0.002613
293.000000	-45.802651	33.822394	0.003091
294.000000	-87.302117	-89.889932	0.001615
295.000000	-57.938847	-72.240061	0.010235
296.000000	-44.624141	-64.767883	0.002061
297.000000	-64.891491	-57.435092	0.006706
298.000000	-49.361888	36.127340	0.002475
299.000000	-43.302165	-60.209493	0.007597
300.000000	-63.259188	-60.093288	0.005096
301.000000	-44.056245	-42.757603	0.004163
302.000000	72.836251	-58.246237	0.001259
303.000000	-31.134558	51.484845	0.005709
304.000000	-43.887029	-68.554841	0.003242
305.000000	-64.920349	81.752985	0.012135
306.000000	-63.031904	-68.681644	0.005207
307.000000	-57.228263	-79.783692	0.043462
308.000000	-41.842725	37.316983	0.003691
309.000000	-49.294524	-49.124313	0.003968
310.000000	-57.406332	-68.370199	0.004159
311.000000	-45.632986	-62.007137	0.003753
312.000000	-78.345652	83.166154	0.003568
313.000000	-47.174173	-61.217335	0.002699
314.000000	-41.446227	39.325004	0.004662
315.000000	-51.326552	-50.669477	0.001194
316.000000	-70.846170	-74.685995	0.003698
317.000000	-79.778183	-61.435058	0.022867
318.000000	-66.605706	-82.923204	0.013296
319.000000	-70.212597	-70.968415	0.005236
320.000000	-64.965511	73.313726	0.027468
321.000000	-75.617932	75.793615	0.004934
322.000000	-54.885838	-41.864541	0.002885
323.000000	-55.469068	72.422422	0.005228
324.000000	-61.571402	-32.208000	0.003369
325.000000	-32.912563	-1.097253	0.077715
326.000000	-68.619562	79.219379	0.003140
327.000000	-47.966750	64.100788	0.004560
328.000000	-79.082248	83.171007	0.001573
329.000000	-40.186394	15.657446	0.005766
330.000000	-39.729250	-8.546175	0.006263
331.000000	-68.374810	-75.776218	0.008876
332.000000	-76.140441	83.081425	0.009430
333.000000	-77.516553	78.078079	0.001022
334.000000	-65.986507	71.516520	0.004210
335.000000	-47.755590	-19.838128	0.003731
336.000000	-81.496783	-66.436205	0.003594
337.000000	-45.951450	-37.045814	0.009113
338.000000	-55.914440	72.078007	0.010670
339.000000	-88.120758	74.243280	0.002350
340.000000	-88.330425	-90.197396	0.063374
341.000000	87.847181	-67.707484	0.029832
342.000000	81.229822	-75.294524	0.001954
343.000000	-50.605852	60.166511	0.004630
344.000000	-55.053246	61.426991	0.007261
345.000000	-84.949312	89.841778	0.003399
346.000000	-72.103751	-81.857924	0.006214
347.000000	-33.101985	-25.847674	0.005164
348.000000	-83.882432	89.445159	0.004878
349.000000	-53.132191	57.165368	0.020742
350.000000	86.898048	-81.973844	0.001352
351.000000	-53.623659	70.773511	0.009076
352.000000	-27.106809	-23.949511	0.005673
353.000000	-71.684697	71.294201	0.001792
354.000000	-48.789954	7.980680	0.003180
355.000000	-38.057865	10.197522	0.005052
356.000000	-64.663722	-32.705853	0.004282
357.000000	-89.954392	85.975937	0.002125
358.000000	-46.957972	-0.954887	0.003154
359.000000	-58.167873	-67.297433	0.011054
360.000000	-69.731068	-83.065246	0.010331
361.000000	-27.336039	-20.227418	0.006496
362.000000	-52.226553	41.170804	0.004440
363.000000	71.070372	-69.395749	0.080491
364.000000	60.693185	87.202692	0.050747
365.000000	-62.207947	56.887432	0.004687
366.000000	-68.732160	72.268917	0.005049
367.000000	-63.994148	83.091697	0.006823
368.000000	-57.371342	-59.848152	0.018839
369.000000	-89.444473	-78.118519	0.019464
370.000000	81.430257	-72.942975	0.011338
371.000000	-84.989666	-89.276075	0.002056
372.000000	-53.085152	54.132888	0.004873
373.000000	-79.235904	75.585117	0.001661
374.000000	70.090364	-88.123542	0.016240
375.000000	-65.376025	72.805719	0.011749
376.000000	-24.194687	19.894509	0.003477
377.000000	-38.932532	-16.882598	0.001844
378.000000	-77.012274	-87.314348	0.004753
379.000000	-84.169614	88.946511	0.002545
380.000000	-35.274383	-29.205934	0.006801
381.000000	-69.211288	73.509439	0.001406
382.000000	-37.079357	-35.846731	0.002629
383.000000	-77.338909	82.446842	0.003199
384.000000	84.332097	85.224782	0.006697
385.000000	-51.545424	-66.519658	0.014798
386.000000	88.490961	-73.842871	0.000337
387.000000	-60.006385	39.385014	0.024507
388.000000	-55.511870	58.575830	0.005001
389.000000	-42.276539	13.232023	0.004614
390.000000	85.262134	-87.016676	0.001999
391.000000	-24.238931	56.611352	0.000997
392.000000	81.989469	-74.462037	0.000674
393.000000	-58.774055	59.778097	0.011033
394.000000	-56.967197	81.316117	0.001551
395.000000	71.640418	-87.391591	0.005546
396.000000	-23.602106	19.648907	0.004389
397.000000	-41.548615	-1.931958	0.002874
398.000000	-44.207994	32.314264	0.002451
399.000000	-56.530582	45.155505	0.006327
400.000000	-46.363330	-33.912221	0.008233
401.000000	-49.931288	-37.931626	0.004205
402.000000	-30.342749	-17.316819	0.005330
403.000000	-53.986507	-8.012329	0.004819
404.000000	64.246150	-21.753850	0.008583
405.000000	-63.998831	-78.362418	0.007989
406.000000	-53.254451	-27.361271	0.027741
407.000000	63.274491	-12.457407	0.008973
408.000000	-40.051441	43.764589	0.005928
409.000000	-29.946872	-19.773553	0.006606
410.000000	-29.265001	51.175201	0.006679
411.000000	61.148157	-34.899044	0.014544
412.000000	-67.358705	-24.844376	0.002500
413.000000	-56.598217	-52.487790	0.003447
414.000000	-68.031704	63.119227	0.004496
415.000000	-49.126513	70.374709	0.002085
416.000000	-58.312467	-59.488771	0.017163
417.000000	-67.571402	68.050204	0.003533
418.000000	-72.406682	87.406510	0.001354
419.000000	-45.126884	53.623658	0.041905
420.000000	-56.436400	46.803729	0.006466
421.000000	-49.436845	-33.641834	0.010144
422.000000	-56.093327	40.818268	0.018643
423.000000	-54.156699	-57.882199	0.001761
424.000000	86.226500	66.557355	0.013643
425.000000	-84.935441	77.817160	0.001903
426.000000	-44.708686	58.520182	0.002752
427.000000	89.373042	-88.663681	0.001466
428.000000	-84.841977	-74.399689	0.002465
429.000000	-36.324651	-28.713125	0.004653
430.000000	87.735626	-87.181765	0.001471
431.000000	-55.814802	85.492656	0.001538
432.000000	-60.244705	51.003241	0.012800
433.000000	-47.158945	-14.132849	0.003328
434.000000	-25.121863	30.618348	0.003967
435.000000	-78.488058	78.751102	0.002151
436.000000	-42.774306	-52.586149	0.002996
437.000000	-45.981824	61.630062	0.006400
438.000000	-30.794479	41.877521	0.005569
439.000000	-37.528128	60.562174	0.109477
440.000000	-31.211288	21.962675	0.007815
441.000000	-56.817065	-39.714699	0.002609
442.000000	-62.411293	-65.129875	0.047317
443.000000	-70.782328	-88.676982	0.009144
444.000000	-76.910044	67.345578	0.012035
445.000000	-52.431770	46.588706	0.004829
446.000000	-61.850371	-66.791045	0.005257
447.000000	-53.642179	73.158675	0.002259
448.000000	-50.962205	39.907452	0.019302
449.000000	-68.232280	-84.879080	0.012905
450.000000	79.482135	83.524921	1.071288
451.000000	-46.555581	-11.228595	0.003743
452.000000	85.851831	86.911939	0.003187
453.000000	-48.425493	-39.078700	0.002692
454.000000	83.859612	-88.634563	0.001467
455.000000	-44.400869	-48.969327	0.004163
456.000000	-62.439256	-72.474274	0.013136
457.000000	-52.900698	-89.060539	0.006610
458.000000	-48.431770	-62.202292	0.003727
459.000000	-41.553244	-27.889614	0.002446
460.000000	72.229356	77.794996	0.016668
461.000000	87.992638	-84.973024	0.011755
462.000000	-59.435092	-37.586489	0.002253
463.000000	-82.079364	75.148104	0.002721
464.000000	-44.116108	44.008843	0.003352
465.000000	-59.946872	-57.214164	0.008514
466.000000	-76.293513	-87.511870	0.015558
467.000000	-48.577276	-0.108575	0.001296
468.000000	-57.608638	-63.810211	0.038771
469.000000	-85.249134	86.781152	0.001762
470.000000	-66.737919	-70.063765	0.038497
471.000000	-50.578567	30.800616	0.020359
472.000000	-75.899212	-85.467186	0.009627
473.000000	-56.085755	55.225265	0.003656
474.000000	-73.632899	72.095279	0.011102
475.000000	84.825860	84.364144	0.005274
476.000000	-29.354475	-37.274787	0.005668
477.000000	-38.478546	-43.565489	0.011916
478.000000	-30.122499	-55.270888	0.022572
479.000000	-63.592772	-52.050311	0.007123
480.000000	-80.195796	-74.493698	0.001791
481.000000	-50.368808	71.370279	0.002810
482.000000	84.897982	76.506074	0.006853
483.000000	-49.998831	24.885652	0.003482
484.000000	-57.183506	-47.452731	0.136321
485.000000	80.805949	89.865425	0.002552
486.000000	-53.785839	-52.716030	0.001836
487.000000	75.034441	78.167820	0.007331
488.000000	-64.663755	-69.111132	0.006685
489.000000	-43.743174	58.379889	0.007122
490.000000	-57.981824	14.149629	0.017656
491.000000	-65.919090	84.778161	0.005064
492.000000	-85.279066	85.348849	0.003249
493.000000	-81.717189	-86.116075	0.008177
494.000000	-31.799748	-56.287919	0.016805
495.000000	-44.455863	33.681048	0.003940
496.000000	-47.799748	47.814821	0.008930
497.000000	-81.435092	81.184675	0.027003
498.000000	-48.865655	-53.752400	0.013270
499.000000	-75.981824	78.822918	0.002488
500.000000	88.668644	-76.294217	0.001228
501.000000	-86.031704	-89.201643	0.003577
502.000000	-54.924591	-37.306674	0.004095
503.000000	-59.595715	-53.177049	0.003090
504.000000	-52.384057	-83.953736	0.015924
505.000000	-54.984171	63.439703	0.006038
506.000000	-66.459181	68.963485	0.004837
507.000000	-60.302681	78.702600	0.002054
508.000000	-51.782968	-50.279109	0.002920
509.000000	-57.805614	-64.039237	0.006063
510.000000	-64.458953	-47.077424	0.005654
511.000000	-51.412756	53.854947	0.093735
512.000000	-72.149649	-76.607393	0.004296
513.000000	-32.197537	-26.402559	0.007734
514.000000	-25.635842	-19.174212	0.004377
515.000000	-88.619562	73.799554	0.002979
516.000000	-27.604976	17.029912	0.010311
517.000000	-86.655888	88.611772	0.000926
518.000000	-42.492688	29.735944	0.006666
519.000000	-62.550140	-85.625205	0.024670
520.000000	-41.723529	49.879475	0.003111
521.000000	-32.320001	18.604703	0.179778
522.000000	-63.954392	69.350483	0.003103
523.000000	-54.301105	67.896282	0.013033
524.000000	-73.684697	78.712053	0.003652
525.000000	-69.533561	-81.099926	0.006711
526.000000	-29.775241	-20.880568	0.143906
527.000000	-63.959076	-78.071319	0.006630
528.000000	-27.571402	26.428652	0.011940
529.000000	-73.981824	-83.704614	0.005856
530.000000	-51.652864	73.669682	0.021131
531.000000	86.678098	-87.969161	0.002768
532.000000	-53.516520	-82.575085	0.004015
533.000000	-56.043920	56.887552	0.002721
534.000000	-37.107088	-52.632982	0.004888
535.000000	-29.657493	-12.631520	0.012347
536.000000	-50.336975	50.191854	0.005096
537.000000	-58.140441	73.382111	0.006979
538.000000	-39.104987	-35.193471	0.002302
539.000000	-34.207994	10.290628	0.009820
540.000000	-60.636377	60.354690	0.009860
541.000000	-58.179970	72.590643	0.002007
542.000000	-67.862501	87.101075	0.004340
543.000000	-83.069924	83.945808	0.005463
544.000000	-36.496469	40.008655	0.255391
545.000000	-44.169614	65.726365	0.002467
546.000000	73.603727	-79.134558	0.001566
547.000000	-61.435092	63.622281	0.005785
548.000000	-50.764838	35.756924	0.009121
549.000000	-38.339878	20.958835	0.006728
550.000000	-51.889986	-43.897432	0.002509
551.000000	-60.908199	-81.742985	0.011669
552.000000	-55.986507	18.114698	0.002949
553.000000	-89.283749	84.687295	0.005211
554.000000	-36.747214	26.297451	0.008791
555.000000	-57.501500	-72.866905	0.012993
556.000000	-68.164916	56.371712	0.042725
557.000000	-61.045848	-72.810430	0.012525
558.000000	-54.138742	-76.452318	0.004933
559.000000	-55.669502	-11.825013	0.006087
560.000000	-50.082392	51.584527	0.001454
561.000000	-69.807281	-78.785125	0.005831
562.000000	-60.129999	-39.199018	0.006974
563.000000	-35.753817	-20.678741	0.026653
564.000000	-79.334226	76.675594	0.001948
565.000000	-56.031704	44.001169	0.002885
566.000000	-28.010531	5.370014	0.010858
567.000000	-53.511909	-44.410151	0.015953
568.000000	-74.200446	-81.137467	0.005760
569.000000	80.702567	-64.871460	0.002371
570.000000	-80.172503	74.930071	0.011566
571.000000	-55.299187	-11.034561	0.006042
572.000000	-63.904986	-40.464994	0.007461
573.000000	-57.954392	-69.738622	0.015409
574.000000	-39.158945	-19.489122	0.002638
575.000000	-59.850371	-44.713412	0.068230
576.000000	-65.456569	71.464069	0.006893
577.000000	-48.260603	13.740367	0.001592
578.000000	-58.813901	-43.949684	0.831966
579.000000	-54.209741	-84.560231	0.002918
580.000000	-62.281309	-75.408106	0.013821
581.000000	-84.157377	-88.205004	0.003904
582.000000	-24.759344	16.794868	0.006292
583.000000	-68.505947	-60.676895	0.004495
584.000000	-46.747999	55.621390	0.003995
585.000000	-76.593523	-61.094470	0.000818
586.000000	-48.251659	61.019347	0.004925
587.000000	80.628658	88.824551	0.003561
588.000000	-64.266082	-75.303837	0.039233
589.000000	-63.601045	75.647248	0.114810
590.000000	-68.224813	-74.357755	0.052329
591.000000	-85.921960	-58.693762	0.000942
592.000000	81.896249	87.513703	0.002180
593.000000	-30.578567	36.638763	0.014680
594.000000	-80.710503	84.655737	0.003954
595.000000	-83.493454	-81.324493	0.005134
596.000000	-40.565146	68.838146	0.002666
597.000000	-76.937182	-86.384707	0.004181
598.000000	-31.045363	7.576994	0.006768
599.000000	-76.710455	85.115903	0.002345
600.000000	-64.100880	70.847479	0.170711
601.000000	-84.442212	-81.941751	0.002136
602.000000	82.705476	-89.240014	0.000978
603.000000	-30.473916	-40.097879	0.006008
604.000000	-72.732160	-65.662670	0.001996
605.000000	-67.398773	-26.380023	0.000692
606.000000	-45.034495	-31.412337	0.004616
607.000000	88.486350	44.798078	0.002904
608.000000	-47.059461	56.904473	0.003378
609.000000	-55.159066	-47.956607	0.003548
610.000000	-52.456050	-86.242505	0.040663
611.000000	-74.924999	-74.917251	0.001773
612.000000	-90.252244	46.278332	0.004493
613.000000	-78.654094	64.830471	0.003255
614.000000	-52.677161	-50.379724	0.001752
615.000000	-30.180003	-13.059335	0.015719
616.000000	-77.914460	74.765925	0.003424
617.000000	-44.134596	-62.273449	0.003736
618.000000	-52.609046	60.476265	0.012162
619.000000	-45.565622	-43.114660	0.003283
620.000000	-59.324844	-75.309758	0.004862
621.000000	-78.843332	68.179704	0.004267
622.000000	87.546820	-77.730909	0.001295
623.000000	-48.402573	-64.830558	0.008443
624.000000	-89.021428	85.073984	0.003522
625.000000	-33.211288	-19.543911	0.006996
626.000000	-69.159066	85.134061	0.004442
627.000000	-30.038128	51.129810	0.007353
628.000000	-47.251547	0.567818	0.010932
629.000000	-39.726418	-19.949763	0.002629
630.000000	-61.223579	50.410581	0.013242
631.000000	-57.684697	-31.042009	0.001841
632.000000	-18.033445	74.401925	0.018365
633.000000	-51.969620	-54.083555	0.002296
634.000000	-41.735713	26.123555	0.003444
635.000000	-49.424590	64.098275	0.005994
636.000000	-43.049679	63.352677	0.014339
637.000000	-34.288863	24.963485	0.039509
638.000000	-80.960929	-67.622562	0.004365
639.000000	-75.362068	-76.075969	0.006818
640.000000	-17.906727	-23.199492	0.007502
641.000000	-73.215938	-80.476826	0.008549
642.000000	-57.832408	-82.310547	0.001486
643.000000	-51.761370	-44.752920	0.004556
644.000000	79.155576	-82.334968	0.003301
645.000000	-45.017894	59.118426	0.003246
646.000000	-35.790415	52.528565	0.003550
647.000000	-58.902094	0.495911	0.021828
648.000000	-22.690852	15.666081	0.001935
649.000000	-53.493805	55.461359	0.003581
650.000000	-85.938847	-80.851896	0.002522
651.000000	-59.154295	80.209673	0.090140
652.000000	-80.724379	-89.247604	0.002335
653.000000	-74.325780	-82.039237	0.012895
654.000000	-67.048757	-73.619062	0.001915
655.000000	-80.419620	-63.074553	0.001687
656.000000	-49.148800	30.931122	0.003288
657.000000	-45.331235	67.750084	0.002607
658.000000	-47.106755	41.310946	0.003568
659.000000	-43.299174	63.157582	0.002262
660.000000	81.996519	-78.240008	0.002837
661.000000	-19.195830	-67.852464	0.007289
662.000000	-64.884097	81.120553	0.002453
663.000000	-47.398773	2.619325	0.004776
664.000000	-42.900698	66.082358	0.009738
665.000000	-62.324651	64.093132	0.004703
666.000000	-66.772305	58.902360	0.005816
667.000000	-64.730419	-74.131162	0.004374
668.000000	-67.557808	-75.327397	0.010234
669.000000	-45.296183	24.055718	0.002461
670.000000	75.331595	88.164650	0.008390
671.000000	-79.471797	60.908955	0.011519
672.000000	-54.516484	63.047219	0.002940
673.000000	-61.501500	-85.927275	0.076872
674.000000	-55.767513	-58.770840	0.001750
675.000000	-45.323682	-29.171148	0.001623
676.000000	-44.583646	41.959143	0.003888
677.000000	-72.024063	78.078007	0.004517
678.000000	-83.897432	60.319947	0.000807
679.000000	-66.654392	-66.570703	0.005890
680.000000	-71.211255	63.998778	0.003140
681.000000	-57.391220	75.765893	0.003994
682.000000	-71.195830	71.755348	0.002565
683.000000	-68.705858	76.347097	0.002557
684.000000	-38.766525	-38.408050	0.004300
685.000000	-50.755040	18.668690	0.004088
686.000000	-42.356142	56.865143	0.004438
687.000000	-65.697021	66.904221	0.003762
688.000000	-65.929514	47.545658	0.008008
689.000000	-76.071319	-64.581906	0.002290
690.000000	-38.097455	27.919090	0.006347
691.000000	-38.599947	30.396876	0.013304
692.000000	-37.107088	-8.737725	0.008291
693.000000	-66.113166	-51.802619	0.004492
694.000000	-68.850800	-75.966557	0.006895
695.000000	-52.234918	-31.134891	0.005150
696.000000	-30.742125	2.513850	0.010303
697.000000	-58.535191	-64.598153	0.044083
698.000000	-53.131196	-42.888321	0.002154
699.000000	-66.910118	-89.658110	0.007533
700.000000	12.728263	88.350747	0.020065
701.000000	-77.692410	-64.079364	0.000889
702.000000	-38.713189	36.404009	0.135253
703.000000	-64.448583	-61.069924	0.005905
704.000000	-58.979521	53.789981	0.010505
705.000000	-39.467114	36.256841	0.004394
706.000000	-36.856569	53.019977	0.004342
707.000000	-66.858406	-85.024157	0.014419
708.000000	-58.147909	-60.182873	0.020328
709.000000	-78.325780	-87.471977	0.006393
710.000000	-72.218967	86.276645	0.003925
711.000000	-29.822355	-27.522048	0.009151
712.000000	-34.821421	45.368365	0.005886
713.000000	-59.146621	-45.859911	0.017129
714.000000	-47.048806	48.128697	0.007002
715.000000	-33.966750	9.064612	0.011177
716.000000	-40.367609	20.379937	0.001693
717.000000	-38.507774	-27.959848	0.002666
718.000000	-85.189406	-79.729289	0.003573
719.000000	-76.636204	-75.886849	0.005768
720.000000	-50.224827	-52.295439	0.002247
721.000000	-61.692338	-45.139541	0.005726
722.000000	-82.750962	-78.694795	0.710103
723.000000	-51.432182	-63.842584	0.004151
724.000000	-37.998831	59.099230	0.004855
725.000000	-35.286653	44.881128	0.003471
726.000000	88.448529	88.287866	0.002263
727.000000	-61.957296	47.227685	0.014447
728.000000	84.424022	86.287833	0.002701
729.000000	-67.231826	63.439789	0.004125
730.000000	-61.951522	-72.516338	0.008408
731.000000	-49.122234	57.322211	0.109438
732.000000	-28.085755	-21.206572	0.008262
733.000000	-72.063765	-48.220130	0.001333
734.000000	-50.607065	60.994402	0.003543
735.000000	-61.805561	66.790486	0.003714
736.000000	-38.003481	-14.908377	0.003471
737.000000	-38.876031	-34.040697	0.002358
738.000000	-37.674152	7.946819	0.007712
739.000000	-62.599947	-82.698299	0.013487
740.000000	-31.174173	-13.500706	0.003669
741.000000	-48.386960	-44.461032	0.000282
742.000000	-53.496783	48.855843	0.002826
743.000000	-62.761710	-53.008929	0.008776
744.000000	-36.229409	46.280279	0.004267
745.000000	73.750665	-78.696433	0.002954
746.000000	-70.181744	-80.386939	0.073076
747.000000	-67.528878	-62.061526	0.136083
748.000000	75.607566	-88.685716	0.001527
749.000000	-59.048266	57.495251	0.010995
750.000000	-57.974304	-48.642050	0.002134
751.000000	-90.414955	-81.929547	0.007886
752.000000	-57.174173	-53.892571	0.000786
753.000000	69.417979	78.369426	0.003518
754.000000	-72.815039	80.053288	0.002364
755.000000	-42.656852	52.456713	0.008566
756.000000	-41.491714	-21.162008	0.005050
757.000000	-67.074574	-70.384848	0.007269
758.000000	-34.495472	-17.323232	0.050852
759.000000	-42.492271	64.876007	1.018782
760.000000	-34.051441	24.847446	0.003218
761.000000	68.734376	86.896919	0.003030
762.000000	-46.209555	-37.223912	0.006341
763.000000	72.078079	88.101224	0.005024
764.000000	-82.702916	72.610648	0.013719
765.000000	-40.735594	49.552352	0.002798
766.000000	89.864188	-88.180003	0.001159
767.000000	-43.971400	44.665681	0.012963
768.000000	-75.966770	-76.354884	0.001539
769.000000	-64.116075	-44.807738	0.053931
770.000000	-69.048489	84.937129	0.134275
771.000000	-55.286970	-62.565753	0.001286
772.000000	-22.245981	-4.265910	0.001363
773.000000	-32.124866	59.837676	0.002950
774.000000	-70.752655	74.850388	0.003740
775.000000	71.600910	-87.307968	0.002179
776.000000	62.678996	86.586347	0.002270
777.000000	-62.157464	79.471830	0.003289
778.000000	84.362471	85.565554	0.006209
779.000000	-44.202220	-40.100171	0.006718
780.000000	-34.498250	52.736195	0.290275
781.000000	72.389621	88.170424	0.436323
782.000000	-74.041017	-71.229425	0.001031
783.000000	43.642477	11.353146	0.322110
784.000000	-55.122234	53.721939	0.004855
785.000000	-44.634464	-2.111392	0.001442
786.000000	-40.081105	30.857571	0.005416
787.000000	-56.080646	-79.625267	0.007601
788.000000	-73.909810	59.671316	0.007993
789.000000	-68.135812	75.856741	0.003953
790.000000	79.555256	-81.812622	0.000891
791.000000	-64.790673	85.797975	0.007170
792.000000	71.745751	-86.647506	0.000618
793.000000	56.965912	76.381436	0.135582
794.000000	-32.655471	-40.406309	0.004034
795.000000	-36.161253	57.270274	0.004904
796.000000	-29.121863	-16.603644	0.002985
797.000000	-51.545658	24.292854	0.007825
798.000000	-81.966770	-79.409357	0.001591
799.000000	-83.716817	-76.629933	0.003839
800.000000	-73.001530	73.831321	0.000891
801.000000	-59.053680	56.580162	0.007225
802.000000	-68.796860	64.632370	0.003816
803.000000	-54.756440	52.477985	0.002357
804.000000	-63.738622	-53.201928	0.004538
805.000000	-55.787651	-56.153451	0.001622
806.000000	-33.565322	55.522185	0.004513
807.000000	-74.710056	-55.139812	0.002149
808.000000	-88.961774	-77.511218	0.000944
809.000000	-63.443442	-72.821588	0.001201
810.000000	-66.233603	-65.936729	0.000758
811.000000	-84.945580	-82.521070	0.000936
812.000000	-35.608392	66.768568	0.000655
813.000000	-53.113670	57.249323	0.003146
814.000000	-66.852370	65.295154	0.001565
815.000000	-48.134596	53.634977	0.001618
816.000000	80.001202	-88.357841	0.015767
817.000000	-88.802012	-79.466714	0.000987
818.000000	-87.038173	-83.669590	0.013549
819.000000	-50.476014	47.587987	0.002491
820.000000	-64.019380	-62.880773	0.061029
821.000000	-62.343419	80.033235	0.001604
822.000000	-54.033445	-59.613249	0.001036
823.000000	-45.730909	55.641706	0.002464
824.000000	-68.028713	78.622845	0.001023
