Thin Section: 	C:\Ice Data\2017-03-09-Thu\13.41 1399   VTS SPICE

Results: 	C:\Ice Results\2017-03-09-Thu\13.41 1399   VTS SPICE\2017-03-13-Mon, 12.02

Sequence Angles: 
xi	phi inner
0	0
45	0
45	-45
45	-90
45	-135
45	-180
45	-225
45	-270
45	-315

Threshold: 
45.000

Grain #		theta		phi	Rsquared

0.000000	-69.577598	-40.461664	0.005753
1.000000	81.839666	90.286595	0.008085
2.000000	-66.626958	42.993899	0.000837
3.000000	83.012021	-66.832299	0.001335
4.000000	-70.046791	-61.374251	0.003559
5.000000	79.661895	-73.277325	0.000874
6.000000	-69.741492	52.292516	0.003736
7.000000	-59.728159	4.221943	0.009131
8.000000	-65.106635	40.047169	0.172774
9.000000	-66.989666	13.515587	0.001235
10.000000	-77.721755	45.900899	0.001631
11.000000	-55.452066	45.743213	0.004223
12.000000	-63.827725	39.986521	0.002926
13.000000	-65.476447	-68.155405	0.004175
14.000000	-53.386675	12.230927	0.001153
15.000000	-61.484341	10.081009	0.000367
16.000000	-78.598173	-89.556153	0.002486
17.000000	-84.535191	-88.164916	0.001319
18.000000	-53.593191	-17.545424	0.002786
19.000000	-77.862429	72.757819	0.001294
20.000000	-80.147909	-77.226522	0.016899
21.000000	-57.697060	-26.740790	0.008366
22.000000	-71.346430	-29.079237	0.002469
23.000000	-73.074574	48.100827	0.001328
24.000000	-89.628288	-39.962120	0.001544
25.000000	-69.426243	-45.129422	0.004258
26.000000	-78.224780	33.103793	0.010401
27.000000	-85.589955	-48.406610	0.006136
28.000000	-74.629861	-17.895441	0.000688
29.000000	-64.988854	44.503324	0.006522
30.000000	-85.067020	62.424028	0.001316
31.000000	-58.552645	-29.034561	0.002722
32.000000	-58.436346	46.205242	0.001724
33.000000	-58.244658	13.888521	0.037006
34.000000	-65.735713	-27.311478	0.017373
35.000000	-43.084022	-10.101930	0.004041
36.000000	-82.891491	-80.459220	0.043767
37.000000	-82.759344	-88.405068	0.005177
38.000000	-76.952231	71.031872	0.004190
39.000000	-84.048570	67.820030	0.002136
40.000000	83.489475	79.683334	0.005212
41.000000	-67.723529	-24.288863	0.002480
42.000000	89.344684	-86.597919	0.001558
43.000000	-66.680481	-27.638480	0.000966
44.000000	-89.528878	-72.060735	0.001591
45.000000	-82.266082	-82.434600	0.016475
46.000000	-48.761982	4.417523	0.004546
47.000000	-57.939267	21.938947	0.009184
48.000000	-56.132903	39.730982	0.001650
49.000000	-69.274329	-47.400852	0.004265
50.000000	-86.264341	-62.108575	0.000749
51.000000	-46.989666	-25.104855	0.001410
52.000000	-86.705825	87.963613	0.001277
53.000000	-77.531820	61.392601	0.003535
54.000000	-63.605749	22.120598	0.003507
55.000000	90.315264	87.259177	0.015243
56.000000	-68.673014	4.305092	0.014130
57.000000	-73.509000	11.865545	0.000871
58.000000	78.466720	69.787691	0.006226
59.000000	-64.179970	63.671316	0.002493
60.000000	-62.695482	76.397421	0.010382
61.000000	88.169333	-89.260351	0.005576
62.000000	-68.488038	13.305433	0.006209
63.000000	90.531107	-85.146488	0.001280
64.000000	-56.234020	-42.823271	0.001616
65.000000	-75.946892	-44.084014	0.002010
66.000000	-47.303958	-8.656649	0.005594
67.000000	-55.163749	46.543310	0.002968
68.000000	-55.568531	-45.647992	0.028926
69.000000	-56.980063	7.106142	0.042219
70.000000	87.269620	-90.246237	0.001296
71.000000	-78.841586	-73.462064	0.007147
72.000000	-75.845688	36.879878	0.000747
73.000000	-52.280718	8.860480	0.001581
74.000000	-64.379460	-58.867093	0.005629
75.000000	-48.701083	34.656240	0.001322
76.000000	-63.189406	-25.234130	0.019948
77.000000	-49.607242	59.977333	0.001545
78.000000	-78.655855	46.930613	0.002033
79.000000	-85.699931	-85.142097	0.009052
80.000000	-77.181765	83.764622	0.000702
81.000000	85.484878	-81.429279	0.002232
82.000000	-83.981824	66.110068	0.000841
83.000000	-82.719782	64.215911	0.001711
84.000000	-69.684736	39.199729	0.002760
85.000000	-73.074607	-81.558673	0.019074
86.000000	-85.211255	47.792059	0.007520
87.000000	-86.681326	83.565997	0.000934
88.000000	-66.742531	40.795845	0.012984
89.000000	-84.288902	-81.027220	0.031026
90.000000	87.059982	-75.870282	0.000828
91.000000	-57.373918	24.491181	0.476957
92.000000	72.483447	82.113151	0.002555
93.000000	-76.208000	-70.765123	0.002017
94.000000	-89.456690	83.267223	0.002336
95.000000	-51.084977	37.417219	0.003894
96.000000	-79.206611	42.512969	0.096102
97.000000	-75.645082	69.474214	0.000657
98.000000	-81.882432	-68.498553	0.001901
99.000000	-61.553211	34.386925	0.004381
100.000000	-70.642050	41.226550	0.018289
101.000000	-88.970156	87.741604	0.000632
102.000000	-60.964293	-59.042459	0.005278
103.000000	-69.761370	-60.632771	0.003714
104.000000	-69.887029	33.031552	0.008241
105.000000	-79.859645	-28.715046	0.001052
106.000000	-76.160319	10.349105	0.032893
107.000000	-90.100880	88.270745	0.008012
108.000000	-50.295913	11.393115	0.011137
109.000000	-66.846236	-9.376344	0.008207
110.000000	-70.554841	63.231562	0.019822
111.000000	-66.976651	-31.342131	0.001391
112.000000	-54.551372	7.466081	0.002661
113.000000	-61.066987	27.790280	0.004261
114.000000	-50.120753	-33.497116	0.018310
115.000000	-48.537569	11.094621	0.003924
116.000000	-85.033644	-68.834938	0.001195
117.000000	78.765837	86.590643	0.003320
118.000000	70.370004	-87.360797	0.004930
119.000000	-69.513683	68.307783	0.003585
120.000000	88.383842	-76.513382	0.001462
121.000000	-64.456050	-15.616676	0.006464
122.000000	-88.140409	-78.111304	0.004254
123.000000	-71.969620	-69.946859	0.002195
124.000000	84.850316	87.657212	0.002087
125.000000	-72.466720	-37.616192	0.002547
126.000000	-82.693762	-43.962033	0.001487
127.000000	-58.137499	51.300285	0.001069
128.000000	-68.093327	-28.750103	0.006616
129.000000	-53.942209	-37.986474	0.003561
130.000000	-69.111439	38.025769	0.099360
131.000000	-73.909636	-34.478903	0.003123
132.000000	-84.804901	77.419767	0.000730
133.000000	-79.553211	-22.113045	0.003808
134.000000	85.294427	87.844649	0.001323
135.000000	-66.782362	57.412102	0.007714
136.000000	-67.311498	38.897895	0.007394
137.000000	-74.024063	-35.882432	0.002268
138.000000	-59.121863	-39.593123	0.238898
139.000000	-63.266742	-9.356288	0.011457
140.000000	-55.635856	14.503464	0.002524
141.000000	-67.351113	-55.899173	0.006969
142.000000	-45.456690	-38.095646	0.001460
143.000000	89.234877	75.735626	0.001790
144.000000	-58.288863	-55.111318	0.000871
145.000000	-78.707566	-62.367894	0.003186
146.000000	-71.121863	-21.613108	0.053168
147.000000	-82.917598	-89.466023	0.002529
148.000000	-65.241399	52.525632	0.008569
149.000000	-81.906766	-43.397032	0.002269
150.000000	-78.371712	50.834005	0.001301
151.000000	79.718652	86.682689	0.001640
152.000000	-77.790561	42.948285	0.002237
153.000000	-72.122499	-40.253448	0.165005
154.000000	-65.712167	-68.701295	0.010333
155.000000	-74.885838	-70.822507	0.005075
156.000000	-68.950505	-40.106303	0.020730
157.000000	-74.155636	70.028600	0.004415
158.000000	-68.973059	47.612195	0.003266
159.000000	-62.451439	-52.167820	0.005076
160.000000	21.897110	-11.547241	0.797528
161.000000	-50.591200	25.496044	0.000868
162.000000	-69.721755	-37.479510	0.004345
163.000000	-80.459220	-77.206611	0.001266
164.000000	-65.053489	24.471122	0.001623
165.000000	-76.901762	55.061660	0.003631
166.000000	-62.908252	40.246589	0.005231
167.000000	-58.952002	52.695072	0.001752
168.000000	-62.131162	54.292516	0.622331
169.000000	-55.645169	-32.048849	0.002384
170.000000	-69.403423	-64.045979	0.006407
171.000000	-69.061076	-65.867166	0.007582
172.000000	-64.399090	-8.451003	0.008267
173.000000	-58.370166	7.693990	0.020425
174.000000	88.371659	82.907256	0.001490
175.000000	-62.377719	25.093489	0.002891
176.000000	-67.077565	-80.942990	0.005834
177.000000	87.802424	86.905530	0.001163
178.000000	-62.980491	23.125550	0.002672
179.000000	-87.126546	62.261450	0.002860
180.000000	-79.001583	-21.632758	0.001772
181.000000	-60.751790	53.607545	0.005377
182.000000	-68.080652	60.371691	0.002387
183.000000	-84.974806	53.774361	0.001692
184.000000	-72.643857	35.004687	0.001211
185.000000	-67.418690	21.004521	0.003401
186.000000	-63.394162	36.833342	0.018981
187.000000	-67.374251	-23.917277	0.025446
188.000000	-71.319070	37.128506	0.002182
189.000000	-75.829915	65.585078	0.005248
190.000000	-52.283089	-17.792885	0.001613
191.000000	-74.675852	-55.843502	0.002313
192.000000	-66.922161	-65.701839	0.004410
193.000000	-80.510612	-69.641351	0.004582
194.000000	-60.735030	28.571345	0.004199
195.000000	-72.545496	-28.252191	0.003584
196.000000	-70.532355	-26.038798	0.001326
197.000000	-50.719246	38.607945	0.043247
198.000000	-87.391220	79.726332	0.000859
199.000000	-59.283749	2.362331	0.001857
200.000000	-82.787012	-79.484472	0.007095
201.000000	-80.476014	45.062925	0.059859
202.000000	-83.166619	79.951502	0.001084
203.000000	-85.058172	86.132834	0.041755
204.000000	-72.172470	-45.764274	0.003195
205.000000	-87.635895	72.209439	0.011750
206.000000	-61.183506	-32.566639	0.003328
207.000000	-53.557628	-25.916779	0.006054
208.000000	-65.336059	11.867184	0.008901
209.000000	-60.167873	28.179385	0.002986
210.000000	-54.864809	-58.631237	0.007408
211.000000	-61.319032	-43.909597	0.002496
212.000000	-73.429279	69.835519	0.002941
213.000000	-81.699931	76.650594	0.002343
214.000000	-73.862554	-68.725509	0.003116
215.000000	-53.014898	38.236910	0.004213
216.000000	-58.488058	-37.983598	0.010428
217.000000	83.867145	89.661895	0.015962
218.000000	-59.391220	-9.134417	0.006983
219.000000	-38.681171	1.430805	0.002624
220.000000	-67.854968	-58.629986	0.002820
221.000000	-51.104855	-12.423436	0.001645
222.000000	-84.325780	75.634625	0.000944
223.000000	-65.610379	47.833742	0.008126
224.000000	-51.669676	41.965885	0.005953
225.000000	-68.060895	-17.741492	0.004463
226.000000	-56.003481	-30.888694	0.002401
227.000000	-58.187523	-13.364971	0.004658
228.000000	-58.085788	-5.553158	0.025878
229.000000	-87.616158	84.025730	0.001281
230.000000	-77.286653	-56.203197	0.001472
231.000000	-66.565146	-35.004439	0.006973
232.000000	-65.021287	-56.132903	0.004446
233.000000	-64.442159	-38.394446	0.006927
234.000000	-76.256874	-77.909603	0.086889
235.000000	-68.108575	43.350483	0.002799
236.000000	-51.974304	40.562005	0.002841
237.000000	-76.480570	42.518695	0.003741
238.000000	-70.705805	85.093489	0.003024
239.000000	-90.949279	-87.874786	0.073923
240.000000	-79.289880	25.167614	0.000779
241.000000	-69.553244	-27.867166	0.001189
242.000000	88.379284	83.914353	0.002595
243.000000	-65.862501	20.598318	0.005605
244.000000	-86.454309	61.963613	0.001473
245.000000	-60.929575	-43.456569	0.009544
246.000000	-69.514813	-40.210903	0.003368
247.000000	-57.994148	6.895106	0.001274
248.000000	-80.330584	-78.192946	0.001862
249.000000	-51.016850	3.563147	0.015062
250.000000	-61.027374	63.657982	0.126221
251.000000	-69.889932	-71.556100	0.007445
252.000000	-73.994148	32.219000	0.003480
253.000000	-40.918893	2.557105	0.003311
254.000000	-59.509000	53.262077	0.001947
255.000000	87.835084	85.590447	0.002075
256.000000	-75.499726	74.018143	0.001178
257.000000	-70.876143	-65.817711	0.003009
258.000000	-68.912070	-83.496676	0.031827
259.000000	-69.493454	33.010268	0.147864
260.000000	-81.488771	55.118866	0.002081
261.000000	-74.792738	33.398924	0.001167
262.000000	-53.218896	26.012741	0.001667
263.000000	-88.732160	67.512190	0.002197
264.000000	72.737908	83.805262	0.003666
265.000000	-70.932484	74.782932	0.004867
266.000000	-69.174140	-46.088638	0.002071
267.000000	-62.710455	-54.932484	0.008231
268.000000	-56.735030	49.029999	0.001338
269.000000	-61.541061	54.916113	0.004061
270.000000	-51.306707	-34.919854	0.002589
271.000000	-65.159119	53.608585	0.005083
272.000000	74.946511	-85.832480	0.002515
273.000000	-69.528917	-69.051748	0.004690
274.000000	-68.367068	-36.610356	0.003835
275.000000	-86.599860	62.053200	0.001425
276.000000	-61.889986	-57.699931	0.010049
277.000000	-67.966596	28.650628	0.002277
278.000000	-62.310706	9.481989	0.005306
279.000000	-72.120758	-66.145038	0.002582
280.000000	-55.130845	-26.816244	0.002752
281.000000	83.533333	-89.394129	0.002799
282.000000	-78.804901	-80.170777	0.003911
283.000000	-79.697021	89.007430	0.000910
284.000000	-78.622453	73.562437	0.015370
285.000000	-76.160266	60.805910	0.009443
286.000000	-50.894581	-4.095646	0.003440
287.000000	-61.766000	-32.634563	0.005736
288.000000	-73.954426	-55.142130	0.003839
289.000000	-70.325780	-77.487064	0.011288
290.000000	-65.031904	-41.707484	0.006093
291.000000	-66.028713	50.560225	0.005798
292.000000	-64.832386	53.747842	0.012418
293.000000	-81.938847	-87.031904	0.003875
294.000000	-50.513289	-32.795751	0.020848
295.000000	-70.719782	-61.773235	0.002288
296.000000	-61.830667	32.690242	0.001292
297.000000	-63.667903	2.300036	0.005343
298.000000	86.307744	-69.491714	0.000823
299.000000	-81.058172	-83.126600	0.003962
300.000000	-66.103751	-25.704614	0.002650
301.000000	-85.215938	60.523553	0.001675
302.000000	-83.072833	24.030500	0.000578
303.000000	-44.241835	-12.384934	0.002123
304.000000	68.868433	86.722483	0.006306
305.000000	-56.866589	14.602581	0.001036
306.000000	-74.745420	53.028628	0.008538
307.000000	-76.071319	53.360787	0.009309
308.000000	-78.602817	77.630014	0.005184
309.000000	-62.888727	3.735659	0.003744
310.000000	-71.635842	17.415224	0.002477
311.000000	-60.747160	53.809684	0.171101
312.000000	-67.254451	49.833742	0.007816
313.000000	-53.166498	-7.603569	0.004896
314.000000	67.883925	-77.699964	0.005656
315.000000	-74.892246	-58.891031	0.002921
316.000000	-89.998831	-62.338158	0.000433
317.000000	-71.074607	52.852447	0.003520
318.000000	-88.118979	76.910159	0.002545
319.000000	-57.914440	21.963613	0.003866
320.000000	-48.451189	-31.816895	0.006319
321.000000	-79.426561	-1.000109	0.002971
322.000000	-56.098465	-23.744044	0.002701
323.000000	-62.730419	56.940698	0.384405
324.000000	-77.889932	71.738530	0.001825
325.000000	-52.527131	67.849771	0.007632
326.000000	-83.555789	73.807292	0.022496
327.000000	-54.056265	5.530409	0.001536
328.000000	-66.096197	32.818235	0.001401
329.000000	-50.795323	-38.279130	0.004765
330.000000	-55.842691	20.028606	0.001796
331.000000	-85.560750	81.943755	0.001542
332.000000	-52.374810	-25.223579	0.001238
333.000000	86.990917	-80.664682	0.001436
334.000000	-73.765967	-77.702834	0.004315
335.000000	-60.409553	17.279175	0.006948
336.000000	-66.547183	27.660034	0.006785
337.000000	-82.773067	48.658181	0.001823
338.000000	-62.877864	16.604218	0.002535
339.000000	-50.893231	-47.479668	0.002716
340.000000	-85.251547	-81.134384	0.004217
341.000000	-81.019546	-27.496364	0.002324
342.000000	-55.889840	-27.164840	0.001721
343.000000	-82.693762	85.123910	0.012135
344.000000	-74.200480	40.960576	0.002904
345.000000	-63.254451	9.028550	0.008729
346.000000	-54.615812	-11.059479	0.004906
347.000000	-67.546874	-48.963872	0.002911
348.000000	86.332097	79.216509	0.007423
349.000000	-84.128205	-48.856592	0.000379
350.000000	-56.036354	24.028600	0.015153
351.000000	-75.381805	27.347579	0.002185
352.000000	-71.810244	66.818268	0.004355
353.000000	-83.889986	-73.129455	0.001406
354.000000	-68.671274	63.184448	0.003795
355.000000	-87.966770	-74.409553	0.001179
356.000000	-55.026592	21.053443	0.001275
357.000000	-54.293043	54.606668	0.002240
358.000000	-75.241717	-44.520935	0.003243
359.000000	81.911336	-86.915771	0.001360
360.000000	-84.865800	-78.247276	0.003902
361.000000	-77.183506	-59.623373	0.000897
362.000000	80.082690	82.512969	0.002128
363.000000	-72.698319	-36.639087	0.005337
364.000000	-53.429279	3.074023	0.002489
365.000000	-55.701584	-12.769695	0.004416
366.000000	-75.583532	0.948252	0.001046
367.000000	-67.733939	-82.471317	0.006232
368.000000	89.839734	85.953243	0.017847
369.000000	-63.906766	48.219000	0.006201
370.000000	-74.564049	-46.857835	0.002060
371.000000	-66.192926	-65.613288	0.007928
372.000000	-59.632932	52.735811	0.001652
373.000000	-76.453180	-56.339651	0.004150
374.000000	-70.232541	15.135941	0.003675
375.000000	-74.391643	-50.141646	0.015018
376.000000	-51.026941	38.732874	0.002109
377.000000	-79.647992	-34.856592	0.002897
378.000000	-70.759310	45.424614	0.003447
379.000000	-68.858234	-83.327397	0.007657
380.000000	-76.036367	51.120640	0.005501
381.000000	-62.179970	-17.603834	0.004374
382.000000	-58.750070	67.187579	0.007519
383.000000	-56.172503	22.730316	0.006978
384.000000	-64.345605	-12.874450	0.006890
385.000000	-47.456690	61.841725	0.000716
386.000000	-86.922161	-71.909318	0.016067
387.000000	-81.056431	-77.954426	0.002145
388.000000	-61.894562	-14.232280	0.004999
389.000000	-73.059335	56.327447	0.003047
390.000000	89.568230	87.075196	0.002885
391.000000	-70.577329	-71.753850	0.006363
392.000000	89.207229	-72.720945	0.001532
393.000000	-59.048839	4.342714	0.008499
394.000000	-66.602749	-41.571348	0.005094
395.000000	-68.051441	47.162985	0.008028
396.000000	-57.464243	46.901040	0.001431
397.000000	-68.120758	12.057791	0.003117
398.000000	-57.954392	71.844310	0.023804
399.000000	-59.436866	49.161463	0.007682
400.000000	85.792053	74.408968	0.002162
401.000000	-77.415747	60.929810	0.028038
402.000000	-72.152819	-23.672532	0.000912
403.000000	-64.614912	-14.372842	0.003053
404.000000	87.521097	-62.437563	0.001251
405.000000	-70.856541	48.132908	0.005841
406.000000	-73.283749	-43.840000	0.005863
407.000000	88.295425	76.501545	0.002723
408.000000	-80.179970	48.154259	0.003856
409.000000	-68.579070	-72.056052	0.006041
410.000000	-64.341008	66.475733	0.056810
411.000000	-52.386960	-6.408774	0.002728
412.000000	-64.681578	-56.353158	0.005915
413.000000	-73.994148	-66.884097	0.002158
414.000000	83.272718	53.195118	0.002929
415.000000	-58.120719	-34.560350	0.002312
416.000000	-71.534691	-83.069929	0.005009
417.000000	-88.809512	-80.086503	0.001888
418.000000	-73.707484	-79.212418	0.005381
419.000000	-48.632917	71.024899	0.416967
420.000000	-54.516053	-8.956827	0.001872
421.000000	-56.559399	1.974733	0.001441
422.000000	87.199729	-72.187556	0.001407
423.000000	-63.524287	-19.238813	0.002018
424.000000	-47.408106	-32.243827	0.003547
425.000000	-88.194667	87.075108	0.122749
426.000000	-54.469305	-9.467572	0.002242
427.000000	-78.463831	-88.941051	0.015316
428.000000	-70.940071	17.283685	0.047018
429.000000	83.058221	-71.476906	0.002320
430.000000	-61.568492	12.661715	0.007740
431.000000	-74.031704	-55.687606	0.001995
432.000000	-72.459235	31.046765	0.038068
433.000000	82.975176	85.631932	0.004636
434.000000	-74.921457	82.865583	0.003971
435.000000	-55.025562	13.510784	0.001891
436.000000	-69.842871	40.488091	0.005661
437.000000	-79.583532	72.448476	0.002617
438.000000	-67.966750	-33.189406	0.002403
439.000000	78.937663	-89.174173	0.001573
440.000000	85.667675	-84.418934	0.000940
441.000000	-90.649512	-74.936368	0.125372
442.000000	-78.221870	-46.876137	0.001963
443.000000	-58.556582	-32.663421	0.012958
444.000000	-71.223613	52.255922	0.003997
445.000000	-85.608638	79.820030	0.016012
446.000000	-59.568492	11.276503	0.008545
447.000000	82.033250	86.948252	0.001933
448.000000	-79.617932	87.738568	0.004317
449.000000	-65.082166	22.307569	0.004556
450.000000	-84.762253	87.613054	0.001242
451.000000	-72.689112	-57.341819	0.004996
452.000000	-68.675852	-69.912168	0.004082
453.000000	-78.197537	-47.971361	0.003503
454.000000	-77.177082	77.812444	0.002703
455.000000	-55.578297	-27.080294	0.001831
456.000000	-71.735713	-69.231220	0.003111
457.000000	-78.802012	75.182848	0.001815
458.000000	-84.332325	-74.886712	0.001542
459.000000	-76.011596	-52.851896	0.003417
460.000000	-63.091561	10.364423	0.009252
461.000000	-68.766897	49.983550	0.026923
462.000000	-67.541028	-80.918343	0.007457
463.000000	-70.671202	58.533977	0.002362
464.000000	-75.366731	48.154345	0.002732
465.000000	-67.473718	-46.457378	0.005079
466.000000	-77.694151	-49.690445	0.009259
467.000000	-79.493454	-81.477238	0.004182
468.000000	-77.630029	-51.089748	0.001322
469.000000	-65.894615	38.061153	0.009405
470.000000	76.579569	85.447256	0.002019
471.000000	89.560697	88.588990	0.046129
472.000000	-89.126513	-61.871795	0.000564
473.000000	-53.379016	-5.583300	0.001544
474.000000	-59.556028	-8.607293	0.068132
475.000000	-65.151425	-32.341173	0.004207
476.000000	-88.422476	-78.903904	0.000718
477.000000	-59.343559	13.212588	0.009801
478.000000	81.598001	85.802424	0.001227
479.000000	87.565394	87.271588	0.030521
480.000000	-52.746809	-11.909486	0.002494
481.000000	-60.695482	26.209388	0.004243
482.000000	72.591894	85.464297	0.003057
483.000000	-62.244658	-0.079331	0.004090
484.000000	-61.134558	10.226765	0.006636
485.000000	-69.628309	61.767720	0.004784
486.000000	-52.278439	48.921280	0.001690
487.000000	-64.096197	-14.362471	0.002649
488.000000	-83.063985	-74.807858	0.003663
489.000000	-86.271894	-38.533518	0.000669
490.000000	-73.456690	77.974196	0.002380
491.000000	-65.114309	-26.199475	0.004615
492.000000	-53.243511	0.825860	0.002857
493.000000	-74.588296	-45.556082	0.003966
494.000000	-55.009083	85.676505	0.003874
495.000000	87.217638	-45.283125	0.001617
496.000000	-64.692665	-54.282852	0.011491
497.000000	-61.427538	-20.783491	0.007597
498.000000	-60.544399	46.117835	0.017578
499.000000	-59.376025	33.501254	0.006920
500.000000	-64.431717	-51.573036	0.004188
501.000000	-71.408106	45.965885	0.039549
502.000000	-73.761370	2.166409	0.013742
503.000000	-76.123575	61.871742	0.003102
504.000000	-60.003481	-71.715530	0.018466
505.000000	-63.006213	-22.126697	0.002053
506.000000	-65.269684	-24.644954	0.010361
507.000000	-72.492688	75.364180	0.003128
508.000000	-58.865820	28.583549	0.004237
509.000000	-51.102405	14.529581	0.002873
510.000000	87.359047	89.919036	0.006252
511.000000	-58.821923	28.303099	0.005413
512.000000	-65.284912	43.254547	0.003806
513.000000	-58.953376	-62.158080	0.006097
514.000000	-61.528917	-34.422476	0.021360
515.000000	-61.841091	3.125550	0.011195
516.000000	-61.768903	72.742640	0.011605
517.000000	-89.249767	89.212555	0.002228
518.000000	-72.473057	-47.613108	0.009914
519.000000	-78.713412	37.740256	0.001926
520.000000	-67.501467	41.801888	0.004090
521.000000	-64.751843	-48.149682	0.006410
522.000000	-68.451400	46.295458	0.007539
523.000000	-64.288902	-52.780621	0.002243
524.000000	-76.642044	-59.109505	0.003763
525.000000	84.018176	76.456030	0.000637
526.000000	-86.011508	88.520523	0.002006
527.000000	-70.493779	47.628288	0.006472
528.000000	-54.504871	48.913639	0.005357
529.000000	-81.378934	44.169911	0.002313
530.000000	-60.439303	43.568478	0.009410
531.000000	-53.795151	6.085720	0.006237
532.000000	-56.974302	-51.022243	0.000988
533.000000	-73.306767	53.973067	0.008616
534.000000	-73.805561	65.533280	0.015975
535.000000	-69.560939	31.318934	0.004662
536.000000	-66.253932	-30.197416	0.005799
537.000000	65.772370	-84.540813	0.051535
538.000000	-74.056265	-47.234163	0.001825
539.000000	-46.226553	-2.404392	0.002586
540.000000	-69.061081	51.128387	0.002931
541.000000	-80.167820	66.249054	0.003050
542.000000	-58.076002	-37.312661	0.001584
543.000000	-56.540300	-11.728737	0.001719
544.000000	-53.726346	-36.651238	0.001680
545.000000	79.701804	77.001543	0.001960
546.000000	-49.496817	-41.703598	0.002616
547.000000	-74.473057	23.613234	0.011212
548.000000	-59.319032	7.274637	0.003872
549.000000	71.084215	-85.995582	0.002939
550.000000	-61.206572	43.409541	0.013708
551.000000	-42.406553	-2.447012	0.005028
552.000000	-69.645121	-36.454309	0.003502
553.000000	-84.060895	-70.296455	0.001172
554.000000	-59.733972	75.120586	0.005648
555.000000	-58.468407	43.867325	0.037690
556.000000	-76.880773	-45.991157	0.019772
557.000000	-86.014730	54.001169	0.083417
558.000000	-51.059346	39.466519	0.001151
559.000000	-80.019380	62.540401	0.002256
560.000000	84.419324	88.460719	0.002209
561.000000	-67.338909	-54.476826	0.011818
562.000000	-87.994148	41.775187	0.002152
563.000000	-50.237152	28.422905	0.001246
564.000000	-86.515122	-81.493826	0.004530
565.000000	-72.668364	47.452905	0.005478
566.000000	-68.028713	-55.712134	0.039033
567.000000	-52.249335	19.536330	0.023645
568.000000	-53.628341	1.031586	0.004412
569.000000	-59.750907	29.911058	0.022367
570.000000	-77.151425	74.043834	0.002738
571.000000	-34.238200	-4.834875	0.022022
572.000000	-80.947538	65.427354	0.002975
573.000000	85.226933	38.214350	0.005339
574.000000	-81.750907	-65.167880	0.002697
575.000000	87.123829	85.656581	0.003298
576.000000	-69.069891	31.720784	0.012141
577.000000	-64.493731	-51.265001	0.140310
578.000000	-58.914264	52.359742	0.012406
579.000000	-56.937129	51.410305	0.001279
580.000000	-62.824793	-46.801958	0.003407
581.000000	-50.543916	39.563901	0.005375
582.000000	-65.456690	54.416961	0.018785
583.000000	-77.206605	-65.605995	0.002290
584.000000	-58.579017	-37.267113	0.004515
585.000000	-59.862554	51.342982	0.023797
586.000000	-63.481251	46.051068	0.009218
587.000000	-57.045342	29.411586	0.002949
588.000000	-85.126479	76.513748	0.003483
589.000000	-66.224759	-21.479510	0.003634
590.000000	-74.782362	-58.848706	0.007810
591.000000	-68.576113	-25.321902	0.177598
592.000000	-62.396240	-55.635856	0.009347
593.000000	-83.260351	61.430224	0.002463
594.000000	-77.713908	84.268971	0.014989
595.000000	-56.895150	-52.545949	0.002009
596.000000	56.339597	-89.640492	0.001183
597.000000	-61.713908	46.518112	0.014167
598.000000	-81.084944	74.616455	0.000565
599.000000	-59.041165	69.899159	0.006630
600.000000	-81.998831	-84.940018	0.002553
601.000000	-80.389902	64.882748	0.003094
602.000000	-57.761317	-41.667902	0.001418
603.000000	-74.427159	75.419767	0.011242
604.000000	-64.256820	-69.989498	0.004279
605.000000	-76.539749	85.425779	0.055879
606.000000	-82.680481	-74.181260	0.004100
607.000000	-55.486179	27.220777	0.005832
608.000000	-72.011826	81.802424	0.005969
609.000000	-56.756440	23.684683	0.013190
610.000000	-76.826519	-73.548561	0.004019
611.000000	-85.044107	72.500274	0.000991
612.000000	-83.036847	86.515508	0.011750
613.000000	-63.479438	-29.529548	0.003967
614.000000	89.859559	75.711098	0.001482
615.000000	-83.029000	80.073357	0.000578
616.000000	-66.315371	10.983363	0.006500
617.000000	-69.092411	38.813240	0.004847
618.000000	-78.794458	39.916045	0.002464
619.000000	-68.779458	-23.978948	0.001440
620.000000	-65.885249	25.112999	0.003876
621.000000	-63.146741	48.692711	0.003129
622.000000	-73.218929	47.382462	0.009196
623.000000	-87.021500	-74.755525	0.000398
624.000000	-61.479477	24.887552	0.002923
625.000000	-46.969827	52.006332	0.004611
626.000000	-74.184653	58.186972	0.007702
627.000000	-82.960915	62.307744	0.008739
628.000000	-51.074574	-6.299586	0.000892
629.000000	-78.108575	75.294228	0.001851
630.000000	-59.016637	-17.154613	0.007920
631.000000	-62.016476	-6.172449	0.004462
632.000000	-71.464243	-59.045363	0.002199
633.000000	-73.378862	-66.942743	0.008368
634.000000	84.114664	-77.075737	0.002728
635.000000	-85.254451	-18.464481	0.004248
636.000000	-68.068448	-49.439775	0.002632
637.000000	-57.281970	-27.793146	0.009324
638.000000	-73.351146	47.133368	0.002748
639.000000	-63.286937	-6.073850	0.005982
640.000000	-79.024370	83.358003	0.002759
641.000000	-73.946892	-63.583532	0.000656
642.000000	-74.409553	86.273561	0.015659
643.000000	-68.088677	-50.299818	0.002064
644.000000	-58.379460	-15.025970	0.006451
645.000000	-60.531452	-37.613108	0.029509
646.000000	84.243280	-86.051474	0.000433
647.000000	80.182256	-87.894582	0.001326
648.000000	-71.286904	-56.394040	0.008106
649.000000	-75.414007	79.764589	0.002303
650.000000	59.680033	74.269091	0.004042
651.000000	-55.746137	-15.436308	0.003598
652.000000	-64.276539	0.705476	0.005061
653.000000	-64.060895	38.348877	0.007361
654.000000	-58.132855	-17.778130	0.003557
655.000000	-79.106635	73.058620	0.002771
656.000000	-72.579070	-62.970082	0.002053
657.000000	-86.084014	-67.495076	0.001604
658.000000	-66.252244	-48.325955	0.002500
659.000000	-72.382349	67.374697	0.004269
660.000000	-69.885336	23.069209	0.007527
661.000000	-57.481251	32.309358	0.011672
662.000000	-72.010531	-59.741492	0.004016
663.000000	-79.406366	-73.397032	0.001273
664.000000	-66.730153	7.667870	0.001689
665.000000	-53.775187	-5.852956	0.003631
666.000000	-83.165366	-5.126863	0.001377
667.000000	-48.416696	-1.231220	0.003056
668.000000	-73.331409	50.260606	0.003794
669.000000	-63.238807	-26.545229	0.010498
670.000000	-76.774808	65.838134	0.007562
671.000000	-89.894562	-82.908377	0.000637
672.000000	-82.123575	-85.692431	0.002275
673.000000	-60.576113	-22.036207	0.002617
674.000000	-55.674273	41.733021	0.003713
675.000000	72.070486	-75.966770	0.002218
676.000000	-59.877802	-22.143312	0.005245
677.000000	-82.024063	76.354879	0.004150
678.000000	-89.697060	71.031531	0.000831
679.000000	-79.065678	-29.237497	0.001814
680.000000	-60.871642	-22.891560	0.006432
681.000000	-52.658744	0.658181	0.012745
682.000000	-66.861137	-21.065099	0.019799
683.000000	-60.623345	48.281381	0.005407
684.000000	87.617651	-82.871613	0.000954
685.000000	-81.798008	-79.452099	0.003171
686.000000	-56.779458	20.296348	0.011799
687.000000	-57.461373	-5.004400	0.109798
688.000000	87.262081	88.910159	0.001261
689.000000	-58.206870	-1.331235	0.009260
690.000000	-71.492133	-32.056052	0.002140
691.000000	-71.647992	61.084143	0.009782
692.000000	86.005852	70.734999	0.000506
693.000000	-66.992217	-26.311224	0.005282
694.000000	85.903803	81.303421	0.001650
695.000000	-66.253985	-35.521237	0.004049
696.000000	88.576660	80.972780	0.001734
697.000000	-60.174210	10.140302	0.014843
698.000000	-46.019380	-6.891491	0.002012
699.000000	-67.274416	53.720837	0.004872
700.000000	-78.519772	-88.192766	0.001744
701.000000	-58.028713	-16.542658	0.018036
702.000000	-56.075963	33.871801	0.011951
703.000000	-71.810119	49.201861	0.002878
704.000000	87.755309	-58.325780	0.000761
705.000000	-55.654416	34.974385	0.004246
706.000000	-63.174173	-63.541906	0.006177
707.000000	-53.613249	-5.364262	0.005900
708.000000	-63.194368	-33.471464	0.007832
709.000000	-49.919051	17.789019	0.005684
710.000000	88.796562	-80.073850	0.003445
711.000000	-57.610379	20.305179	0.010106
712.000000	-58.864074	-24.025924	0.005906
713.000000	80.229404	-87.265034	0.001654
714.000000	-69.069924	-74.776988	0.004877
715.000000	-84.654162	-57.603795	0.003178
716.000000	-86.495525	82.587244	0.001789
717.000000	-59.819452	-23.167737	0.003608
718.000000	-47.630029	5.592844	0.003094
719.000000	-78.307784	66.342593	0.001835
720.000000	-58.170425	-34.595109	0.001468
721.000000	62.324597	52.440976	0.003549
722.000000	-59.852058	6.732051	0.020645
723.000000	-71.684664	14.421383	0.001955
724.000000	-78.936895	61.753302	0.002524
725.000000	-65.383578	24.980212	0.003050
726.000000	84.535757	88.873487	0.002117
727.000000	84.528236	-75.016778	0.000578
728.000000	-72.484359	-56.016470	0.003185
729.000000	-66.451439	-64.963785	0.007676
730.000000	-48.236924	5.782514	0.008041
731.000000	-56.483547	38.639082	0.020045
732.000000	-61.464243	50.977342	0.003520
733.000000	-67.961946	33.057025	0.001370
734.000000	-73.664999	-50.883677	0.002840
735.000000	-85.603235	84.765925	0.001378
736.000000	-57.827005	16.252587	0.008763
737.000000	89.800683	64.389742	0.001151
738.000000	-81.699964	51.513617	0.002693
739.000000	88.057791	89.715781	0.003545
740.000000	-75.516553	-78.925929	0.009114
741.000000	-86.559399	52.460719	0.001696
742.000000	-67.484121	54.171976	0.003077
743.000000	-83.132817	-69.394162	0.006539
744.000000	64.700859	54.099929	0.021538
745.000000	-58.440115	5.195386	0.016819
746.000000	-57.016637	49.383341	0.003062
747.000000	-89.114680	77.515467	0.000545
748.000000	87.179798	-58.995479	0.001156
749.000000	-82.539749	64.093132	0.001207
750.000000	-68.698406	-22.814121	0.001867
751.000000	-57.289841	-27.139487	0.006240
752.000000	-62.859358	18.959659	0.003135
753.000000	-75.854968	-80.642030	0.003772
754.000000	-73.391220	55.902545	0.005650
755.000000	-72.269024	-61.474794	0.002517
756.000000	-49.838089	-25.402427	0.151079
757.000000	-58.184614	-58.276539	0.004963
758.000000	-61.782741	-19.282673	0.003456
759.000000	-63.338909	33.059103	0.005337
760.000000	-73.348554	67.006916	0.006090
761.000000	-59.620803	-18.953080	0.003095
762.000000	-65.775220	-74.972372	0.004084
763.000000	-68.566834	11.445284	0.000930
764.000000	-70.443417	-32.061206	0.024919
765.000000	-64.718056	-28.827297	0.003453
766.000000	-74.046791	-67.007396	0.002431
767.000000	-84.779859	75.444492	0.002961
768.000000	-68.698406	-84.013479	0.040465
769.000000	79.812477	-70.006385	0.034261
770.000000	-61.743407	68.078079	0.001454
771.000000	85.787689	-79.644254	0.003538
772.000000	-84.334571	87.304799	0.002248
773.000000	-75.354475	-83.119364	0.003539
774.000000	-71.453699	36.658620	0.001330
775.000000	-63.664960	-30.268985	0.019984
776.000000	-73.600293	65.615293	0.008835
777.000000	-61.154295	14.446262	0.003676
778.000000	-56.010816	-54.783491	0.003612
779.000000	-72.544399	-29.306707	0.000914
