Thin Section: 	C:\Ice Data\2017-02-24-Fri\10.07 1078  VTS SPICE

Results: 	C:\Ice Results\2017-02-24-Fri\10.07 1078  VTS SPICE\2017-03-07-Tue, 14.45

Sequence Angles: 
xi	phi inner
0	0
45	0
45	-45
45	-90
45	-135
45	-180
45	-225
45	-270
45	-315

Threshold: 
45.000

Grain #		theta		phi	Rsquared

0.000000	-89.331356	-76.473814	0.005529
1.000000	-81.358705	-42.956285	0.003829
2.000000	-69.509000	-1.518753	0.018626
3.000000	-86.624984	51.227521	0.001342
4.000000	-55.280667	-19.717536	0.050609
5.000000	-86.147909	-68.550265	0.018107
6.000000	-68.846236	47.494037	0.005902
7.000000	-86.758893	35.713216	0.006468
8.000000	-62.750117	23.583179	0.000316
9.000000	-86.430024	48.895675	0.001553
10.000000	-75.726439	-74.103718	0.002925
11.000000	-68.599947	-14.528290	0.046847
12.000000	-61.723509	-10.862382	0.014656
13.000000	-60.076002	22.386712	0.000306
14.000000	81.449735	69.023999	0.002927
15.000000	-74.291772	54.189809	0.003549
16.000000	-87.203701	44.873137	0.003593
17.000000	88.978680	-39.251898	0.006905
18.000000	87.267456	48.648920	0.003563
19.000000	77.496802	-59.269192	0.016799
20.000000	-83.541061	-73.017913	0.008120
21.000000	-82.643791	22.322856	0.000512
22.000000	61.506346	-66.356673	0.006817
23.000000	-72.229409	-4.769773	0.001932
24.000000	-62.666691	-8.451433	0.001973
25.000000	-65.726439	-54.598206	0.004383
26.000000	80.367014	-71.770558	0.002751
27.000000	-66.151040	-36.261470	0.004362
28.000000	-79.394162	62.765925	0.000703
29.000000	-67.459560	30.224954	0.001648
30.000000	-64.493565	46.691052	0.044020
31.000000	-63.126546	37.635030	0.001932
32.000000	85.572880	85.486711	0.003146
33.000000	79.193358	-31.299174	0.004867
34.000000	-68.886282	7.931591	0.002481
35.000000	-76.851567	6.962191	0.033890
36.000000	88.368755	-52.333455	0.001908
37.000000	78.893191	-31.086558	0.006838
38.000000	83.654768	73.022465	0.001689
39.000000	-63.331409	67.879422	0.004224
40.000000	-85.121863	80.459026	0.001771
41.000000	-80.051441	89.634712	0.003372
42.000000	-75.704614	-10.489101	0.003517
43.000000	-62.936915	-35.054850	0.003624
44.000000	-59.152271	-24.623080	0.001696
45.000000	-87.146741	-23.449190	0.006111
46.000000	-64.252191	-39.919090	0.004042
47.000000	-76.903602	2.757786	0.043029
48.000000	-77.086878	-19.354475	0.005289
49.000000	-70.301100	-74.386766	0.011543
50.000000	89.764589	-79.826038	0.008886
51.000000	-70.688088	-57.376344	0.002365
52.000000	-63.444507	-20.918690	0.013083
53.000000	77.178110	79.145803	0.006183
54.000000	-81.496817	-41.391099	0.008748
55.000000	-81.065294	-30.693370	0.003066
56.000000	-85.509000	28.217206	0.000768
57.000000	-54.642046	-4.240354	1.628074
58.000000	81.461992	-88.545443	0.052517
59.000000	-88.312434	-43.811553	0.001594
60.000000	-84.321130	-63.181765	0.005052
61.000000	88.636212	61.995887	0.004721
62.000000	66.579569	84.025769	0.004500
63.000000	-69.504317	-26.722599	0.001588
64.000000	-62.059115	-52.019380	0.005812
65.000000	-59.162008	-69.309758	0.003004
66.000000	85.050721	-75.099114	0.010728
67.000000	88.946406	-32.748025	0.003464
68.000000	-77.053250	-22.389564	0.002180
69.000000	-73.267033	8.076305	0.002746
70.000000	-64.039237	74.576660	0.018947
71.000000	90.062812	21.111380	0.002053
72.000000	-76.431803	21.207547	0.005889
73.000000	-76.387080	48.892520	0.001090
74.000000	-61.086292	53.179948	0.006918
75.000000	-65.441516	-23.859698	0.008517
76.000000	-72.762175	-36.775436	0.003337
77.000000	-52.662446	-65.450726	0.004862
78.000000	-62.524402	50.130157	0.057437
79.000000	-81.025970	-35.847462	0.003001
80.000000	-73.326624	-36.372842	0.065109
81.000000	-39.942209	25.081392	0.000729
82.000000	-65.951483	-11.943930	0.002338
83.000000	-66.016476	-71.853275	0.003863
84.000000	-80.478411	17.706340	0.235110
85.000000	-72.266115	70.969865	0.013215
86.000000	-38.769405	-1.662760	0.001672
87.000000	-82.966034	78.809818	0.001909
88.000000	84.451385	15.143687	0.005831
89.000000	-85.501500	-41.580415	0.004031
90.000000	-72.265611	-76.957725	0.038771
91.000000	-77.914460	-69.269651	0.011075
92.000000	-76.769729	46.949833	0.009969
93.000000	-82.993918	4.080719	0.079779
94.000000	70.088503	-81.888338	0.000940
95.000000	-68.128273	55.919891	0.006469
96.000000	-62.796860	-57.152137	0.046451
97.000000	-70.932532	78.520982	0.003771
98.000000	-76.164481	-17.953582	0.003140
99.000000	-83.018596	79.037693	0.050919
100.000000	-59.986507	-61.039424	0.016419
101.000000	-46.409553	-4.276719	0.003999
102.000000	-74.564049	-40.181260	0.002422
103.000000	-74.754699	50.847446	0.008186
104.000000	-60.657147	65.404898	0.008590
105.000000	-83.266742	58.469591	0.003143
106.000000	-75.986507	56.567812	0.021731
107.000000	81.649718	-44.998515	0.006187
108.000000	-49.022359	-4.344375	0.003227
109.000000	-87.499726	53.743126	0.006429
110.000000	-89.126513	62.901040	0.002494
111.000000	-79.249806	64.078040	0.004150
112.000000	-89.701705	6.224934	0.022859
113.000000	-59.527098	9.007309	0.003749
114.000000	-77.825265	-54.469590	0.001721
115.000000	-83.882393	-79.900521	0.008449
116.000000	-78.754747	2.406363	0.008573
117.000000	-72.885384	17.451693	0.021345
118.000000	84.053128	76.762933	0.007706
119.000000	-83.926643	59.614748	0.007099
120.000000	-55.528878	50.510858	0.003414
121.000000	-50.977810	32.134879	0.049045
122.000000	-51.386449	30.721075	0.002785
123.000000	-54.140441	-36.446842	0.018824
124.000000	-86.949279	47.720891	0.004975
125.000000	85.736789	80.362471	0.001375
126.000000	-74.310727	-58.039237	0.006592
127.000000	-70.096197	75.730976	0.001892
128.000000	-68.688015	15.953648	0.039014
129.000000	-48.547303	-4.567552	0.002382
130.000000	-66.751790	83.790507	0.011329
131.000000	89.303686	-74.411785	0.001382
132.000000	83.126766	70.032134	0.003077
133.000000	85.822901	-43.054652	0.012569
134.000000	-55.795065	6.942434	0.001933
135.000000	-60.135812	-45.426243	0.005495
136.000000	83.375859	-86.743148	0.006663
137.000000	-85.295971	11.157167	0.000806
138.000000	82.169312	-86.151006	0.005973
139.000000	-59.403423	8.696163	0.004544
140.000000	84.005852	-70.598173	0.001520
141.000000	-51.620841	-44.720859	0.004782
142.000000	-73.674273	-14.252098	0.001742
143.000000	-67.266775	13.129967	0.000976
144.000000	-67.484121	44.169492	0.004295
145.000000	-83.274416	-13.608425	0.003667
146.000000	-72.177099	23.841407	0.021064
147.000000	-84.920421	71.691053	0.000749
148.000000	-90.140388	53.274491	0.003762
149.000000	-84.821890	57.118866	0.003203
150.000000	-70.347399	15.749404	0.011346
151.000000	-64.934225	-79.432129	0.108235
152.000000	-60.606943	6.695723	0.000612
153.000000	-51.264063	37.642396	0.061406
154.000000	-67.560711	-23.057566	0.011957
155.000000	-83.383545	-65.934476	0.007116
156.000000	-70.122499	-81.066933	0.016426
157.000000	-81.971400	76.722675	0.001853
158.000000	-87.830688	-8.088644	0.001859
159.000000	83.511942	71.506435	0.003836
160.000000	-88.500221	76.555493	0.010528
161.000000	-72.492688	58.786525	0.005019
162.000000	-84.456311	-87.398740	0.015045
163.000000	85.336245	-61.544776	0.004498
164.000000	85.839734	50.830471	0.003528
165.000000	-63.672586	22.231130	0.006701
166.000000	90.581349	88.638112	0.003263
167.000000	-57.743374	29.672532	0.001118
168.000000	-65.306848	69.006112	0.005058
169.000000	87.190488	47.916816	0.003541
170.000000	82.720901	-66.097971	0.002839
171.000000	-80.527305	49.735837	0.005346
172.000000	-79.077516	-59.394129	0.020507
173.000000	-60.172449	0.327414	0.003915
174.000000	-85.175281	-73.372231	0.000987
175.000000	-71.536345	-20.715186	0.004007
176.000000	-82.266082	-9.588002	0.122240
177.000000	-77.571348	-22.365255	0.015218
178.000000	-77.453819	29.357849	0.021117
179.000000	-89.957296	-88.713359	0.002672
180.000000	-86.739607	-15.501766	0.001255
181.000000	-87.877749	27.569971	0.000645
182.000000	-62.993538	-41.214159	0.008305
183.000000	88.737908	89.227749	0.002202
184.000000	-48.451486	-64.466173	0.004851
185.000000	-83.677144	-11.616676	0.001250
186.000000	-79.021320	21.963826	0.101506
187.000000	-68.597043	-56.404354	0.005292
188.000000	-64.673014	-58.197609	0.005667
189.000000	-61.617705	12.792859	0.003208
190.000000	74.925426	68.040997	0.015154
191.000000	-72.956285	13.832180	0.018358
192.000000	-54.757279	-13.577680	0.015819
193.000000	-66.229409	2.810681	0.001436
194.000000	-50.714987	9.456007	0.001983
195.000000	-82.388686	4.120904	0.001243
196.000000	-89.877749	-50.350201	0.003304
197.000000	-59.835018	26.483587	0.004695
198.000000	-84.942917	-49.105347	0.002969
199.000000	-63.071715	69.056933	0.003953
200.000000	-61.902116	-28.414976	0.026211
201.000000	72.382295	52.229410	0.004511
202.000000	-63.680086	-32.565146	0.022546
203.000000	-74.824286	11.901589	0.001256
204.000000	-61.716817	-30.513435	0.011017
205.000000	-67.420431	-44.073410	0.007234
206.000000	-59.986507	-5.334144	0.000738
207.000000	-88.838756	71.126819	0.001713
208.000000	-81.201873	-35.652903	0.004435
209.000000	78.406596	85.230037	0.001776
210.000000	-76.832386	-88.649517	0.002763
211.000000	-44.621477	-1.754979	0.001318
212.000000	-59.652864	-81.326552	0.025352
213.000000	-51.657493	25.472695	0.006246
214.000000	-78.929628	60.083149	0.004019
215.000000	-71.220588	45.143513	0.004315
216.000000	-64.875151	52.658187	0.003058
217.000000	-60.695287	-86.843587	0.110367
218.000000	86.640842	-67.385678	0.000930
219.000000	-76.488124	-78.986107	0.109651
220.000000	-57.961946	-33.245123	0.053671
221.000000	-42.952143	-56.642046	0.000851
222.000000	80.448476	60.364158	0.001506
223.000000	-79.746296	-49.459632	0.003234
224.000000	-71.459599	79.434788	0.005103
225.000000	-58.063765	-38.678741	0.041332
226.000000	-70.834126	-53.007483	0.003467
227.000000	-40.976612	66.647020	0.005566
228.000000	-76.532282	27.983530	0.001254
229.000000	-61.556148	-0.802706	0.065615
230.000000	-67.568531	-48.550158	0.027279
231.000000	-77.741492	45.318442	0.006014
232.000000	-73.061076	-35.211255	0.011357
233.000000	-84.080646	-61.457061	0.027969
234.000000	-81.094431	-64.068780	0.011926
235.000000	-58.692665	85.590135	0.008044
236.000000	-81.074574	-23.669623	0.002018
237.000000	-72.550093	59.152754	0.008010
238.000000	-66.559399	-59.274416	0.006074
239.000000	-52.831873	78.213254	0.007894
240.000000	-72.634829	70.305072	0.014365
241.000000	-79.798061	-31.692377	0.003092
242.000000	77.632932	46.045608	0.004104
243.000000	-88.989666	68.246364	0.008703
244.000000	71.765980	-84.834600	0.021266
245.000000	-47.375986	84.769430	0.002986
246.000000	-57.089748	14.365009	0.002122
247.000000	-84.621303	81.725037	0.027874
248.000000	83.035532	-48.222889	0.025729
249.000000	-78.821943	-20.177979	0.001917
250.000000	-71.921960	-2.338105	0.001334
251.000000	-88.719246	55.555834	0.004347
252.000000	-65.031831	-38.522756	0.004269
253.000000	83.498968	-88.619156	0.002099
254.000000	-86.256874	76.680930	0.001373
255.000000	-56.547303	50.631230	0.015215
256.000000	-88.856541	76.199528	0.002289
257.000000	-75.674273	23.975889	0.003874
258.000000	-54.464622	85.195547	0.004398
259.000000	-89.019546	46.673376	0.001048
260.000000	-57.731068	-62.034607	0.006595
261.000000	67.321331	-82.347204	0.006342
262.000000	-73.779870	21.899192	0.004825
263.000000	-70.973112	51.788375	0.025919
264.000000	-62.200480	21.073838	0.005278
265.000000	-86.192926	-27.704614	0.000626
266.000000	-69.553158	73.069373	0.010910
267.000000	-75.291620	84.772223	0.003383
268.000000	-66.740823	49.385014	0.028134
269.000000	-87.383720	-72.817152	0.002613
270.000000	-74.399090	-22.407363	0.000462
271.000000	-79.163749	-61.622079	0.009402
272.000000	-67.302024	17.514568	0.001820
273.000000	-85.407283	-71.309884	0.006214
274.000000	-61.118992	-41.269645	0.113591
275.000000	-62.495472	-0.778564	0.002893
276.000000	-38.690369	-31.643767	0.003343
277.000000	-57.738550	-0.807453	0.013134
278.000000	-65.592772	-1.686477	0.002681
279.000000	-78.486317	38.416415	0.001366
280.000000	-81.929514	79.671316	0.004185
281.000000	75.556100	88.172396	0.006263
282.000000	-88.488058	-72.703529	0.002790
283.000000	82.932980	73.344529	0.003953
284.000000	-60.137499	39.436211	0.001082
285.000000	-70.581906	-44.301105	0.003289
286.000000	78.555493	84.688522	0.003631
287.000000	-61.323715	23.163110	0.002494
288.000000	-60.742531	48.653957	0.013677
289.000000	82.870092	-54.036174	0.005023
290.000000	-82.574387	-53.204088	0.004163
291.000000	-66.586550	-39.859592	0.005280
292.000000	-63.862554	34.773478	0.013057
293.000000	-58.698319	-2.065385	0.000948
294.000000	-82.616726	27.008920	0.104848
295.000000	-70.332325	-89.551378	0.002994
296.000000	-65.204412	67.464248	0.002977
297.000000	-76.135812	63.263807	0.002068
298.000000	-80.027054	60.552584	0.002767
299.000000	-56.519010	37.996192	0.007854
300.000000	-52.160314	52.643413	0.002142
301.000000	-83.195797	51.260534	0.001079
302.000000	-74.961456	14.710159	0.000622
303.000000	-32.281309	39.187531	0.002148
304.000000	-68.906391	37.566192	0.028038
305.000000	-37.174140	50.374763	0.004399
306.000000	88.053128	-78.977674	0.003216
307.000000	-77.613249	45.361173	0.003733
308.000000	-71.110713	-69.077457	0.802989
309.000000	-56.010531	-68.605706	0.004386
310.000000	-82.969151	-49.677144	0.035725
311.000000	-68.705873	72.327906	0.006190
312.000000	-65.632879	13.867118	0.012007
313.000000	-86.932265	-26.226833	0.001432
314.000000	-85.672532	-52.001702	0.023163
315.000000	-72.651258	-55.408864	0.001594
316.000000	77.637562	-87.137009	0.012491
317.000000	-52.408423	16.889970	0.000506
318.000000	-60.342788	40.585993	0.004789
319.000000	-86.229409	-63.873119	0.000218
320.000000	-47.835278	-53.795875	0.023201
321.000000	-74.890467	-56.893865	0.001362
322.000000	77.072098	79.929108	0.003790
323.000000	-53.429191	-50.271804	0.000533
324.000000	-76.205129	62.697883	0.002571
325.000000	-77.731029	73.603901	0.035802
326.000000	-75.306815	3.367355	0.492803
327.000000	-86.411293	81.974682	0.001243
328.000000	-74.988854	46.443885	0.017525
329.000000	-42.819636	30.812920	0.001185
330.000000	-78.399129	-25.161854	0.002839
331.000000	-68.394479	47.498682	0.012712
332.000000	-73.994148	-60.192926	0.001804
333.000000	-74.885838	-53.638480	0.057325
334.000000	-59.710801	8.720671	0.001934
335.000000	-56.572679	-43.588182	0.018623
336.000000	-73.728159	31.079758	0.052651
337.000000	86.307569	41.928681	0.002744
338.000000	-85.640471	9.266797	0.012148
339.000000	-56.389897	83.568250	0.001670
340.000000	64.221870	-90.007679	0.002884
341.000000	80.460659	88.495624	0.025144
342.000000	-48.331063	43.632657	0.001478
343.000000	-86.890541	77.242715	0.007475
344.000000	-76.128258	32.329140	0.002694
345.000000	-71.573089	-35.814405	0.020600
346.000000	-27.919051	5.524266	0.000275
347.000000	-38.128220	8.402032	0.013505
348.000000	-85.578935	-65.047098	0.002260
349.000000	-66.538029	7.242430	0.003774
350.000000	72.371659	81.646842	0.023029
351.000000	-63.374251	37.728072	0.008273
352.000000	-70.132855	-35.474881	0.001785
353.000000	-83.484088	42.427019	0.003718
354.000000	-63.302117	-0.135758	0.003303
355.000000	-58.772479	-15.666341	0.003719
356.000000	-70.969097	76.838151	0.003721
357.000000	-79.159119	-73.208825	0.016564
358.000000	-64.609140	-57.991909	0.004069
359.000000	-56.781946	23.033861	0.003726
360.000000	-63.539341	-85.887029	0.005822
361.000000	-76.377666	35.723302	0.002817
362.000000	83.684683	75.066437	0.002684
363.000000	-61.743407	41.556154	0.006539
364.000000	-78.583700	35.742135	0.041947
365.000000	-83.652903	-46.498447	0.013281
366.000000	-69.613249	51.185487	0.004523
367.000000	85.058188	-51.762863	0.002741
368.000000	-82.617750	-65.845741	0.002635
369.000000	-83.986507	-86.318227	0.002690
370.000000	-82.096230	-58.227716	0.002088
371.000000	-72.996900	-3.139067	0.005252
372.000000	-73.004400	-72.617625	0.002128
373.000000	-79.461373	-8.725697	0.000684
374.000000	-80.317097	74.346486	0.007745
375.000000	-71.394090	-30.701063	0.003815
376.000000	-75.850371	-56.267211	0.001269
377.000000	-88.566953	76.740645	0.001961
378.000000	-81.223546	24.157396	0.001881
379.000000	-89.695242	-28.310513	0.045367
380.000000	79.477291	-78.731051	0.002795
381.000000	-82.903602	68.305179	0.006364
382.000000	-74.903555	-43.456729	0.002365
383.000000	-71.870021	-67.845741	0.004812
384.000000	-90.989839	-40.966820	0.001367
385.000000	66.480537	87.815347	0.011846
386.000000	-61.935938	34.710159	0.001908
387.000000	84.410098	-62.982164	0.004075
388.000000	-90.071319	24.520523	0.000906
389.000000	-87.029000	-33.384708	0.001845
390.000000	-82.123629	-53.172432	0.017914
391.000000	81.620540	-60.073533	0.005558
392.000000	-65.623659	7.723281	0.010358
393.000000	-85.493454	38.998470	0.002247
394.000000	-87.887029	79.036182	0.002274
395.000000	-72.819135	88.974482	0.420109
396.000000	-78.164916	87.162985	0.002319
397.000000	-79.297433	11.703545	0.000471
398.000000	-63.415747	27.015445	0.002857
399.000000	82.776421	-28.137325	0.001347
400.000000	-83.827778	37.469564	0.001183
401.000000	-54.690992	-16.710550	0.006700
402.000000	-68.673014	49.462604	0.002900
403.000000	-70.527726	-56.941275	0.003084
404.000000	-69.689314	-41.782968	0.008216
405.000000	-81.591032	-61.682956	0.001869
406.000000	82.503183	-28.273756	0.008359
407.000000	-67.733972	-14.983329	0.004304
408.000000	-88.658744	-79.056398	0.004668
409.000000	-82.974765	1.245736	0.002627
410.000000	-62.767665	-21.166658	0.005845
411.000000	-88.651324	-52.299041	0.007295
412.000000	-62.900765	-55.763090	0.011311
413.000000	-88.253985	64.185595	0.007847
414.000000	85.292454	74.261099	0.001089
415.000000	79.664766	-40.645184	0.091455
416.000000	-73.889986	66.682656	0.006173
417.000000	-52.036367	-18.003481	0.006405
418.000000	-73.189406	-24.705858	0.056985
419.000000	-69.635895	-22.232280	0.008011
420.000000	-80.666624	-31.011992	0.002464
421.000000	-87.411097	-86.634284	0.004115
422.000000	67.449735	-78.063765	0.003687
423.000000	-74.538008	19.036215	0.001066
424.000000	-47.669697	70.776421	0.005723
425.000000	84.971039	69.230512	0.002835
426.000000	-78.266115	67.672983	0.007281
427.000000	-65.488804	59.395671	0.003605
428.000000	-83.129455	88.395992	0.032181
429.000000	-68.970156	-57.617275	0.001632
430.000000	-64.636303	24.571455	0.007290
431.000000	-74.705820	74.723221	0.003811
432.000000	-73.741492	-28.820149	0.004795
433.000000	-85.139241	53.106822	0.001130
434.000000	81.115956	84.073357	0.001906
435.000000	-84.088697	9.160254	0.210394
436.000000	-78.296455	12.105385	0.002872
437.000000	-70.325780	-0.725542	0.001900
438.000000	82.631529	-67.765733	0.011906
439.000000	-83.998831	19.103859	0.001587
440.000000	-58.057831	-11.835278	0.117077
441.000000	-74.817332	29.145200	0.002499
442.000000	82.683839	81.280164	0.002705
443.000000	-90.800324	52.581310	0.003202
444.000000	-80.389902	6.870545	0.005755
445.000000	-66.992217	-39.835051	0.005103
446.000000	-55.002834	31.414543	0.086844
447.000000	-81.246831	60.917752	0.004717
448.000000	-70.593523	-67.687573	0.004923
449.000000	-72.643770	-27.702516	0.001624
450.000000	-66.480570	21.571585	0.003639
451.000000	-84.562237	-74.392884	0.004897
452.000000	-60.488038	18.244617	0.000518
453.000000	-78.695502	-75.427499	0.001602
454.000000	-74.785232	70.184794	0.007316
455.000000	-74.362471	52.564908	0.004123
456.000000	-65.543917	28.038087	0.002198
457.000000	-75.835317	-26.521302	0.004072
458.000000	-54.842525	9.472596	0.001839
459.000000	-85.592772	-74.936646	0.002014
460.000000	-77.949742	54.201939	0.001654
461.000000	87.350483	-46.402032	0.001443
462.000000	-80.732160	66.725617	0.002553
463.000000	82.105385	-37.474827	0.001668
464.000000	-56.909726	30.957547	0.005544
465.000000	-82.977603	-41.666341	0.001697
466.000000	-82.478870	-76.227716	0.013427
467.000000	-76.678741	6.145032	0.001667
468.000000	-88.974838	-58.978521	0.002054
469.000000	82.169333	70.842655	0.000851
470.000000	-70.241071	-79.684697	0.012885
471.000000	-48.806642	-19.566434	0.001136
472.000000	-83.291620	-7.758407	0.001882
473.000000	-68.727510	-9.231924	0.005485
474.000000	-76.604490	-38.590580	0.015124
475.000000	70.258508	-86.068448	0.010571
476.000000	85.924031	-87.389479	0.008200
477.000000	74.800982	64.149668	0.008350
478.000000	89.936235	70.753580	0.003905
479.000000	-81.114309	-88.872870	0.001972
480.000000	-59.672460	-10.265374	0.011257
481.000000	-81.637615	76.850388	0.001950
482.000000	-87.329494	-46.629953	0.014357
483.000000	74.424094	-88.722686	0.009654
484.000000	-34.351579	9.850371	0.006011
485.000000	85.812477	-77.109665	0.001867
486.000000	88.584219	82.596577	0.001538
487.000000	90.581310	-77.302117	0.003563
488.000000	-53.939300	-73.363667	0.004810
489.000000	61.391238	88.880337	0.014678
490.000000	-57.770450	-11.951836	0.007662
491.000000	-77.039424	56.673376	0.001228
492.000000	-76.554841	-3.591085	0.002263
493.000000	88.399707	87.718811	0.005834
494.000000	82.938853	55.371864	0.007245
495.000000	-52.660484	-23.557948	0.003815
496.000000	-75.696988	-54.246257	0.004663
497.000000	-68.145038	-33.089787	0.016040
498.000000	-73.464282	-20.071319	0.001366
499.000000	-56.594070	37.262077	0.002860
500.000000	-78.763994	-38.184755	0.002574
501.000000	-88.557679	-49.124805	0.035522
502.000000	-77.181765	-38.232280	0.001720
503.000000	-80.350255	-27.961979	0.003751
504.000000	88.841055	30.405847	0.000914
505.000000	-78.318260	79.577524	0.005162
506.000000	-54.763457	5.204827	0.003464
507.000000	-73.432182	-51.715835	0.005163
508.000000	-84.821943	-22.648321	0.001398
509.000000	79.883892	-40.439256	0.007710
510.000000	80.025696	53.605521	0.004228
511.000000	-72.639207	-85.886849	0.002713
512.000000	-69.663306	63.064612	0.002289
513.000000	-88.500221	61.524266	0.003251
514.000000	-53.929514	-19.761317	0.017047
515.000000	-68.434606	88.075136	0.009493
516.000000	-62.782362	13.695227	0.005024
517.000000	-73.481218	-59.859216	0.008699
518.000000	90.142076	-12.220130	0.020670
519.000000	-65.845688	-46.051441	0.002996
520.000000	88.300069	-88.401999	0.003819
521.000000	-85.793431	-50.960861	0.001463
522.000000	-84.500221	78.810315	0.003044
523.000000	80.781071	30.483359	0.000875
524.000000	-89.782780	-12.820202	0.006318
525.000000	-75.324844	56.173995	0.012054
526.000000	88.808853	-64.351834	0.000971
527.000000	-88.937129	63.741560	0.002375
528.000000	-67.198734	-48.963500	0.007255
529.000000	-73.009317	51.497107	0.002862
530.000000	-78.084014	74.637932	0.002122
531.000000	-74.690992	52.954637	0.012993
532.000000	-63.077565	-67.573934	0.005215
533.000000	-83.354055	7.545430	0.005467
534.000000	-80.579017	69.163163	0.002519
535.000000	82.362385	-83.842691	0.002116
536.000000	-54.787135	64.918610	0.003580
537.000000	82.876478	72.840881	0.004750
538.000000	81.899120	30.371691	0.001832
539.000000	-68.246378	65.389843	0.005882
540.000000	-84.056091	64.610468	0.003380
541.000000	82.238683	35.434854	0.002678
542.000000	-44.327521	20.881162	0.001724
543.000000	-83.269651	-61.546874	0.003521
544.000000	-85.183473	59.948898	0.002814
545.000000	-61.902116	50.287833	0.002778
546.000000	-83.595715	34.425695	0.004013
547.000000	-59.398773	-13.575746	0.009831
548.000000	-72.841592	13.370219	0.001133
549.000000	-77.000162	-6.569776	0.002331
550.000000	74.201939	-82.521302	0.005108
551.000000	78.439289	-76.033337	0.004698
552.000000	-66.891332	65.255765	0.003622
553.000000	-77.793431	33.350417	0.020622
554.000000	-72.200446	-39.773500	0.012102
555.000000	-53.161969	-44.695306	0.973850
556.000000	-85.378934	-31.470056	0.000973
557.000000	-79.692431	-58.684482	0.002779
558.000000	-68.330605	73.163091	0.003920
559.000000	-77.102024	-85.502258	0.003971
560.000000	-81.867151	-66.538008	0.011911
561.000000	-67.680053	-13.007342	0.004327
562.000000	-77.580676	-80.191835	0.002279
563.000000	-57.259101	77.490214	0.001826
564.000000	-81.942209	-15.394129	0.002379
565.000000	-79.817744	83.011902	0.133960
566.000000	-86.172470	1.123910	0.068781
567.000000	-75.998798	-9.329494	0.004237
568.000000	88.500274	84.547921	0.005976
569.000000	-64.574420	37.913913	0.095475
570.000000	84.785802	-81.753817	0.003047
571.000000	-89.189406	83.084143	0.038494
572.000000	-85.768903	61.728072	0.003578
573.000000	-74.291772	51.642212	0.001284
574.000000	-52.075969	47.330399	0.008450
575.000000	-83.556153	-27.998798	0.001900
576.000000	-81.528878	71.835519	0.050537
577.000000	-65.169562	-40.113205	0.012081
578.000000	-83.994148	-87.504389	0.002349
579.000000	-64.234918	-32.130723	0.795360
580.000000	-81.778183	-46.923324	0.004619
581.000000	69.728106	37.486565	0.010543
582.000000	-86.422476	3.565394	0.001564
583.000000	89.996519	-62.903608	0.001689
584.000000	-67.867151	37.732756	0.003618
585.000000	-72.466667	10.472863	0.004723
586.000000	-62.214370	-51.041165	0.051333
587.000000	-79.798061	85.202632	0.002676
588.000000	-80.249287	22.062474	0.001510
589.000000	-75.954392	47.034489	0.066641
590.000000	-85.580628	-24.353191	0.001706
591.000000	-77.211288	55.421865	0.002490
592.000000	-87.870249	75.921095	0.003005
593.000000	-78.096197	46.456030	0.002335
594.000000	79.546820	67.628268	0.001935
595.000000	-64.961423	-30.755612	0.008595
596.000000	-71.196993	20.082690	0.003288
597.000000	-73.053489	-11.854908	0.001282
598.000000	-32.298948	-6.582098	0.071311
599.000000	-63.203701	-68.177958	0.009243
600.000000	-70.750049	-81.418690	0.005681
601.000000	-85.178823	-38.733230	0.007684
602.000000	-50.368808	50.433566	0.021339
603.000000	-64.396273	52.824533	0.010292
604.000000	-82.016476	-84.565093	0.002359
605.000000	-82.745420	38.810594	0.012612
606.000000	-73.358705	-11.672553	0.002588
607.000000	-69.069924	-81.960313	0.006496
608.000000	-63.169582	-1.329528	0.003862
609.000000	-79.415747	-58.671148	0.002516
610.000000	-62.137499	17.254845	0.002267
611.000000	-67.597422	40.099929	0.019049
612.000000	-85.914440	-74.123542	0.001787
613.000000	-64.577329	-15.672532	0.003137
614.000000	-72.063765	67.886795	0.043087
615.000000	-77.271425	45.428658	0.003378
616.000000	-82.205129	68.497370	0.001802
617.000000	-53.178823	50.135758	0.006093
618.000000	-73.753817	-46.804901	0.006571
619.000000	75.319519	-88.847068	0.012390
620.000000	-61.484121	-67.649766	0.006906
621.000000	75.879242	84.940698	0.006090
622.000000	-75.336039	-23.448532	0.004326
623.000000	86.307744	-32.143345	0.000779
624.000000	-68.668364	7.166154	0.026379
625.000000	-67.069924	34.046418	0.011175
626.000000	-61.409434	21.303789	0.007060
627.000000	-81.583585	-3.519463	0.025196
628.000000	-68.454570	-24.676928	0.027116
629.000000	-73.684697	-77.689468	0.004269
630.000000	-89.171302	83.328993	0.002634
631.000000	78.776387	-51.573493	0.002090
632.000000	-79.338876	45.722670	0.001243
633.000000	-55.404718	-30.518392	0.009819
634.000000	-89.929514	37.943768	0.039768
635.000000	89.377600	-43.929547	0.002315
636.000000	82.025696	89.528683	0.002182
637.000000	-62.947319	37.455603	0.024662
638.000000	-75.909636	-26.722638	0.001054
639.000000	-85.366658	-71.670314	0.004983
640.000000	-62.177114	-14.584612	0.040564
641.000000	-64.811292	16.648536	0.008790
642.000000	85.109533	76.506195	0.001356
643.000000	-72.266115	54.459060	0.004610
644.000000	81.888575	-57.029000	0.005380
645.000000	-69.234075	53.313726	0.003160
646.000000	-78.844429	13.434854	0.002387
647.000000	-70.747193	-60.510472	0.003786
648.000000	-69.171302	-41.339106	0.003316
649.000000	77.560697	42.616455	0.002482
650.000000	81.385000	-89.047142	0.002974
651.000000	74.702567	22.572495	0.002443
652.000000	-82.530615	60.697917	0.001779
653.000000	-85.841091	-50.449626	0.003576
654.000000	-65.314441	-2.489221	0.007824
655.000000	69.762809	78.129751	0.041387
656.000000	-60.708159	9.941994	0.005634
657.000000	78.972780	78.528197	0.001816
658.000000	82.658181	-75.788781	0.005450
659.000000	-63.351113	13.186687	0.007788
660.000000	-59.271425	25.046542	0.005924
661.000000	-80.607534	87.460479	0.002525
662.000000	-73.254505	-38.318744	0.010090
663.000000	-83.101985	77.960802	0.001240
664.000000	-37.553244	-28.745221	0.002621
665.000000	-73.139241	19.865803	0.001366
666.000000	-86.256874	54.613425	0.001099
667.000000	-83.524267	83.479032	0.002526
668.000000	79.568283	-47.533648	0.005425
669.000000	77.563654	83.782780	0.003714
670.000000	-86.179970	-0.088697	0.002149
671.000000	-69.862554	48.050204	0.002579
672.000000	-71.608517	34.339684	0.020836
673.000000	-82.610356	-1.817711	0.001265
674.000000	-49.795065	-33.523336	0.004798
675.000000	-75.008962	32.940641	0.091910
676.000000	83.775241	-34.304009	0.009466
677.000000	72.888561	-88.379013	0.008378
678.000000	-77.454949	25.425628	0.000938
679.000000	-64.675852	-5.432182	0.007051
680.000000	-89.758500	73.079579	0.001807
681.000000	-73.885336	-62.224780	0.001347
682.000000	-61.319032	26.877293	0.011618
683.000000	86.367014	-86.102136	0.003340
684.000000	-69.628341	18.053141	0.004957
685.000000	-73.770596	-42.389902	0.002642
686.000000	-63.718846	-36.806443	0.127154
687.000000	-76.485220	-31.004312	0.003493
688.000000	-77.186497	-9.564911	0.004029
689.000000	-85.986507	-89.628341	0.237320
690.000000	-86.701229	-25.595715	0.001408
691.000000	-70.824286	-11.827497	0.008171
692.000000	80.708380	-44.770125	0.009806
693.000000	-76.629814	70.938919	0.007127
694.000000	-87.471803	74.520523	0.002210
695.000000	-78.212629	68.662831	0.002806
696.000000	-73.835317	27.664766	0.001719
697.000000	-85.079257	85.854914	0.004210
698.000000	80.873487	75.518458	0.003915
699.000000	-63.117218	21.807054	0.002680
700.000000	-78.249287	-34.973024	0.007468
701.000000	-64.108555	-34.795641	0.010733
702.000000	-60.475961	-64.125175	0.007634
703.000000	-80.876335	85.882496	0.188372
704.000000	-83.793378	-54.155603	0.002643
705.000000	-79.109626	54.207028	0.003724
706.000000	-57.214662	31.621292	0.006053
707.000000	-59.334298	-0.598206	0.001795
708.000000	84.676285	49.160433	0.002858
709.000000	-86.809598	-89.623219	0.001315
710.000000	-64.865820	-6.347292	0.007300
711.000000	-82.966106	-62.274459	0.167456
712.000000	-67.374251	78.637899	0.006025
713.000000	82.292516	54.488091	0.019770
714.000000	-69.635895	13.208955	0.002611
715.000000	-75.209514	25.557841	0.003294
716.000000	87.746068	-50.414916	0.001746
717.000000	-62.068409	14.937630	0.001671
718.000000	-70.594351	-87.416988	0.007078
719.000000	-58.620495	-32.256010	0.002537
720.000000	74.631529	-82.176894	0.004484
721.000000	-81.929514	-2.100880	0.001312
722.000000	-53.338909	65.184993	0.002381
723.000000	-79.415781	57.170919	0.001627
724.000000	-73.016637	1.435073	0.006171
725.000000	-80.179970	4.441029	0.001629
726.000000	-67.166619	12.048164	0.003135
727.000000	-72.205129	-40.264374	0.003691
728.000000	-87.464210	-76.594968	0.001273
729.000000	-87.741492	-88.291806	0.002939
730.000000	84.234033	7.469418	0.003072
731.000000	-84.200446	-70.625217	0.019426
732.000000	72.910180	-86.538008	0.008545
733.000000	-58.278285	-51.883978	0.001162
734.000000	79.605521	-46.864080	0.003369
735.000000	80.870545	-54.864026	0.009510
736.000000	-70.312467	9.099388	0.006554
737.000000	-75.573036	71.781915	0.023501
738.000000	67.847181	-88.215500	0.005657
739.000000	-82.174190	-59.963807	0.000282
740.000000	-74.066669	68.540368	0.009342
741.000000	-64.977674	42.460659	0.031324
742.000000	-86.839779	84.839892	0.002425
743.000000	-49.479809	34.890462	0.003814
744.000000	-63.432188	46.018209	0.002865
745.000000	-82.220183	1.262167	0.001468
746.000000	-63.616119	-38.615812	0.005007
747.000000	-80.503130	28.283183	0.001384
748.000000	-87.998831	-84.100880	0.002527
749.000000	82.955546	-39.559018	0.001245
750.000000	81.309148	-65.471464	0.013948
751.000000	-70.619562	35.762809	0.003043
752.000000	-86.696579	-76.768405	0.002405
753.000000	-67.415747	30.760522	0.039021
754.000000	86.234000	-43.994148	0.004603
755.000000	-61.143871	-44.232468	0.003537
756.000000	-74.446842	47.271588	0.003494
757.000000	85.928681	67.123824	0.001179
758.000000	-77.874932	-47.974270	0.002495
759.000000	-80.241802	83.214822	0.002067
760.000000	-61.331409	-87.795065	0.003480
761.000000	-58.252244	25.691053	0.002664
762.000000	87.179798	-27.152521	0.003582
763.000000	87.523986	-29.299174	0.001256
764.000000	-73.383545	77.299078	0.008490
765.000000	-52.644949	38.040032	0.035149
766.000000	-58.456895	30.986665	0.001487
767.000000	89.325909	63.695991	0.007497
768.000000	-67.235816	7.251545	0.118821
769.000000	-88.865800	7.911362	0.001062
770.000000	-63.597456	42.763393	0.009570
771.000000	-83.899212	-60.614986	0.002650
772.000000	-69.645121	-36.076002	0.002633
773.000000	-80.503130	23.478698	0.002931
774.000000	87.948559	-60.249287	0.000930
775.000000	-72.451400	-9.971361	0.002058
776.000000	-58.116075	-62.973024	0.016881
777.000000	-32.403740	-80.162905	0.003884
778.000000	-49.178823	56.671468	0.004450
779.000000	-77.604976	-37.247604	0.002345
780.000000	-69.178823	-32.878955	0.008722
781.000000	-84.155690	56.238716	0.005814
782.000000	-62.269024	-40.267211	0.005762
783.000000	-72.579070	-25.921921	0.002708
784.000000	87.446971	-58.577276	0.001344
785.000000	54.192120	-89.399072	0.003580
786.000000	-66.710470	-85.894543	0.014359
787.000000	77.911303	66.555575	0.003986
788.000000	-83.174140	-81.194401	0.001756
789.000000	-56.755612	34.446723	0.003261
790.000000	-82.322910	-84.325813	0.001785
791.000000	86.253683	-64.935355	0.005283
792.000000	83.158341	21.839947	0.000945
793.000000	-43.150570	-51.271911	0.228081
794.000000	-52.379547	12.735898	0.002108
795.000000	-81.704614	17.735626	0.001412
796.000000	-45.971400	14.465309	0.004145
797.000000	-76.538029	84.078007	0.003722
798.000000	-74.137499	86.040997	0.003266
799.000000	-75.117179	-37.690245	0.002625
800.000000	-63.411097	15.737671	0.008324
801.000000	-74.841520	-49.852956	0.033492
802.000000	-70.268985	5.010268	0.001658
803.000000	88.673415	3.063321	0.002977
804.000000	-61.461373	10.692799	0.004802
805.000000	-72.681525	-89.531787	0.001772
806.000000	-82.853584	8.986234	0.001566
807.000000	89.134200	-0.295460	0.005699
808.000000	-75.359125	-61.147094	0.002557
809.000000	-89.111439	-26.004737	0.001160
810.000000	71.025162	-87.067033	0.053699
811.000000	-81.820615	88.472809	0.004182
812.000000	-64.224807	67.030092	0.007789
813.000000	-80.586517	34.604218	0.002611
814.000000	-80.224813	37.184448	0.002313
815.000000	-80.197576	17.752439	0.000925
816.000000	-71.302117	-39.877802	0.007687
817.000000	-60.401999	31.924031	0.557742
818.000000	75.772370	-89.750946	0.002897
819.000000	-70.571463	-79.287411	0.003811
820.000000	-77.701705	-16.989303	0.005613
821.000000	42.788712	64.777697	0.003841
822.000000	-79.036481	78.597029	0.160073
823.000000	-78.371939	-20.722653	0.004639
824.000000	-85.016637	74.229410	0.085174
825.000000	-73.021287	63.765980	0.108537
826.000000	-65.509000	-38.962307	0.007549
827.000000	-78.924999	-60.478725	0.001476
828.000000	-61.942209	-85.249773	0.004222
829.000000	81.867145	76.110014	0.017200
830.000000	-66.006385	-3.435092	0.004983
831.000000	-74.212576	63.693957	0.035505
832.000000	-79.091528	-64.869535	0.002080
833.000000	-58.157464	28.939409	0.004003
834.000000	-74.367068	-13.389446	0.003866
835.000000	-84.330605	48.680930	0.003709
836.000000	-81.406366	81.323072	0.003041
837.000000	-73.887029	-0.666664	0.003388
838.000000	-77.306848	-54.357577	0.013979
839.000000	-74.187523	-11.051715	0.075746
840.000000	-68.782328	25.409614	0.005309
841.000000	-77.101985	-68.224827	0.006046
842.000000	-85.649993	-63.569825	0.011653
843.000000	-28.120719	16.555527	0.005734
844.000000	60.180548	-53.613128	0.003026
845.000000	-68.762214	17.438044	0.004288
846.000000	-69.652864	-36.739210	0.008909
847.000000	-77.021461	25.239845	0.001594
848.000000	-79.731029	42.797120	0.005582
849.000000	-84.973092	76.315336	0.054671
850.000000	-78.158080	24.930613	0.004860
851.000000	79.050721	-74.253878	0.002054
852.000000	-66.488058	-30.120525	0.026517
853.000000	-85.921993	-14.172470	0.001451
854.000000	-55.891619	-33.302024	0.003102
855.000000	-74.411293	5.807146	0.001671
856.000000	-58.103751	6.815364	0.021532
857.000000	76.001169	83.286588	0.001623
858.000000	81.504475	-31.218842	0.000578
859.000000	-75.763090	76.636212	0.004470
860.000000	-86.288896	-68.592166	0.017016
861.000000	-63.672460	35.081591	0.001014
862.000000	-90.063765	48.762933	0.002724
863.000000	-75.383666	-31.364108	0.036978
864.000000	-71.957296	-56.338105	0.002430
865.000000	-28.675832	3.076994	0.000175
866.000000	-78.566887	-74.933343	0.003159
867.000000	-47.363788	64.102886	0.002338
868.000000	51.818256	-85.074607	0.005356
869.000000	-73.862521	62.902659	0.009478
870.000000	65.883892	-40.935388	0.003864
871.000000	-70.131162	-74.318260	0.004099
872.000000	-57.198734	-47.030125	0.011114
873.000000	-60.890858	56.272976	0.005818
874.000000	-80.899800	7.172703	0.003182
875.000000	-83.954426	14.217220	0.003197
876.000000	-51.585219	5.625418	0.004450
877.000000	-74.411293	18.016435	0.287587
878.000000	-68.270765	53.528916	0.016769
879.000000	-46.293513	27.184993	0.004013
880.000000	-75.046959	48.645666	0.009867
881.000000	-72.538023	-7.820104	0.006599
882.000000	-73.271425	81.237819	0.003487
883.000000	-84.063765	86.593634	0.001543
884.000000	-49.047098	60.679534	0.005738
885.000000	-57.758461	40.612275	0.019806
886.000000	-85.311498	56.872390	0.002144
887.000000	-77.545658	-3.880388	0.003987
888.000000	-53.748004	-3.216663	0.010825
889.000000	-73.718813	31.639177	0.006073
890.000000	66.040924	-58.409553	0.003215
891.000000	-90.634511	-83.476447	0.002137
892.000000	-61.139175	-54.734782	0.002627
893.000000	-57.239223	10.387491	0.026549
894.000000	-82.322910	-65.536470	0.000655
895.000000	77.442321	77.617704	0.002401
896.000000	-86.532322	-77.974231	0.001993
897.000000	-68.598120	-61.889986	0.001712
898.000000	-68.646608	-41.388228	0.005512
899.000000	-70.122499	-86.342662	0.013341
900.000000	-75.773500	-25.796335	0.001320
901.000000	-75.597456	71.349159	0.004226
902.000000	-55.855015	18.744375	0.002477
903.000000	-77.024350	61.108509	0.002341
904.000000	-74.364158	-27.560765	0.004096
905.000000	-66.448583	35.827623	0.003645
906.000000	-74.096251	-71.479477	0.005744
907.000000	-80.384036	88.627343	0.006496
908.000000	-70.148169	33.924031	0.006037
909.000000	71.025593	74.257015	0.006607
910.000000	84.951161	87.929000	0.001181
911.000000	-65.850371	61.091697	0.026208
912.000000	-80.019380	-71.575978	0.001425
913.000000	83.025235	75.817280	0.002210
914.000000	81.062818	-60.502831	0.004656
915.000000	-73.761317	64.214317	0.002195
916.000000	-51.906847	-15.013291	0.007483
917.000000	-66.330605	57.498682	0.002850
918.000000	-84.763994	-67.864735	0.000385
919.000000	-81.971400	-31.961946	0.013532
920.000000	89.939105	16.598318	0.000726
921.000000	-81.855015	81.925931	0.071822
922.000000	87.372956	-77.711151	0.000907
923.000000	-45.598054	56.522136	0.001217
924.000000	89.143408	-74.525985	0.000670
925.000000	-74.274513	56.001628	1.272174
926.000000	-81.548567	-74.469624	0.002918
927.000000	-78.510612	63.536330	0.001262
928.000000	-81.934197	-86.036367	0.002459
929.000000	-89.735713	75.620647	0.006485
930.000000	-79.082248	79.807287	0.004477
931.000000	81.943755	87.677090	0.002194
932.000000	-83.283781	38.862538	0.003963
933.000000	-57.926643	-1.635895	0.001990
934.000000	-74.792786	19.568250	0.004999
935.000000	-68.244705	-32.957831	0.051073
936.000000	-66.792771	56.388438	0.041945
937.000000	-84.071319	5.712878	0.002423
938.000000	-79.306848	74.737908	0.015536
939.000000	-89.746317	56.354879	0.029859
940.000000	-63.825265	-34.701295	0.007560
941.000000	-83.870249	-32.617889	0.001582
942.000000	-83.687606	-73.418690	0.004010
943.000000	-74.307784	-39.755383	0.010385
944.000000	89.844310	70.854999	0.001419
945.000000	-88.036387	58.201992	0.001337
946.000000	-55.632666	-66.142002	0.002076
947.000000	-67.465141	42.924808	0.000871
948.000000	-89.471884	-37.423971	0.005722
949.000000	-57.669676	-11.974231	0.001452
950.000000	-53.838221	21.839714	0.000097
951.000000	-82.187523	31.911323	0.002871
952.000000	-65.274383	69.869136	0.010874
953.000000	-65.610345	-30.773914	0.008054
954.000000	-54.987833	9.170494	0.007557
955.000000	-69.051588	46.503411	0.005421
956.000000	-85.733939	-86.533518	0.066886
957.000000	-86.164916	-71.660370	0.001098
958.000000	-74.167873	-54.999809	0.008285
959.000000	-48.949279	-1.351517	0.005945
960.000000	-81.041165	87.948598	0.008029
961.000000	-64.893231	57.469564	0.005473
962.000000	-71.391186	27.955307	0.006634
963.000000	-76.735030	77.918895	0.002145
964.000000	-63.842871	-19.571207	0.010833
965.000000	-60.977709	-50.011646	0.009574
966.000000	-58.276539	9.797741	0.006422
967.000000	-65.427499	-72.611748	0.018133
968.000000	-83.731029	61.793633	0.004284
969.000000	-54.028713	61.565428	0.002659
970.000000	-80.785271	82.850349	0.035005
971.000000	-67.388349	-62.810893	0.005312
972.000000	-62.347346	-18.237065	0.008704
973.000000	-86.187523	78.371745	0.001500
974.000000	86.174735	-45.746296	0.001732
975.000000	-74.281348	64.117601	0.006845
976.000000	-72.624141	50.547940	0.119073
977.000000	-69.798061	-54.607399	0.002174
978.000000	88.212349	-27.303372	0.001170
979.000000	-87.134105	-65.961979	0.000911
980.000000	-47.698968	12.969276	0.001263
981.000000	-70.096197	-46.856665	0.001320
982.000000	-86.538008	-77.297433	0.005410
983.000000	82.781071	80.670424	0.003296
984.000000	-60.993538	-14.291313	0.008765
985.000000	88.934759	81.864453	0.002639
986.000000	-71.560678	-31.364141	0.002687
987.000000	-59.489122	59.608059	0.003981
988.000000	-82.618243	-40.062228	0.006120
989.000000	87.199676	-80.674111	0.007462
990.000000	-86.876191	34.113151	0.001108
991.000000	-62.063765	2.508286	0.003824
992.000000	84.910252	-84.777075	0.005185
993.000000	-38.160319	23.632932	0.002698
994.000000	-73.853275	-81.825298	0.001835
995.000000	86.330410	89.986433	0.001077
996.000000	-90.592393	-80.149703	0.004078
997.000000	71.993615	79.755363	0.001663
998.000000	-48.117849	-34.369932	0.001356
999.000000	-50.285959	-46.590580	0.001714
1000.000000	87.234877	-69.036553	0.016916
1001.000000	-66.885817	-78.456103	0.005351
1002.000000	-60.147909	-2.775904	0.017232
1003.000000	-81.306848	-70.779925	0.004992
1004.000000	-59.937559	-26.439256	0.011918
1005.000000	-56.318227	-44.128205	0.012626
1006.000000	-86.241748	80.214161	0.001580
1007.000000	-56.003481	-20.224759	0.005768
1008.000000	-59.560711	25.417515	0.002996
1009.000000	-75.595715	-81.097341	0.004826
1010.000000	-70.019380	22.938919	0.015354
1011.000000	-66.973112	-7.711151	0.012395
1012.000000	-71.655720	-32.652421	0.006208
1013.000000	-60.357841	2.391974	0.005660
1014.000000	89.883892	73.224062	0.001465
1015.000000	82.530932	-66.884967	0.002585
1016.000000	-67.354475	6.073816	0.016592
1017.000000	-55.750946	-46.150812	0.010087
1018.000000	-53.730996	-52.001276	0.003064
1019.000000	-81.214246	12.356836	0.004545
1020.000000	-86.327521	77.472555	0.002525
1021.000000	-86.010531	33.856741	0.001954
1022.000000	88.776421	65.187443	0.003539
1023.000000	-67.894582	26.995541	0.005501
1024.000000	-73.114309	-68.652156	0.004516
1025.000000	-75.929514	-78.389902	0.002647
1026.000000	-69.753850	-60.239974	0.002067
1027.000000	-80.668405	-32.362379	0.002124
1028.000000	-56.473955	-55.004771	0.006012
1029.000000	-43.300894	38.735622	0.002262
1030.000000	-79.560711	36.599932	0.030670
1031.000000	-61.994148	45.684644	0.010353
1032.000000	-69.456690	65.358235	0.062229
1033.000000	-60.857967	-17.979667	0.004701
1034.000000	-77.044156	-36.696714	0.005879
1035.000000	88.601188	-69.810158	0.001728
1036.000000	-60.431842	-81.513949	0.008369
1037.000000	-44.076002	27.434854	0.014935
1038.000000	-82.619557	30.149896	0.006193
1039.000000	86.206622	-56.409553	0.000749
1040.000000	-23.392295	34.694082	0.002997
1041.000000	-58.817293	-15.971240	0.005631
1042.000000	-66.453180	23.738568	0.012772
1043.000000	-79.053522	-22.950123	0.002237
1044.000000	-64.391590	-62.948692	0.043534
1045.000000	-84.625125	70.035522	0.005573
1046.000000	-57.954426	71.350483	0.005262
1047.000000	87.216509	83.654342	0.010283
1048.000000	76.958802	-54.894632	0.002510
1049.000000	-62.795356	23.839980	0.001613
1050.000000	-59.738583	1.986751	0.003024
1051.000000	-65.526007	-18.100841	0.007249
1052.000000	-72.868724	-66.347378	0.003450
1053.000000	-57.701551	-10.654209	0.004831
1054.000000	-69.099114	31.260771	0.006553
1055.000000	-78.327521	41.234646	0.004711
1056.000000	-73.294524	-32.657186	0.014979
1057.000000	-72.253932	-22.873181	0.009302
1058.000000	-88.253932	-69.378862	0.007004
1059.000000	87.851831	-66.844429	0.001037
1060.000000	-69.424508	60.416787	0.007804
1061.000000	82.078007	67.864188	0.002760
1062.000000	-83.565622	-26.648003	0.002635
1063.000000	-66.602803	-54.622379	0.002191
1064.000000	-78.192946	22.057824	0.001344
1065.000000	-68.745467	12.596544	0.008500
1066.000000	-84.960929	-63.743159	0.001993
1067.000000	-76.068448	2.910180	0.004009
1068.000000	-76.446842	-59.566752	0.062642
1069.000000	81.879242	-71.814841	0.000588
1070.000000	84.750233	-87.818271	0.002857
1071.000000	87.996519	-89.435092	0.003424
1072.000000	-71.181814	-24.501313	0.046617
1073.000000	-79.094398	26.253186	0.010504
1074.000000	81.341262	-80.319032	0.007339
1075.000000	86.298329	88.443972	0.005094
1076.000000	-81.942209	20.480537	0.002383
1077.000000	-73.516592	-52.223087	0.006712
1078.000000	-63.761370	-58.518064	0.008166
1079.000000	-74.518064	87.928681	0.004555
1080.000000	-79.429279	-75.086757	0.001544
1081.000000	-57.981824	63.486652	0.005541
1082.000000	-73.677144	-15.460890	0.006071
1083.000000	-69.600293	39.607512	0.011487
1084.000000	-59.476447	-41.405994	0.017192
1085.000000	-84.332171	81.862414	0.005395
1086.000000	-86.785232	52.890341	0.004737
1087.000000	81.041974	-82.149703	0.002071
1088.000000	-89.237531	86.097975	0.007662
1089.000000	-75.299207	84.563671	0.005793
1090.000000	68.730316	86.543271	0.007069
1091.000000	-69.156075	-33.361217	0.002512
1092.000000	-57.189952	23.069116	0.078518
1093.000000	-63.832408	-51.568439	0.013549
1094.000000	-31.106635	13.801888	0.000104
1095.000000	-66.640953	-78.519924	0.006524
1096.000000	-73.246864	-48.461598	0.007789
1097.000000	-81.331235	33.001936	0.016119
1098.000000	-78.486317	68.057791	0.004743
1099.000000	-72.446842	-58.888727	0.001058
1100.000000	-68.322871	-5.089627	0.084220
1101.000000	-66.660484	-11.456690	0.004482
1102.000000	-82.557673	-47.013766	0.001717
1103.000000	-83.689521	-25.244752	0.003677
1104.000000	-71.782741	-25.355311	0.007214
1105.000000	-75.553244	-0.983150	0.003955
1106.000000	-58.480570	-45.289841	0.008252
1107.000000	-79.294524	34.317362	0.007199
1108.000000	-84.554841	-43.986507	0.001900
1109.000000	-78.826573	-9.652723	0.002354
1110.000000	-82.357788	77.342583	0.001328
1111.000000	-84.569722	85.128453	0.001577
1112.000000	-67.807248	-5.137761	0.029306
1113.000000	75.289551	-3.608425	0.005031
1114.000000	-65.674273	40.883241	0.005578
1115.000000	-81.234124	26.835581	0.001231
1116.000000	-74.607399	-64.252191	0.002636
1117.000000	-73.206605	75.281983	0.002432
1118.000000	-76.367068	69.135920	0.003964
1119.000000	67.041974	41.580661	0.005426
1120.000000	-77.074574	-25.404718	0.007150
1121.000000	-66.920489	-42.369758	0.141994
1122.000000	75.457327	15.352494	0.004715
1123.000000	-62.950244	-19.942955	0.013690
1124.000000	-77.386416	69.701013	0.001906
1125.000000	-64.253985	18.051508	0.005030
1126.000000	-61.969620	-28.071319	0.017885
1127.000000	-65.354334	27.954339	0.007391
1128.000000	-86.456050	-65.291500	0.002567
1129.000000	-70.535185	-8.695221	0.002912
1130.000000	-88.241748	61.794996	0.010586
1131.000000	-72.270765	-76.885911	0.002035
1132.000000	-74.671308	-49.441616	0.192226
1133.000000	-74.444744	-18.371712	0.008925
1134.000000	-72.929575	-60.180616	0.056837
1135.000000	-66.205091	-45.441495	0.004426
1136.000000	-60.616694	-20.525579	0.009881
1137.000000	-86.498553	77.617704	0.007363
1138.000000	76.122251	-83.770683	0.003488
1139.000000	-74.270765	-4.518372	0.060045
1140.000000	83.070404	-89.735713	0.025361
1141.000000	-81.048839	37.383481	0.045181
1142.000000	-85.029453	-41.262125	0.002646
1143.000000	-70.522796	47.716744	0.033495
1144.000000	-72.369938	-33.865371	0.026003
1145.000000	-72.953376	-69.262092	0.035824
1146.000000	-89.604943	-76.025088	0.026968
1147.000000	86.753136	20.667920	0.002344
1148.000000	-82.322910	87.389644	0.002723
1149.000000	-74.339845	4.801069	0.022505
1150.000000	-71.449157	-42.755558	0.014595
1151.000000	-77.889932	78.033250	0.012209
1152.000000	84.332310	22.429090	0.003520
1153.000000	88.298295	79.574456	0.003121
1154.000000	-56.303637	20.389322	0.010816
1155.000000	-75.274416	40.904845	0.003702
1156.000000	81.903803	70.013526	0.002785
1157.000000	-71.921960	36.622845	0.006882
1158.000000	-82.754714	-6.602516	0.006743
1159.000000	60.648854	-61.199051	0.002733
1160.000000	-81.118959	30.374476	0.001188
1161.000000	-65.010387	56.947422	0.001581
1162.000000	-77.575978	55.856688	0.004032
1163.000000	84.598318	75.226550	0.027023
1164.000000	-90.595303	-77.214252	0.023636
1165.000000	-55.835278	54.905548	0.045752
1166.000000	88.742591	-54.915625	0.001575
1167.000000	-85.024370	76.990878	0.012865
1168.000000	-82.602797	49.632971	0.004606
1169.000000	-76.515076	76.796299	0.002658
1170.000000	-80.680481	-47.536204	0.003443
1171.000000	-60.174190	53.965348	0.003401
1172.000000	-58.160334	16.216361	0.011307
1173.000000	-86.733280	-11.207156	0.119646
1174.000000	-71.859579	68.120336	0.004256
1175.000000	62.857313	-72.709303	0.010010
1176.000000	-54.621303	-35.969181	0.204298
1177.000000	82.160038	83.991117	0.055778
1178.000000	-67.550167	17.642423	0.094224
1179.000000	86.938832	63.646070	0.043587
1180.000000	-72.152553	26.898015	0.001998
1181.000000	-67.763090	21.008920	0.010746
1182.000000	-53.411987	-54.484272	0.006961
1183.000000	-90.102621	48.431594	0.006573
1184.000000	-76.296455	-10.014696	0.005020
1185.000000	-73.669643	-27.152203	0.003822
1186.000000	-85.009083	-72.088605	0.005148
1187.000000	79.022397	88.688643	0.005599
1188.000000	-85.914460	-86.096197	0.001769
1189.000000	84.379197	63.142482	0.003449
1190.000000	-74.705805	-77.338948	0.016526
1191.000000	78.065803	-80.800271	0.019226
1192.000000	88.471122	63.374499	0.003786
1193.000000	81.555202	66.460860	0.005114
1194.000000	-81.877749	-60.503130	0.002644
1195.000000	81.501571	-43.859612	0.000952
1196.000000	-78.713412	71.397197	0.002140
1197.000000	-68.108575	83.654428	0.013245
1198.000000	-62.258561	-9.259101	0.010080
1199.000000	-82.653948	66.070174	0.003942
1200.000000	-73.919090	34.842796	0.006936
1201.000000	-88.123629	-4.792684	0.016731
1202.000000	75.852091	-66.550191	0.004270
1203.000000	85.812477	-61.619029	0.002558
1204.000000	-87.381805	-75.479477	0.001121
1205.000000	-59.951522	80.411818	0.000325
1206.000000	-57.154792	14.156557	0.124218
1207.000000	-87.580628	68.633282	0.001265
1208.000000	-66.088664	25.712911	0.008664
1209.000000	-43.856567	14.875579	0.001750
1210.000000	-68.003481	33.370186	0.008368
1211.000000	-67.444507	-20.239548	0.007534
1212.000000	-82.532282	-49.424508	0.002624
1213.000000	-82.116075	66.102601	0.003386
1214.000000	-76.381803	33.531861	0.005124
1215.000000	-69.094392	15.456694	0.008324
1216.000000	-63.346463	-24.986814	0.000694
1217.000000	88.181696	77.315644	0.014187
1218.000000	-53.891619	-11.626297	0.007157
1219.000000	84.593634	81.216509	0.036702
1220.000000	-81.129734	65.177449	0.003877
1221.000000	-75.039545	-28.743603	0.001526
1222.000000	83.926908	44.070033	0.001472
1223.000000	-62.019380	-7.241947	0.016318
1224.000000	-88.399176	-28.792504	0.012752
1225.000000	-55.874893	-40.893024	0.008921
1226.000000	-62.879447	78.680930	0.015754
1227.000000	-72.251028	7.433254	0.003157
1228.000000	-86.434491	-81.546342	0.010569
1229.000000	81.885055	17.150927	0.006356
1230.000000	-79.238828	-36.637201	0.066838
1231.000000	69.362865	-58.673740	0.005363
1232.000000	-56.264915	9.737724	0.008878
1233.000000	-73.539281	14.984755	0.568397
1234.000000	-71.186815	49.717792	0.003678
1235.000000	-80.821943	-12.831980	0.009593
1236.000000	-69.024311	-43.121863	0.051786
1237.000000	-68.627063	-57.688640	0.003830
1238.000000	-71.600871	-9.966889	0.027688
1239.000000	-79.452099	-69.648025	0.001836
1240.000000	-72.908199	-38.013580	0.057472
1241.000000	-67.852025	67.132819	0.071882
1242.000000	-69.699892	24.815703	0.025508
1243.000000	86.475893	87.101328	0.007129
1244.000000	87.098036	49.108089	0.021041
1245.000000	-78.441894	78.488150	0.005475
1246.000000	-75.294524	-32.290790	0.002058
1247.000000	-64.285959	-58.175001	0.193127
1248.000000	67.779817	-1.874932	0.466910
