Thin Section: 	C:\Ice Data\2017-03-08-Wed\11.17 1179  VTS SPICE

Results: 	C:\Ice Results\2017-03-08-Wed\11.17 1179  VTS SPICE\2017-03-13-Mon, 11.42

Sequence Angles: 
xi	phi inner
0	0
45	0
45	-45
45	-90
45	-135
45	-180
45	-225
45	-270
45	-315

Threshold: 
45.000

Grain #		theta		phi	Rsquared

0.000000	-70.290643	30.224934	0.007056
1.000000	-81.468860	43.250110	0.003818
2.000000	-79.937526	-89.733972	0.001370
3.000000	-68.723003	-14.902144	0.109018
4.000000	81.832127	-63.857871	0.003141
5.000000	-87.565622	-84.563618	0.001456
6.000000	-68.735064	0.728320	0.002482
7.000000	-83.773553	-55.201928	0.002372
8.000000	-81.053489	-60.232415	0.007178
9.000000	-74.893371	-15.797569	0.004763
10.000000	-67.246864	11.667816	0.003470
11.000000	81.525726	89.560744	0.003487
12.000000	84.781071	-69.479809	0.002477
13.000000	86.287833	61.333303	0.001678
14.000000	-84.675852	-88.132903	0.015054
15.000000	-85.753778	49.341122	0.001877
16.000000	-79.969620	-30.956265	0.002149
17.000000	-83.041165	4.006278	0.177005
18.000000	88.745495	18.145005	0.001498
19.000000	66.515879	21.597408	0.004716
20.000000	-87.336039	43.111452	0.001651
21.000000	-78.997271	19.236082	0.000803
22.000000	-74.365110	-16.033303	0.003936
23.000000	-85.201889	-22.115296	0.001773
24.000000	85.463068	24.635892	0.001595
25.000000	88.856129	64.857942	0.007828
26.000000	-89.715442	48.258367	0.001134
27.000000	68.682695	-85.394114	0.002557
28.000000	85.747762	28.558970	0.005404
29.000000	81.963633	-65.857924	0.002683
30.000000	86.446809	-80.167534	0.001188
31.000000	-88.747160	17.797567	0.007641
32.000000	85.559004	71.559402	0.002178
33.000000	-78.448530	-26.422993	0.001984
34.000000	-82.028713	-84.888727	0.004185
35.000000	-69.464364	-38.087867	0.007325
36.000000	-84.841659	39.946007	0.001963
37.000000	71.267840	19.029174	0.002892
38.000000	-64.068442	-86.315317	0.602676
39.000000	-87.835278	-26.189863	0.015225
40.000000	88.010502	-1.753817	0.000876
41.000000	88.668644	-27.391099	0.005435
42.000000	71.146363	-59.907625	0.002243
43.000000	-81.338909	-57.680014	0.001839
44.000000	-83.687606	-65.358705	0.138827
45.000000	-77.814802	-33.489176	0.001149
46.000000	-77.795119	25.560750	0.003147
47.000000	-62.846170	-38.971054	0.005908
48.000000	88.491000	-1.568351	0.001680
49.000000	-85.838221	49.779817	0.001393
50.000000	-75.872023	-61.366658	0.003022
51.000000	-72.372689	-58.687668	0.003011
52.000000	-66.821212	-60.113025	0.008261
53.000000	85.627027	55.732987	0.002910
54.000000	-71.283749	27.155837	0.001478
55.000000	-84.071319	82.273561	0.001471
56.000000	86.620964	44.877786	0.003310
57.000000	-88.577329	-70.521302	0.000289
58.000000	-76.179970	36.194439	0.002656
59.000000	-82.868703	-26.950210	0.000881
60.000000	-88.019380	65.613054	0.000965
61.000000	-88.727282	44.921246	0.001614
62.000000	-76.019380	-88.662067	0.104887
63.000000	77.062818	53.173859	0.001482
64.000000	-75.889986	-46.999842	0.004491
65.000000	-90.431717	-82.812610	0.069744
66.000000	-84.874436	-14.625266	0.001208
67.000000	72.379197	-48.200354	0.005082
68.000000	-78.953903	32.988013	0.001211
69.000000	-68.827417	17.587668	0.004601
70.000000	76.713150	48.705650	0.001960
71.000000	78.822918	-72.106654	0.003726
72.000000	-82.128225	1.557788	0.039391
73.000000	-76.205129	-83.611562	0.037626
74.000000	-90.512239	42.909043	0.001016
75.000000	-82.421418	-85.274734	0.001464
76.000000	62.394883	18.930109	0.006772
77.000000	88.676318	76.870125	0.012919
78.000000	-74.266082	16.558484	0.005912
79.000000	-84.167873	-7.507280	0.001622
80.000000	-87.553244	-10.367115	0.100660
81.000000	66.764130	-72.912568	0.007291
82.000000	-68.327521	-16.046472	0.001281
83.000000	-62.900785	-42.216375	0.001919
84.000000	-70.244658	78.164683	0.006648
85.000000	-73.088265	-2.844230	0.004159
86.000000	-89.647992	49.911303	0.001188
87.000000	74.025696	62.364105	0.008234
88.000000	-76.291772	72.038021	0.003144
89.000000	85.297084	64.760963	0.011383
90.000000	84.693152	-32.485998	0.001695
91.000000	-72.391590	-25.957143	0.001257
92.000000	-74.727249	-27.183979	0.002805
93.000000	-76.028713	-19.487031	0.002117
94.000000	84.923706	-53.497971	0.012909
95.000000	-83.699964	-71.124805	0.002787
96.000000	83.867145	38.605838	0.001165
97.000000	-66.733284	10.478005	0.002241
98.000000	-64.116075	-17.212418	0.001286
99.000000	-76.865800	-79.652723	0.002087
100.000000	-68.246431	32.945304	0.003311
101.000000	-77.254451	46.474113	0.002646
102.000000	-80.362486	39.635010	0.113449
103.000000	-89.223613	46.833348	0.001216
104.000000	72.793395	-42.332097	0.001442
105.000000	-62.735064	31.767898	0.004206
106.000000	-83.902116	-8.987893	0.001658
107.000000	-81.329494	74.972780	0.049447
108.000000	-74.864059	61.478665	0.003040
109.000000	86.488130	18.223895	0.006199
110.000000	-88.152819	77.231973	0.001042
111.000000	-55.334139	-9.118456	0.002222
112.000000	-83.201961	65.708194	0.003728
113.000000	88.446756	7.830614	0.009084
114.000000	73.603781	-78.760155	0.005243
115.000000	75.608410	46.783304	0.023753
116.000000	-89.121829	-22.419318	0.111548
117.000000	87.190001	26.898048	0.000922
118.000000	-82.522709	-28.667156	0.006421
119.000000	-56.108555	-66.224759	0.008398
120.000000	-72.767137	22.780627	0.003096
121.000000	-88.839779	-83.865338	0.001533
122.000000	-81.046127	-78.938060	0.002208
123.000000	-78.068448	36.436379	0.000680
124.000000	-89.291620	-75.074574	0.002190
125.000000	-85.053680	41.113544	0.001462
126.000000	-64.474274	-47.177115	0.008727
127.000000	-75.813061	46.199036	0.010266
128.000000	81.428537	79.577563	0.001725
129.000000	-73.408106	68.884517	0.006811
130.000000	87.252169	26.075368	0.003633
131.000000	79.747756	31.916445	0.002127
132.000000	85.807054	54.441029	0.003899
133.000000	68.493870	42.580142	0.002915
134.000000	62.078040	-68.212576	0.024941
135.000000	83.486565	30.171832	0.043607
136.000000	-66.152819	-11.011992	0.004666
137.000000	-84.707546	24.356956	0.001103
138.000000	-80.696413	-58.234000	0.000863
139.000000	81.675349	37.105335	0.001450
140.000000	80.951161	39.899159	0.045907
141.000000	-84.616653	4.289984	0.001197
142.000000	88.847446	-5.548567	0.322178
143.000000	-62.885417	-81.637388	0.003010
144.000000	-77.254451	-10.809532	0.001940
145.000000	85.928681	37.759992	0.000983
146.000000	78.946511	8.498554	0.002433
147.000000	-81.862554	9.350569	0.000789
148.000000	-66.539769	20.683148	0.003009
149.000000	-80.915791	46.573757	0.004779
150.000000	62.713150	87.373217	0.203745
151.000000	70.085681	4.090397	0.002491
152.000000	-79.902116	42.033250	0.001978
153.000000	-83.378895	51.190381	0.000766
154.000000	87.185805	-69.694821	0.002130
155.000000	82.715088	56.416468	0.001715
156.000000	-83.921993	65.506216	0.002829
157.000000	84.271841	29.994108	0.001126
158.000000	-85.408106	-18.145227	0.004468
159.000000	-87.420431	16.431649	0.001263
160.000000	-89.355763	57.568391	0.079797
161.000000	85.301609	64.585993	0.001680
162.000000	83.097489	-67.590593	0.005572
163.000000	88.796529	79.509039	0.001471
164.000000	85.848960	36.383842	0.011748
165.000000	-76.263211	-22.331719	0.000942
166.000000	-62.321130	-63.346502	0.006266
167.000000	-78.256874	63.674220	0.002514
168.000000	-85.793378	75.034489	0.001409
169.000000	-84.824799	85.598001	0.003660
170.000000	78.137499	87.661862	0.001917
171.000000	-66.583667	-63.496676	0.008660
172.000000	90.480537	-54.765123	0.008035
173.000000	-70.217226	7.703578	0.002357
174.000000	86.145032	-75.102024	0.001430
175.000000	-75.770596	-14.187556	0.006647
176.000000	-85.539341	-61.598585	0.046903
177.000000	86.742591	0.737908	0.000765
178.000000	-84.011826	4.862533	0.011761
179.000000	-85.516553	-31.009083	0.001863
180.000000	-64.071319	84.598318	0.016990
181.000000	77.469385	-83.184723	0.003309
182.000000	-86.155690	54.022826	0.007291
183.000000	84.908560	54.382242	0.001164
184.000000	-88.500122	21.644223	0.002947
185.000000	-78.031704	-68.345605	0.003638
186.000000	-86.780588	72.778161	0.001663
187.000000	-59.664999	85.654309	0.039911
188.000000	-77.726439	19.735659	0.002679
189.000000	-78.627044	-30.664319	0.000473
190.000000	-88.016476	73.372971	0.005125
191.000000	-86.220183	-60.043887	0.001908
192.000000	-80.885838	7.323617	0.002288
193.000000	-78.747214	-21.964478	0.058202
194.000000	89.395510	6.010961	0.000659
195.000000	84.604097	86.312433	0.002379
196.000000	-75.692431	-54.990883	0.002071
197.000000	86.725584	23.114463	0.001288
198.000000	-66.588296	38.308082	0.004304
199.000000	89.106629	-13.546435	0.000404
200.000000	-90.028713	-39.773553	0.001986
201.000000	71.835084	47.977717	0.005092
202.000000	80.793428	16.060841	0.002292
203.000000	-76.876143	-39.643309	0.003852
204.000000	77.543950	-83.476568	0.009958
205.000000	-84.099101	-62.220130	0.004935
206.000000	-80.218967	-74.148097	0.001666
207.000000	-88.431717	80.737019	0.001118
208.000000	-80.688015	26.485539	0.000984
209.000000	-86.559420	19.817412	0.000936
210.000000	-87.294524	1.457555	0.003696
211.000000	90.488130	-23.351464	0.072684
212.000000	-77.753850	8.062474	0.004072
213.000000	-83.408106	-50.690799	0.003067
214.000000	-75.961946	69.103859	0.001113
215.000000	77.743126	56.234087	0.040764
216.000000	-85.723529	-4.040978	0.001458
217.000000	-88.968977	87.213507	0.028128
218.000000	-79.206572	16.149635	0.005005
219.000000	-64.264341	10.567812	0.005795
220.000000	-88.384057	-64.612855	0.001607
221.000000	-64.902511	6.889185	0.011123
222.000000	-81.604976	-71.146621	0.012850
223.000000	-90.155636	-38.043920	0.010126
224.000000	79.026888	-40.504237	0.024039
225.000000	-35.595643	-15.625184	0.034967
226.000000	-75.667956	-25.462503	0.002313
227.000000	-82.310693	-2.135759	0.001200
228.000000	-88.747160	-52.129825	0.001041
229.000000	77.252840	65.409250	0.002414
230.000000	-85.491714	43.992321	0.010109
231.000000	-77.729289	-11.369601	0.019003
232.000000	-82.382349	-36.486383	0.001942
233.000000	86.506546	15.321245	0.001378
234.000000	85.134200	57.978846	0.000545
235.000000	-86.298196	29.880856	0.004693
236.000000	-68.370199	-55.241737	0.014802
237.000000	-85.810244	-66.518011	0.001691
238.000000	80.610521	-64.610356	0.009594
239.000000	79.353320	71.234877	0.003433
240.000000	-77.778198	47.163325	0.007202
241.000000	-82.256841	31.989469	0.000971
242.000000	-83.051748	46.557355	0.004024
243.000000	-73.215905	-16.566725	0.002604
244.000000	90.658148	-73.377155	0.013465
245.000000	56.708413	22.161992	0.009821
246.000000	-88.789882	-72.258078	0.010914
247.000000	-72.780582	-8.202259	0.001253
248.000000	-55.271425	53.573780	0.002591
249.000000	-77.543917	19.960763	0.001170
250.000000	-79.211288	-63.248811	0.004658
251.000000	90.742640	-69.949763	0.008280
252.000000	81.344112	-25.267445	0.009825
253.000000	89.248157	-72.290810	0.002601
254.000000	-77.827778	34.145071	0.000595
255.000000	77.915986	-79.281975	0.003030
256.000000	-84.269024	-24.983415	0.000298
257.000000	87.413444	23.607194	0.042193
258.000000	87.563633	23.805262	0.002283
259.000000	-72.500221	81.333655	0.007487
260.000000	87.867145	-80.111425	0.001531
261.000000	-79.798008	-26.725509	0.001804
262.000000	-86.751843	-16.551435	0.001607
263.000000	86.286092	-50.550086	0.007664
264.000000	-72.495472	57.640525	0.013078
265.000000	-74.391643	22.779864	0.001320
266.000000	88.439289	86.720737	0.007557
267.000000	76.776421	-62.447174	0.007326
268.000000	-70.041017	-36.147909	0.002580
269.000000	-75.741492	79.219379	0.013534
270.000000	-78.488058	88.974515	0.005496
271.000000	85.647972	33.280649	0.001345
272.000000	89.155576	20.692799	0.001074
273.000000	70.728575	66.478763	0.036896
274.000000	-54.804969	39.946327	0.009118
275.000000	-74.525985	9.888696	0.001401
276.000000	85.409575	26.830471	0.000735
277.000000	83.642159	-42.859430	0.001373
278.000000	-88.675832	-61.815700	0.002601
279.000000	-81.610379	85.601031	0.108143
280.000000	84.185159	-43.114348	0.001888
281.000000	86.021047	12.818235	0.000876
282.000000	71.738530	-87.946892	0.005377
283.000000	-75.539287	-36.785271	0.102514
284.000000	82.938924	-5.079237	0.002156
285.000000	-89.051868	21.049877	0.000553
286.000000	84.359475	69.755396	0.001262
287.000000	-87.766000	47.257484	0.055150
288.000000	80.266061	-79.588182	0.017774
289.000000	88.616455	65.675262	0.000834
290.000000	-88.940018	28.650661	0.001016
291.000000	-84.427159	8.919613	0.004208
292.000000	-83.266742	69.119233	0.001813
293.000000	-83.406366	-63.177115	0.141830
294.000000	-79.178823	-44.021594	0.358686
295.000000	75.859559	50.630345	0.002933
296.000000	82.327414	47.031532	0.006034
297.000000	90.825827	-57.079203	0.006586
298.000000	77.182707	28.136620	0.001931
299.000000	-86.237191	36.223543	0.000997
300.000000	-86.884518	31.518598	0.000919
301.000000	-85.592772	-0.690799	0.000992
302.000000	86.112971	-70.844429	0.001573
303.000000	-80.419605	39.358003	0.002382
304.000000	82.330324	22.498554	0.001611
305.000000	-76.873287	-21.938305	0.003839
306.000000	-81.595715	6.870578	0.001199
307.000000	86.357788	23.560750	0.019564
308.000000	-83.499726	-2.644834	0.015911
309.000000	-69.889932	23.968296	0.032363
310.000000	-83.805614	79.605501	0.002690
311.000000	-90.765123	-15.003066	0.001520
312.000000	-70.595303	-20.328684	0.003935
313.000000	88.663961	13.075108	0.004889
314.000000	-75.589902	78.552643	0.008442
315.000000	-69.716817	-47.031904	0.094410
316.000000	-83.013766	-10.088517	0.001751
317.000000	81.499779	87.481608	0.003058
318.000000	-80.973065	19.728139	0.003134
319.000000	-89.046200	-0.861005	0.002007
320.000000	-88.244658	47.067516	0.000961
321.000000	85.377600	-61.221839	0.001618
322.000000	-75.845741	38.182256	0.003470
323.000000	84.946478	39.842731	0.029796
324.000000	-72.683473	-87.069903	0.006640
325.000000	-75.509039	14.085560	0.004896
326.000000	-79.904986	-34.701175	0.002298
327.000000	83.355133	63.548561	0.001361
328.000000	-83.004806	-40.689040	0.005421
329.000000	75.337933	35.598001	0.003064
330.000000	-87.311532	-15.266742	0.000473
331.000000	-83.329494	-32.330430	0.002645
332.000000	71.943755	87.277362	0.006781
333.000000	-76.172503	-63.300337	0.006218
334.000000	-87.077516	37.553191	0.001115
335.000000	85.630062	-51.166658	0.007864
336.000000	-79.788781	75.108316	0.036346
337.000000	48.108294	-2.965505	0.002833
338.000000	86.348877	82.273561	0.001280
339.000000	85.822901	-71.699964	0.019737
340.000000	-83.355796	-50.338066	0.002347
341.000000	77.943755	39.598001	0.132013
342.000000	-88.783491	-66.788175	0.003675
343.000000	-84.663755	0.247745	0.009890
344.000000	85.543689	-55.411064	0.002596
345.000000	-77.221839	-48.372842	0.002570
346.000000	-88.434606	-57.917189	0.018292
347.000000	-73.436799	-12.580069	0.001933
348.000000	-68.727510	-3.041956	0.010933
349.000000	87.585030	-9.976451	0.102855
350.000000	-76.532282	54.946818	0.003005
351.000000	-87.065241	50.440982	0.002690
352.000000	-90.019380	-52.646680	0.010884
353.000000	87.109533	3.161676	0.010581
354.000000	-88.527726	76.125335	0.002444
355.000000	81.684644	47.493966	0.001604
356.000000	-78.530615	-44.678741	0.006542
357.000000	-74.010531	35.486565	0.002582
358.000000	83.992321	-83.528917	0.006824
359.000000	80.713063	-86.549913	0.006637
360.000000	88.266061	-68.792771	0.003140
361.000000	-87.383666	25.058949	0.001172
362.000000	-68.281348	6.367062	0.004292
363.000000	85.939105	-57.556100	0.002153
364.000000	85.331595	-58.933430	0.001923
365.000000	-86.490941	-49.509811	0.002357
366.000000	-79.496817	31.726365	0.002647
367.000000	87.759992	-48.525985	0.002187
368.000000	-82.270765	-47.705851	0.017853
369.000000	-69.099114	22.021119	0.002302
370.000000	-67.595682	4.416502	0.001040
371.000000	77.227685	-62.014256	0.009392
372.000000	75.876371	-9.509039	0.174209
373.000000	76.818235	-7.214198	0.020639
374.000000	55.693957	-17.462469	0.004277
375.000000	-71.321941	41.353320	0.009420
376.000000	-80.276698	-40.550093	0.004142
377.000000	-80.454570	23.565341	0.004187
378.000000	88.090364	-1.830688	0.002004
379.000000	-77.381805	14.608742	0.001834
380.000000	-83.573122	49.921886	0.002575
381.000000	-65.282009	-52.152819	0.021573
382.000000	88.206622	80.540401	0.001162
383.000000	84.508286	-43.292750	0.002199
384.000000	-60.422470	-46.595123	0.126347
385.000000	-74.545443	-28.325780	0.001365
386.000000	66.896421	-77.082074	0.007611
387.000000	-70.799108	-16.704330	0.001718
388.000000	79.425628	6.842763	0.001095
389.000000	-73.036515	23.289551	0.002590
390.000000	-76.614953	-2.800324	0.003032
391.000000	-88.028713	43.835084	0.001875
392.000000	-87.704614	31.972979	0.051810
393.000000	87.958983	38.857849	0.004372
394.000000	-71.733939	20.085714	0.002636
395.000000	81.628061	75.196694	0.001921
396.000000	75.252786	-85.871795	0.005746
397.000000	-90.617750	-35.077483	0.002516
398.000000	77.384023	34.399129	0.016417
399.000000	-74.394479	-63.645121	0.002362
400.000000	-78.330605	-38.533485	0.002997
401.000000	-84.096197	11.474015	0.001169
402.000000	72.458972	-56.427066	0.004088
403.000000	-77.588161	-25.563621	0.001200
404.000000	-67.401682	48.707250	0.004168
405.000000	82.953800	58.347384	0.002407
406.000000	-78.208000	10.185159	0.027340
407.000000	-84.100880	30.255604	0.193759
408.000000	-82.754660	-61.206605	0.002624
409.000000	-62.824832	-15.941751	0.007415
410.000000	80.414902	-21.472256	0.053969
411.000000	77.526943	47.263642	0.001732
412.000000	80.463569	65.174836	0.017296
413.000000	82.618195	80.697883	0.003651
414.000000	-82.232280	81.471111	0.003030
415.000000	-81.810191	89.883925	0.001552
416.000000	-88.992675	63.779817	0.000964
417.000000	-90.987979	-36.370199	0.009360
418.000000	73.495129	61.352494	0.006910
419.000000	-72.536932	-83.889719	0.004493
420.000000	-87.588161	-50.322910	0.004138
421.000000	-85.790561	-10.879447	0.002849
422.000000	-81.496364	26.532847	0.001466
423.000000	-74.947538	-14.370199	0.001446
424.000000	-81.998831	-64.100880	0.001064
425.000000	87.794871	64.968096	0.002573
426.000000	-84.232280	51.968296	0.007144
427.000000	-79.447416	16.670472	0.001296
428.000000	-82.974838	-27.139100	0.004763
429.000000	87.728106	76.682656	0.000724
430.000000	-90.640953	74.809160	0.000585
431.000000	80.025696	59.738530	0.001886
432.000000	-81.663306	-68.192893	0.001790
433.000000	-77.223613	-58.582939	0.011025
434.000000	78.611651	-58.377153	0.002394
435.000000	-74.096197	-10.229409	0.002398
436.000000	-89.663306	13.883925	0.002666
437.000000	-88.688088	-25.402920	0.000376
438.000000	80.700793	-50.514758	0.002186
439.000000	84.696143	54.756127	0.001574
440.000000	81.111312	49.916783	0.010220
441.000000	84.740495	-88.410445	0.007596
442.000000	-65.482381	-3.631212	0.003650
443.000000	-74.789882	87.600065	0.003635
444.000000	-77.068183	18.045574	0.001645
445.000000	-72.530615	39.464809	0.012234
446.000000	88.907348	21.886023	0.228009
447.000000	-82.271894	16.067583	0.016554
448.000000	-80.929628	-41.540887	0.004436
449.000000	-75.981824	8.145032	0.003595
450.000000	63.104956	59.386472	0.005799
451.000000	-56.298196	5.750081	0.003791
452.000000	-72.982253	56.306053	0.001153
453.000000	-87.206611	10.186972	0.001582
454.000000	80.105385	71.313726	0.003876
455.000000	-76.027054	-58.462090	0.003308
456.000000	-78.530541	-22.187523	0.003443
457.000000	74.241500	56.189756	0.006331
458.000000	87.266710	-82.190427	0.003173
459.000000	-79.395903	56.990863	0.010915
460.000000	-84.856665	59.678870	0.002512
461.000000	-89.487031	-18.212629	0.000274
462.000000	-89.166619	-28.937075	0.006479
463.000000	77.580395	-48.009289	0.005902
464.000000	-67.642179	-87.949703	0.015155
465.000000	-89.862554	-80.915791	0.002941
466.000000	-77.733939	-35.059302	0.001237
467.000000	-64.041017	11.294142	0.003918
468.000000	-67.707484	0.335001	0.102193
469.000000	-75.628288	65.807827	0.018944
470.000000	-89.028961	-12.118486	0.083094
471.000000	-86.350234	-47.169495	0.001899
472.000000	-90.288863	80.620128	0.001832
473.000000	87.649712	9.024138	0.000846
474.000000	89.580395	-73.680053	0.003716
475.000000	-72.910118	26.688610	0.004118
476.000000	-76.542658	0.226500	0.002142
477.000000	-87.862521	-41.201643	0.003240
478.000000	72.616455	-48.463637	0.187027
479.000000	-79.354475	82.913496	0.002987
480.000000	-78.028713	12.376288	0.003058
481.000000	86.410098	87.701549	0.001862
482.000000	-85.449136	52.238948	0.020559
483.000000	-70.988854	48.801069	0.005688
484.000000	83.879242	-80.617717	0.002869
485.000000	-80.722686	48.347331	0.065973
486.000000	78.840934	59.407875	0.001741
487.000000	-72.249287	26.658148	0.001453
488.000000	-84.486317	-23.019687	0.001548
489.000000	-82.917532	-55.142091	0.006731
490.000000	-79.453819	-84.609072	0.004929
491.000000	73.371230	53.653105	0.004376
492.000000	-79.053489	-49.371395	0.001572
493.000000	-83.398812	75.313825	0.096691
494.000000	-79.246420	1.120920	0.002608
495.000000	87.333309	65.197177	0.001886
496.000000	85.362865	-18.725570	0.098019
497.000000	-88.651205	-85.218896	0.001564
498.000000	-80.884091	-47.543652	0.001117
499.000000	-88.281348	33.629834	0.011473
500.000000	-87.223613	-44.058656	0.001815
501.000000	-66.777678	73.262626	0.003672
502.000000	-80.330605	85.039085	0.007987
503.000000	-76.864059	-21.894529	0.001806
504.000000	-87.228263	-56.557554	0.004352
505.000000	-64.431717	42.703817	0.002908
506.000000	-78.439256	36.261378	0.011815
507.000000	-87.289846	-3.556121	0.001418
508.000000	-79.231220	-72.776988	0.003597
509.000000	87.664766	-69.421593	0.001101
510.000000	-81.355796	35.108635	0.005233
511.000000	83.199729	36.927167	0.002423
512.000000	-85.481251	52.024439	0.001874
513.000000	-70.217226	-66.627029	0.006989
514.000000	-84.524402	-47.714163	0.003212
515.000000	83.035707	76.863683	0.002428
516.000000	-81.149684	60.735032	0.028804
517.000000	-82.449659	39.509053	0.001065
518.000000	-78.276698	-60.610356	0.005111
519.000000	-83.541028	21.413079	0.001374
520.000000	-84.374849	-86.123575	0.002482
521.000000	-80.322910	35.321259	0.116412
522.000000	-88.893303	43.796683	0.115627
523.000000	84.830471	-81.590998	0.002662
524.000000	-80.657417	19.494032	0.071397
525.000000	87.504528	-18.754660	0.000838
526.000000	-79.351113	55.472575	0.006254
527.000000	-85.635842	-55.554427	0.003700
528.000000	-87.877802	-41.019546	0.001572
529.000000	83.642159	-86.554841	0.019491
530.000000	-82.160266	-47.736842	0.001608
531.000000	-77.929514	50.436119	0.003196
532.000000	80.038054	29.799554	0.003777
533.000000	-71.411097	-37.007311	0.007017
534.000000	85.506216	-13.715497	0.000951
535.000000	-80.483480	2.095014	0.001819
536.000000	78.266061	79.725202	0.123991
537.000000	-77.873152	57.370133	0.003022
538.000000	73.292454	43.034528	0.006142
539.000000	-64.634464	-47.238813	0.005698
540.000000	-84.690924	-58.540932	0.002316
541.000000	-76.967252	10.132888	0.020862
542.000000	-78.229409	12.495591	0.001510
543.000000	66.446842	-71.214159	0.013655
544.000000	-79.541028	-28.129567	0.000890
545.000000	75.590447	14.678026	0.004404
546.000000	78.515879	-82.229370	0.013295
547.000000	84.958802	73.593390	0.004636
548.000000	85.420983	-88.601241	0.004055
549.000000	-71.388349	43.445284	0.008634
550.000000	-87.363808	-52.681041	0.002972
551.000000	88.391940	20.845666	0.002175
552.000000	-80.462090	-40.530508	0.003834
553.000000	-82.724379	-36.229370	0.001948
554.000000	73.635842	42.319986	0.107752
555.000000	-81.894615	42.618195	0.003519
556.000000	-70.612097	63.646848	0.002810
557.000000	-70.137499	5.232866	0.728479
558.000000	-73.408106	2.494335	0.085914
559.000000	-77.733972	22.678059	0.001160
560.000000	77.325889	12.347097	0.001537
561.000000	84.621105	60.685652	0.010811
562.000000	-88.750103	-40.377633	0.001923
563.000000	-76.339845	81.430350	0.002535
564.000000	-86.338138	-17.977141	0.012829
565.000000	-87.541028	-53.097302	0.001836
566.000000	82.645978	-29.635842	0.002964
567.000000	82.273595	-77.172399	0.005272
568.000000	-66.006385	66.980454	0.002744
569.000000	88.801266	89.477205	0.006204
570.000000	68.246183	56.189756	0.004200
571.000000	-74.128220	58.847281	0.008832
572.000000	-81.398773	39.463447	0.002820
573.000000	87.770630	29.847306	0.038401
574.000000	77.669395	-85.603268	0.003740
575.000000	67.679999	69.572987	0.001872
576.000000	83.023349	-6.392434	0.002182
577.000000	-79.359158	-53.367496	0.002035
578.000000	88.653537	-20.231962	0.000736
579.000000	-77.349372	-41.404586	0.003313
580.000000	-86.773088	-37.467153	0.010236
581.000000	-55.699931	73.723335	0.008089
582.000000	-74.264374	85.844277	0.004143
583.000000	-88.538008	18.850349	0.000532
584.000000	-80.096197	-80.318227	0.005752
585.000000	-69.262097	-55.209514	0.003724
586.000000	-76.459220	-29.738622	0.002819
587.000000	88.938919	32.670506	0.005646
588.000000	-84.353191	-75.088061	0.037991
589.000000	-85.516592	43.956080	0.002241
590.000000	-87.321941	45.985304	0.018547
591.000000	-81.845741	-84.760473	0.004078
592.000000	-77.151425	67.170610	0.028712
593.000000	-65.885336	-46.903674	0.006788
594.000000	-83.543970	-16.116108	0.001176
595.000000	-64.036367	12.448476	0.014571
596.000000	-89.551524	66.134542	0.000922
597.000000	87.050721	51.149342	0.001975
598.000000	-75.986507	-58.654094	0.007780
599.000000	-73.635842	65.211859	0.003117
600.000000	83.043260	21.264352	0.010339
601.000000	-81.067020	56.688610	0.063114
602.000000	80.008843	49.521170	0.003225
603.000000	-72.471364	-6.550086	0.003263
604.000000	-68.929575	78.925426	0.000874
605.000000	71.175174	-46.448530	0.004953
606.000000	-79.331376	-47.520700	0.005470
607.000000	-73.850371	16.386712	0.003340
608.000000	-89.033611	-16.311157	0.000849
609.000000	-73.051748	-37.546874	0.002899
610.000000	81.674220	56.842763	0.005319
611.000000	-89.628341	-29.487064	0.000950
612.000000	-80.766864	64.402698	0.000580
613.000000	82.776387	34.199354	0.001170
614.000000	81.242397	38.862566	0.001512
615.000000	-69.146741	65.140856	0.001642
616.000000	-76.970156	56.745495	0.011966
617.000000	81.385014	-15.435092	0.002681
618.000000	-76.979415	-29.097302	0.002424
619.000000	-89.395903	-23.641729	0.005067
620.000000	-71.565622	-64.293713	0.003146
621.000000	-82.093327	72.645978	0.001224
622.000000	-79.838221	15.871775	0.001361
623.000000	78.853259	-49.178823	0.002530
624.000000	-78.634636	54.411818	0.006604
625.000000	-80.084014	26.914843	0.003042
626.000000	-73.028961	63.145184	0.005706
627.000000	-72.609140	-59.178823	0.007763
628.000000	-87.697060	-65.294530	0.001722
629.000000	-88.663808	25.252981	0.013655
630.000000	-70.371679	-38.893178	0.004592
631.000000	-86.108575	-34.232280	0.002438
632.000000	-75.608658	63.659025	0.133669
633.000000	-83.779870	79.619246	0.010711
634.000000	-67.830667	-27.269684	0.023641
635.000000	-74.788141	68.332097	0.002654
636.000000	84.362418	-84.626871	0.000469
637.000000	-70.856592	26.552584	0.002452
638.000000	-74.031704	-60.498553	0.004103
639.000000	-84.220183	27.303421	0.166218
640.000000	-81.813061	-75.924864	0.004649
641.000000	-60.142129	42.853259	0.007607
642.000000	-88.362438	-69.265034	0.003653
643.000000	-79.715484	38.954955	0.003577
644.000000	-65.041131	56.373703	0.002172
645.000000	84.808853	-31.887660	0.001478
646.000000	-75.459599	34.830471	0.002325
647.000000	-81.346463	35.009897	0.000992
648.000000	84.941861	-86.227452	0.002579
649.000000	-82.113205	-71.830667	0.003475
650.000000	-83.299174	-89.499546	0.001606
651.000000	-71.131163	4.848223	0.023406
652.000000	-75.271392	-79.277517	0.015094
653.000000	72.927167	49.103793	0.002572
654.000000	88.898015	-55.919721	0.002687
655.000000	-89.131196	-11.415978	0.004943
656.000000	81.779870	-28.614879	0.000634
657.000000	-78.782362	43.926941	0.002952
658.000000	-74.662014	40.214350	0.026141
659.000000	86.276537	-54.548597	0.003713
660.000000	-75.006532	40.917772	0.010708
661.000000	-71.021920	-37.351464	0.015674
662.000000	-72.773082	15.799734	0.002861
663.000000	-81.731068	-73.317291	0.029886
664.000000	-88.486317	-47.366751	0.002371
665.000000	85.248190	72.016402	0.000962
666.000000	-83.817744	-23.822394	0.001510
667.000000	-80.394532	51.353320	0.006561
668.000000	-86.140388	4.540401	0.001771
669.000000	-79.079257	55.991204	0.024526
670.000000	-68.424250	-83.439716	0.011273
671.000000	-69.423334	-7.204142	0.007586
672.000000	62.315303	82.107120	0.008500
673.000000	-87.648045	16.413457	0.013385
674.000000	-90.200446	-85.104861	0.007695
675.000000	-77.415781	4.306155	0.001671
676.000000	-75.805614	41.911336	0.004986
677.000000	71.197988	68.913639	0.003213
678.000000	-71.924864	-14.614986	0.007681
679.000000	76.801266	42.733258	0.002145
680.000000	-67.778183	24.971000	0.002838
681.000000	-76.192946	37.026902	0.007051
682.000000	-72.147909	-43.435092	0.003648
683.000000	-75.687606	55.708194	0.009931
684.000000	81.590447	-21.244981	0.002138
685.000000	85.906673	-52.963785	0.004406
686.000000	-72.858333	88.808623	0.003016
687.000000	-77.817744	1.486499	0.002737
688.000000	-81.077565	-82.847068	0.006556
689.000000	87.635788	26.097957	0.000740
690.000000	-84.356625	-55.795031	0.005412
691.000000	-83.146741	-89.386536	0.003509
692.000000	-66.881188	-71.398773	0.009054
693.000000	80.653537	87.969567	0.007245
694.000000	-81.198701	-5.682691	0.008088
695.000000	-76.266082	24.025769	0.002657
696.000000	-83.009083	-50.728094	0.013908
697.000000	83.980620	-55.221839	0.002014
698.000000	-61.139241	42.450091	0.007217
699.000000	-69.829915	57.956113	0.235646
700.000000	-75.870282	-73.369621	0.005852
701.000000	87.248157	24.463655	0.000909
702.000000	84.730267	57.182037	0.001566
703.000000	-84.212576	3.928681	0.013190
704.000000	-70.902511	-0.602430	0.004778
705.000000	-76.797415	-26.640018	0.000535
706.000000	-85.162008	-40.264374	0.002118
707.000000	86.821144	2.337273	0.001435
708.000000	-88.382349	49.951430	0.001425
709.000000	84.197256	-60.160319	0.004463
710.000000	-81.086931	51.500277	0.002666
711.000000	-82.824779	32.234087	0.113825
712.000000	-70.802065	-40.821749	0.005057
713.000000	-84.908377	-44.182873	0.026864
714.000000	-78.737934	33.814787	0.006544
715.000000	-68.771514	-81.459560	0.007320
716.000000	-77.763024	-47.207264	0.014761
717.000000	53.253271	36.925577	0.003502
718.000000	-69.349372	-80.210903	0.006877
719.000000	-70.303052	-5.378934	0.063790
720.000000	84.273561	-28.968415	0.001064
721.000000	-81.311532	-81.989039	0.096888
722.000000	-85.877802	-19.519463	0.050689
723.000000	-84.367062	48.347277	0.006123
724.000000	73.568283	-19.946712	0.002389
725.000000	-72.197537	-5.588122	0.484832
726.000000	-73.565622	-6.185890	0.005515
727.000000	-77.961946	-74.614912	0.003073
728.000000	-68.955155	-14.340549	0.002375
729.000000	81.207268	-71.939159	0.008336
730.000000	87.767720	-39.189440	0.005906
731.000000	88.543310	8.173180	0.002303
732.000000	-87.994148	-80.462037	0.002914
733.000000	88.490961	45.031585	0.003713
734.000000	-75.069891	46.377346	0.009535
735.000000	73.509059	81.450073	0.101211
736.000000	-89.652616	-45.331760	0.020276
737.000000	79.560744	60.768828	0.103469
738.000000	-70.622379	86.618162	0.005216
739.000000	-85.388349	71.713370	0.004818
740.000000	-82.024063	88.241500	0.003491
741.000000	-80.705873	-15.906727	0.001369
742.000000	-72.345658	-22.592330	0.002232
743.000000	-87.291620	77.143533	0.001050
744.000000	-83.545658	45.858354	0.016887
745.000000	-87.081729	80.284764	0.231706
746.000000	-79.810191	36.336727	0.003013
747.000000	-76.588296	21.309462	0.003010
748.000000	76.436379	-43.121902	0.004047
749.000000	-86.674111	56.154225	0.006218
750.000000	-64.634636	29.928681	0.035739
751.000000	-71.456690	49.994095	0.026677
752.000000	-83.914460	-46.291772	0.002031
753.000000	-88.597043	-60.173029	0.005162
754.000000	87.975937	38.307569	0.001255
755.000000	86.209439	-80.269024	0.011829
756.000000	86.396765	5.948242	0.003384
757.000000	-73.877802	75.325889	0.001331
758.000000	76.856109	-38.575715	0.003725
759.000000	-74.371939	-4.611816	0.006900
760.000000	89.062871	-24.120578	0.002704
761.000000	-76.539769	73.654660	0.007722
762.000000	-76.947799	34.297166	0.002386
763.000000	-81.444332	82.981938	0.012763
764.000000	-86.989666	-19.178856	0.001655
765.000000	-71.994148	-36.284252	0.005943
766.000000	-71.206605	80.046264	0.018410
767.000000	-89.942209	84.038054	0.188039
768.000000	77.943735	35.377621	0.000464
769.000000	-81.211288	2.667941	0.002664
770.000000	-78.663475	-26.411819	0.001819
771.000000	84.836251	-79.156394	0.020414
772.000000	-81.870021	-85.753817	0.005404
773.000000	84.161812	-78.617889	0.006983
774.000000	-87.118992	37.555123	0.002861
775.000000	-65.946859	42.661052	0.004204
776.000000	-78.347399	78.848729	0.011418
777.000000	-63.946872	-37.107798	0.045504
778.000000	-64.992217	59.157529	0.001631
779.000000	-85.942209	-85.341819	0.002594
780.000000	75.032748	29.845688	0.023609
781.000000	67.378697	-41.620555	0.008552
782.000000	-80.043920	-89.181765	0.002081
783.000000	-89.062337	24.099962	0.001742
784.000000	82.126848	59.355046	0.005457
785.000000	86.776387	10.695702	0.000895
786.000000	64.057791	-83.917310	0.003654
787.000000	-84.910790	45.466659	0.135575
788.000000	87.642212	-80.019413	0.015045
789.000000	79.469371	-40.804915	0.003316
790.000000	-59.835317	-10.717988	0.012255
791.000000	-87.355796	42.283637	0.001620
792.000000	80.705476	-10.819689	0.018820
793.000000	73.543689	29.632918	0.003479
794.000000	-80.229409	-33.329461	0.001616
795.000000	-75.036867	4.382088	0.004893
796.000000	80.419324	-62.714616	0.005102
797.000000	-60.068448	-38.247561	0.007948
798.000000	82.810594	82.443847	0.001723
799.000000	-73.363842	-37.636701	0.003061
800.000000	-75.684664	70.132967	0.021447
801.000000	-82.389849	-52.518031	0.004272
802.000000	-78.221154	17.289725	0.003886
803.000000	85.047818	87.575558	0.006937
804.000000	86.530986	-28.138364	0.000723
805.000000	-76.103751	29.442375	0.003621
806.000000	-85.493454	-70.828993	0.002888
807.000000	-76.564049	58.816494	0.008275
808.000000	-77.441516	81.890310	0.002353
809.000000	-90.475994	87.449914	0.000856
810.000000	-78.443417	37.607865	0.003765
811.000000	-85.012274	20.281154	0.022778
812.000000	-70.307784	-88.412621	0.006452
813.000000	82.938640	-78.945494	0.003884
814.000000	87.067468	-56.206643	0.001858
815.000000	74.194386	-81.337048	0.031606
816.000000	-76.536932	-11.123157	0.001785
817.000000	-75.378895	-41.750626	0.002426
818.000000	-77.813061	25.998298	0.002113
819.000000	-78.542586	39.823060	0.001045
820.000000	85.683871	30.660753	0.337718
821.000000	-75.942209	-13.142130	0.005261
822.000000	-69.657493	-23.091096	0.004568
823.000000	-89.456690	-47.102796	0.003622
824.000000	-80.179964	-44.412013	0.002065
825.000000	-85.048839	38.346466	0.001761
826.000000	-76.922161	33.510958	0.002191
827.000000	-81.768903	31.401827	0.080595
828.000000	-80.456083	-28.707632	0.012921
829.000000	-67.004806	-55.632986	0.007600
830.000000	-61.661949	-12.461752	0.040059
831.000000	-76.662062	1.981770	0.002234
832.000000	-80.200446	-70.824832	0.001818
833.000000	87.993528	-65.289562	0.002175
834.000000	88.781071	-85.211255	0.005677
835.000000	-90.710503	23.321472	0.000351
836.000000	68.662831	89.091623	0.002660
837.000000	-85.246864	-49.868010	0.016710
838.000000	-69.904986	-30.879080	0.005362
839.000000	-87.521324	-14.819636	0.001101
840.000000	-75.830667	53.770591	0.003501
841.000000	-86.681578	-89.563848	0.006399
842.000000	-77.718813	27.507412	0.007594
843.000000	64.022859	-4.019346	0.269892
844.000000	80.483447	26.451613	0.002266
845.000000	87.703545	82.485187	0.002200
846.000000	86.676285	-29.461834	0.004478
847.000000	-81.998831	-16.797368	0.003182
848.000000	-75.292783	-83.186415	0.006257
849.000000	86.873116	3.797567	0.005416
850.000000	-87.785911	-85.749167	0.002721
851.000000	-73.577686	14.630981	0.001531
852.000000	-71.620716	-27.620874	0.028264
853.000000	87.023349	27.379559	0.002418
854.000000	86.078040	78.300069	0.001301
855.000000	72.837971	67.689294	0.006829
856.000000	-88.084014	-49.749167	0.012492
857.000000	-77.017847	-43.399980	0.002112
858.000000	-82.696579	61.310888	0.001898
859.000000	-77.169562	-61.695281	0.001363
860.000000	-72.503198	16.546181	0.005530
861.000000	-83.279329	77.939035	0.102551
862.000000	84.690302	-81.250259	0.003062
863.000000	87.839714	-6.457440	0.003094
864.000000	-84.687287	72.908439	0.047251
865.000000	-88.994349	3.671668	0.001162
866.000000	-86.834073	-22.099062	0.001295
867.000000	-86.881188	-51.139188	0.014260
868.000000	-76.956232	74.637899	0.003463
869.000000	-71.231172	-69.019546	0.007898
870.000000	-80.112542	-60.052996	0.164360
871.000000	-82.123629	-25.226489	0.002012
872.000000	84.206569	49.357950	0.017628
873.000000	-88.785265	-3.396540	0.000621
874.000000	-75.986507	13.002675	0.036960
875.000000	-88.981213	87.837116	0.185568
876.000000	85.020479	-45.733900	0.001909
877.000000	-85.214963	44.481229	0.004008
878.000000	-86.237191	-38.788175	0.001768
879.000000	86.226447	84.005819	0.002102
880.000000	86.110068	42.513003	0.001264
881.000000	81.975937	2.070486	0.009182
882.000000	-88.345658	44.275341	0.001312
883.000000	73.879242	-71.568531	0.008453
884.000000	-80.174968	83.027255	0.001942
885.000000	-87.830667	-15.421593	0.007815
886.000000	-54.539749	16.459167	0.026445
887.000000	-85.191060	-33.951516	0.002950
888.000000	-72.601291	58.020415	0.001062
889.000000	79.787371	86.445573	0.003900
890.000000	88.431508	-61.634280	0.003213
891.000000	-85.830667	55.427091	0.011057
892.000000	-65.729289	-13.640471	0.002257
893.000000	75.516520	72.443879	0.003660
894.000000	-81.770596	-54.642030	0.230295
895.000000	86.335001	47.069209	0.021590
896.000000	-90.132419	-88.605891	0.000695
897.000000	87.457414	39.519637	0.008791
898.000000	-66.515122	35.281944	0.026723
899.000000	-89.002979	87.389644	0.001403
900.000000	-80.145038	-61.027330	0.002713
901.000000	-88.160319	76.727325	0.001800
902.000000	-80.554770	-45.525887	0.004591
903.000000	-79.758407	-20.191835	0.023465
904.000000	-71.501467	51.250023	0.002349
905.000000	-79.262092	-69.931780	0.002277
906.000000	-90.189264	77.891484	0.002087
907.000000	-81.473697	57.950174	0.009146
908.000000	86.234000	-79.364971	0.002883
909.000000	83.844310	2.436379	0.009674
910.000000	-89.195191	-15.622064	0.005282
911.000000	-87.354055	69.537963	0.002189
912.000000	-81.206605	4.350181	0.005622
913.000000	89.085306	-46.777504	0.026318
914.000000	-77.842871	37.445159	0.001911
915.000000	89.746068	-24.550086	0.005425
916.000000	-78.624120	-26.707167	0.001518
917.000000	-74.842267	-80.778393	0.011531
918.000000	-87.469014	35.049823	0.008285
919.000000	-83.154295	45.637514	0.002898
920.000000	77.716911	62.209585	0.007224
921.000000	-88.301105	58.653498	0.006070
922.000000	81.232980	-63.311511	0.002160
923.000000	-82.205129	7.040812	0.000811
924.000000	69.089956	-63.062249	0.007249
925.000000	-73.718813	10.603460	0.010353
926.000000	-68.794607	53.084180	0.009093
927.000000	85.584057	23.528916	0.002297
928.000000	-61.805614	26.170085	0.004181
929.000000	-89.242181	-86.112971	0.000883
930.000000	-79.394129	-77.302083	0.004368
931.000000	78.665774	-74.456116	0.005295
932.000000	-75.887029	21.835084	0.003067
933.000000	-74.036387	-88.745473	0.003803
934.000000	-60.415943	7.306505	0.010087
935.000000	89.262134	-37.226489	0.002085
936.000000	-76.955155	-15.541061	0.005170
937.000000	-85.974304	-8.071319	0.001571
938.000000	-90.581906	-63.680053	0.048421
939.000000	-81.493454	28.463710	0.001381
940.000000	-61.629888	36.715647	0.003467
941.000000	-64.408423	25.540926	0.038045
942.000000	-71.091561	12.097025	0.003312
943.000000	81.511962	38.833502	0.002716
944.000000	-80.096230	-80.705805	0.001861
945.000000	67.728106	-41.000162	0.000396
946.000000	-69.845741	-69.309670	0.050557
947.000000	-82.056091	-67.971400	0.003518
948.000000	-80.363675	89.284954	0.002263
949.000000	-79.640525	16.307569	0.003111
950.000000	-68.993538	49.866286	0.007979
951.000000	-89.785911	87.179764	0.001427
952.000000	-79.311498	39.866286	0.002667
953.000000	81.862447	-36.970082	0.002713
954.000000	-86.910118	-44.198112	0.002026
955.000000	89.038698	-46.335719	0.002409
956.000000	82.110014	-73.680053	0.027082
957.000000	89.499706	-67.169490	0.001131
958.000000	75.222322	-47.201922	0.007860
959.000000	-88.742564	-30.531924	0.001517
960.000000	-89.001882	78.414902	0.026943
961.000000	-89.449169	24.292854	0.001029
962.000000	-88.897947	-44.204071	0.001364
963.000000	-75.902082	20.853220	0.001791
964.000000	-55.274613	53.438790	0.011302
965.000000	-60.128258	5.234137	0.019880
966.000000	-76.096197	25.836810	0.007604
967.000000	-85.969620	-64.143259	0.000171
968.000000	-70.874490	-42.940046	0.034641
969.000000	-81.926643	-33.378934	0.003936
970.000000	86.680930	-85.778096	0.003431
971.000000	-75.488771	-48.499874	0.005548
972.000000	-77.643342	-59.226489	0.551163
973.000000	-86.835050	42.700846	0.006298
974.000000	73.332844	-42.907985	0.006186
975.000000	67.523402	78.510845	0.006401
976.000000	-71.282200	23.543618	0.137591
977.000000	-64.330605	8.658148	0.000891
978.000000	81.239812	-39.486252	0.001499
979.000000	-73.302083	-45.459599	0.002366
980.000000	-85.063985	-59.139221	0.001878
981.000000	-64.411327	-18.301213	0.036932
982.000000	-74.881188	-72.371732	0.002757
983.000000	-81.318911	-77.164068	0.002230
984.000000	-78.336975	35.948478	0.003083
985.000000	-79.871989	-25.142058	0.002553
986.000000	-84.865820	-67.921501	0.011509
987.000000	-82.480570	21.249565	0.003316
988.000000	-86.460230	-78.950210	0.001554
989.000000	-75.288280	-72.855322	0.001669
990.000000	-85.665014	-68.273668	0.005834
991.000000	-73.204379	-56.917727	0.003594
992.000000	-67.536431	-42.034148	0.009250
993.000000	-78.564049	-53.842904	0.000420
994.000000	86.411547	-12.821484	0.002481
