Thin Section: 	C:\Ice Data\2017-03-08-Wed\14.09 1219  VTS SPICE

Results: 	C:\Ice Results\2017-03-08-Wed\14.09 1219  VTS SPICE\2017-03-13-Mon, 11.42

Sequence Angles: 
xi	phi inner
0	0
45	0
45	-45
45	-90
45	-135
45	-180
45	-225
45	-270
45	-315

Threshold: 
45.000

Grain #		theta		phi	Rsquared

0.000000	-24.678669	-13.632354	0.013753
1.000000	-53.279417	-56.653981	0.007683
2.000000	-61.563809	23.728163	0.013223
3.000000	-52.708838	-51.796771	0.005502
4.000000	-46.564941	41.437098	0.003150
5.000000	-68.707546	-72.938181	0.004083
6.000000	-63.420431	-80.206597	0.007063
7.000000	-60.093327	2.197342	0.002505
8.000000	-69.391220	-58.483201	0.002594
9.000000	-79.464243	85.472575	0.002486
10.000000	53.847220	-89.143750	0.003120
11.000000	-66.712348	88.891810	0.001016
12.000000	-43.459560	-15.887328	0.007858
13.000000	81.464809	-82.256841	0.002102
14.000000	-69.435092	84.768828	0.002823
15.000000	-37.392388	45.732997	0.010170
16.000000	-70.510525	88.991038	0.010792
17.000000	-69.279066	83.481603	0.003331
18.000000	-26.861133	39.018861	0.000848
19.000000	-70.759502	83.446323	0.002891
20.000000	-55.921960	-67.563848	0.009444
21.000000	-83.891619	-75.220136	0.001800
22.000000	-74.284219	-75.651090	0.006901
23.000000	88.742640	-55.830667	0.000858
24.000000	-64.639280	1.076908	0.007030
25.000000	-54.093342	-59.468927	0.007567
26.000000	74.236910	-83.456690	0.005435
27.000000	87.312084	-69.714699	0.000573
28.000000	-89.346430	79.824121	0.003118
29.000000	-33.548387	-5.827497	0.002615
30.000000	-39.994148	3.294228	0.001674
31.000000	-86.155690	85.876425	0.015725
32.000000	-47.430960	33.297878	0.001993
33.000000	87.173481	75.067951	0.007283
34.000000	-45.585131	10.831302	0.004303
35.000000	-37.516520	30.873454	0.006116
36.000000	-43.765961	-11.199105	0.001056
37.000000	-56.566887	-25.155571	0.004649
38.000000	-58.831169	63.911483	0.006061
39.000000	-82.215533	60.768828	0.031508
40.000000	-62.076002	68.547901	0.067476
41.000000	-45.473218	-16.165494	0.109172
42.000000	-66.318260	-54.370166	0.019081
43.000000	72.312394	-84.538008	0.003823
44.000000	80.881008	-71.302024	0.004294
45.000000	-73.391186	-0.917251	0.001388
46.000000	-60.228974	55.550499	0.002748
47.000000	-70.330599	-44.451091	0.002182
48.000000	-87.616011	-90.682384	0.022563
49.000000	-37.977174	50.980487	0.003647
50.000000	-72.519805	58.297658	0.003284
51.000000	-66.096197	73.237747	0.006913
52.000000	-66.335866	56.481227	0.005460
53.000000	76.025730	81.219412	0.009686
54.000000	-73.611508	-71.056398	0.001624
55.000000	-64.797415	-42.513443	0.003955
56.000000	81.936202	-69.830688	0.001197
57.000000	-62.170198	79.774187	0.015700
58.000000	-35.906868	-37.086307	0.005847
59.000000	71.521097	-77.004459	0.022245
60.000000	-67.521378	33.851903	0.032275
61.000000	-45.963807	7.540980	0.003442
62.000000	-70.256868	20.599932	0.080881
63.000000	-83.942209	-76.079364	0.003233
64.000000	-41.211255	-35.615379	0.007789
65.000000	-72.984204	-63.388228	0.008110
66.000000	-48.858406	63.842971	0.007656
67.000000	-48.065506	32.572519	0.002183
68.000000	-67.738583	36.148062	0.031096
69.000000	-50.725363	-57.379248	0.005836
70.000000	-63.355796	44.298416	0.009455
71.000000	-45.703126	-29.628042	0.019737
72.000000	-73.334298	59.980654	0.005011
73.000000	80.122251	-83.704614	0.001537
74.000000	-42.281363	-47.681961	0.125127
75.000000	-66.148169	68.500274	0.003796
76.000000	-44.283759	-51.959510	0.004035
77.000000	-46.800108	3.183070	0.329532
78.000000	-52.221903	-46.957919	0.010935
79.000000	81.693962	-86.232468	0.008331
80.000000	-83.257360	82.411872	0.004864
81.000000	-44.467298	-35.685575	0.003367
82.000000	89.590447	61.254614	0.003399
83.000000	-65.889986	73.577491	0.001225
84.000000	-55.415747	51.050024	0.001639
85.000000	-40.939847	-1.781087	0.013100
86.000000	86.359529	76.431469	0.003521
87.000000	-87.998831	-65.511909	0.002003
88.000000	-55.743200	-42.782762	0.018262
89.000000	-53.994148	-55.805614	0.007400
90.000000	77.357956	-86.638847	0.005002
91.000000	-64.435950	-35.511850	0.004775
92.000000	-44.045661	-29.286937	0.002500
93.000000	-64.164916	68.275341	0.244170
94.000000	-76.500294	-83.704575	0.015104
95.000000	73.466621	-85.137009	0.004317
96.000000	-30.525608	-25.144967	0.016023
97.000000	-60.080652	35.380438	0.008210
98.000000	-51.031865	52.679393	0.003226
99.000000	-47.817744	1.059982	0.002581
100.000000	-77.600365	-71.479477	0.004727
101.000000	-52.884914	-39.416080	0.004184
102.000000	-45.338789	11.852149	0.002265
103.000000	86.579569	-87.906693	0.001112
104.000000	-52.398693	-7.412251	0.003637
105.000000	-60.563566	64.187257	0.062881
106.000000	-82.240061	77.087047	0.001297
107.000000	-68.719782	75.939144	0.003580
108.000000	-51.408106	36.848256	0.004498
109.000000	78.524841	89.536751	0.001613
110.000000	-76.610356	-75.790561	0.001808
111.000000	-80.128205	-63.853275	0.001785
112.000000	-72.374849	83.318336	0.165669
113.000000	74.057791	-83.894615	0.001373
114.000000	-84.759344	65.929141	0.011882
115.000000	-68.221958	56.461119	0.044470
116.000000	-80.547236	-80.210532	0.002561
117.000000	-71.395903	-60.234898	0.013906
118.000000	-71.262059	-58.484359	0.001082
119.000000	-77.001530	-88.008917	0.002807
120.000000	-73.822355	34.955844	0.003368
121.000000	59.131363	-87.814648	0.002060
122.000000	-68.742060	46.196483	0.006059
123.000000	-55.476568	-39.975541	0.016752
124.000000	-64.989880	66.046073	0.002344
125.000000	-68.480570	-70.030433	0.003831
126.000000	-88.416696	89.483947	0.001094
127.000000	-76.006615	68.339597	0.029752
128.000000	-79.600326	89.891605	0.020277
129.000000	-45.047103	-36.033810	0.007005
130.000000	-46.598217	-49.742667	0.037669
131.000000	-62.147909	-47.872925	0.005143
132.000000	-60.579017	21.838371	0.007156
133.000000	-51.001550	20.868487	0.067802
134.000000	-63.234075	55.572841	0.003404
135.000000	-63.767687	-51.306707	0.019686
136.000000	-75.712167	63.446971	0.003183
137.000000	-62.734977	23.523174	0.002302
138.000000	-56.730414	-40.611923	0.001450
139.000000	-38.970231	-28.865000	0.071864
140.000000	-45.471884	6.221802	0.029780
141.000000	-68.396219	57.792147	0.005839
142.000000	-58.544399	-42.404638	0.005440
143.000000	-54.392449	-0.087222	0.004446
144.000000	-66.319484	-75.144962	0.004513
145.000000	-78.060889	-71.056392	0.012269
146.000000	-50.224291	-30.972905	0.008020
147.000000	-27.289841	6.877592	0.001030
148.000000	-69.274416	-33.746050	0.013000
149.000000	-61.909636	-68.422476	0.009930
150.000000	-81.989498	77.669395	0.007929
151.000000	-46.443900	-27.191410	0.021350
152.000000	88.085560	73.528683	0.004228
153.000000	-52.024030	-37.100244	0.022096
154.000000	-77.750946	71.274491	0.063495
155.000000	-56.480161	52.260793	0.002440
156.000000	-84.460961	55.571604	0.004843
157.000000	-60.500294	74.882117	0.002406
158.000000	-61.575978	46.488091	0.013946
159.000000	-64.799108	-30.637201	0.002609
160.000000	-71.235904	63.106344	0.001397
161.000000	-59.363808	-51.615100	0.003584
162.000000	69.452764	-85.875942	0.005390
163.000000	82.221870	-63.511909	0.002665
164.000000	-67.981824	-11.715530	0.193244
165.000000	-41.854788	-48.908970	0.004736
166.000000	-72.488058	-62.937446	0.016368
167.000000	-76.922932	79.044900	0.149078
168.000000	-60.987979	9.486618	0.008509
169.000000	-75.413992	76.501955	0.002037
170.000000	-42.868724	43.709756	0.011993
171.000000	-56.340516	-32.150580	0.001297
172.000000	-71.223613	-50.021120	0.035191
173.000000	-60.350288	-22.884097	0.008238
174.000000	-69.066987	67.568217	0.006425
175.000000	-74.271894	70.292482	0.005714
176.000000	-71.971400	27.506216	0.004279
177.000000	-69.159119	-79.768585	0.008362
178.000000	-84.554841	84.512969	0.010063
179.000000	76.525212	-87.351464	0.044094
180.000000	-51.718393	43.459068	0.004274
181.000000	-75.109718	55.796650	0.003783
182.000000	74.211219	-89.092691	0.004497
183.000000	-27.041198	18.920121	0.002820
184.000000	-45.937472	-25.645121	0.001173
185.000000	-64.515122	57.839720	0.012047
186.000000	-58.478411	16.508862	0.010780
187.000000	-40.815007	12.551091	0.003028
188.000000	-68.562309	78.090331	0.005361
189.000000	-32.583646	-17.283896	0.004795
190.000000	-67.447416	56.078040	0.005551
191.000000	-58.838682	-67.026761	0.010150
192.000000	-56.962205	-51.947153	0.005718
193.000000	-62.750049	-66.459220	0.006284
194.000000	-73.684664	-58.266115	0.001951
195.000000	-64.006385	56.532847	0.009242
196.000000	-39.311810	-24.842515	0.005499
197.000000	88.604097	80.793395	0.002361
198.000000	-36.212141	-35.404751	0.010084
199.000000	-54.285565	56.534480	0.049561
200.000000	-45.873536	42.138721	0.003028
201.000000	-88.051441	-73.257360	0.004030
202.000000	-75.174140	75.084476	0.001835
203.000000	-71.867151	73.202632	0.007991
204.000000	-68.346929	45.469824	1.118466
205.000000	-57.926643	-46.690924	0.001618
206.000000	-61.640471	-29.813028	0.037385
207.000000	-59.079077	26.298167	0.005120
208.000000	-83.929514	84.174735	0.004542
209.000000	-67.311532	59.698787	0.006083
210.000000	84.925426	-86.604301	0.005572
211.000000	-63.106755	-53.376025	0.021706
212.000000	-74.949219	77.189449	0.011947
213.000000	-56.031704	-51.741492	0.004026
214.000000	-72.702916	77.615327	0.008781
215.000000	-52.403773	-47.978915	0.021588
216.000000	-80.539769	-62.969672	0.001756
217.000000	-60.950177	-11.101985	0.003794
218.000000	-61.091440	-53.868871	0.005600
219.000000	-52.024063	30.725666	0.001165
220.000000	-56.949219	34.934901	0.028547
221.000000	78.253858	72.999838	0.019770
222.000000	-86.224813	74.622845	0.002517
223.000000	-51.998831	51.401880	0.008466
224.000000	-64.269024	48.798357	0.009168
225.000000	-74.140388	-58.649464	0.003607
226.000000	-57.319032	0.285978	0.004792
227.000000	-68.792771	-73.619029	0.003952
228.000000	-73.303857	11.096452	0.002965
229.000000	-77.064962	-79.214164	0.002648
230.000000	-85.715855	-5.021407	0.001728
231.000000	-46.431803	62.010941	0.000859
232.000000	-83.471977	69.691053	0.002446
233.000000	-54.780033	-12.057704	0.002760
234.000000	-75.134525	-31.286970	0.005516
235.000000	-32.181710	-13.768639	0.014477
236.000000	76.581310	-89.100244	0.002569
237.000000	-47.911551	-55.795010	0.003579
238.000000	75.852097	-87.077565	0.228782
239.000000	-41.432182	5.571967	0.003741
240.000000	-63.338909	-49.186694	0.011605
241.000000	-56.301100	-37.204088	0.050272
242.000000	78.808853	-72.508092	0.005746
243.000000	-83.929514	-58.614912	0.000317
244.000000	-71.595682	76.662865	0.012325
245.000000	-47.142091	-11.250346	0.017499
246.000000	-62.468407	-79.899052	0.017152
247.000000	-64.240061	79.318422	0.005558
248.000000	-46.983150	-12.703847	0.006551
249.000000	-75.281970	69.353359	0.001622
250.000000	-69.842871	83.693990	0.168650
251.000000	-54.705820	-4.641784	0.013744
252.000000	-66.155636	72.453126	0.035542
253.000000	-53.094431	-22.350021	0.001787
254.000000	-56.006385	54.404318	0.001796
255.000000	-61.094431	68.760777	0.001975
256.000000	-79.726418	-85.877836	0.003713
257.000000	-62.616694	30.251293	0.003073
258.000000	-64.140388	-46.003481	0.004051
259.000000	-70.763994	64.370112	0.005052
260.000000	-69.526007	4.939409	0.009377
261.000000	-72.850800	-40.431875	0.004430
262.000000	-78.414197	-30.596641	0.002304
263.000000	-71.186464	76.708400	0.001817
264.000000	86.483408	-83.237033	0.001152
265.000000	-48.024063	-37.981824	0.006047
266.000000	-72.569790	-50.874185	0.002915
267.000000	-60.359079	60.956231	0.061413
268.000000	-67.214246	-72.866905	0.006815
269.000000	-34.180903	19.599878	0.041140
270.000000	-55.889932	-24.197576	0.014873
271.000000	-50.431770	-46.117642	0.004906
272.000000	-72.538029	68.835155	0.011916
273.000000	-65.456690	47.971346	0.021824
274.000000	-37.770590	34.418974	0.014425
275.000000	-23.557769	-45.773626	0.203425
276.000000	-52.542653	-41.248811	0.021348
277.000000	-24.463811	-5.649712	0.007892
278.000000	-46.348136	-3.872342	0.011394
279.000000	-85.800964	64.202026	0.002361
280.000000	-73.432182	-60.418343	0.002410
281.000000	-60.705858	48.070486	0.013233
282.000000	-53.411064	-50.058689	0.002065
283.000000	-79.139188	-11.711205	0.014465
284.000000	-42.740277	33.539974	0.011151
285.000000	-52.273132	37.138850	0.002323
286.000000	-49.954426	0.078040	0.000617
287.000000	-80.933827	46.063271	0.006401
288.000000	-73.218929	69.543917	0.003074
289.000000	-80.132855	73.036182	0.003205
290.000000	-60.486297	45.956113	0.110317
291.000000	-49.613249	28.195023	0.003729
292.000000	-50.938340	33.181447	0.190600
293.000000	74.890374	-81.007464	0.000862
294.000000	-68.871547	48.581343	0.018388
295.000000	-89.795151	-89.835278	0.019315
296.000000	-56.782362	-43.722253	0.001476
297.000000	86.234000	-83.314387	0.002865
298.000000	-79.041067	76.264374	0.022419
299.000000	-50.383640	31.311174	0.003893
300.000000	-54.352028	-4.434392	0.028818
301.000000	-50.296450	-58.807593	0.002596
302.000000	-66.979415	-57.027181	0.023204
303.000000	-69.692431	-65.909777	0.402124
304.000000	-72.649517	69.418094	0.002092
305.000000	88.090364	75.509053	0.003030
306.000000	-55.762863	-16.530223	0.015578
307.000000	-74.048570	-66.486297	0.001056
308.000000	-79.398773	88.731298	0.770150
309.000000	-53.830688	45.091697	0.001418
310.000000	-67.266742	74.546181	0.002621
311.000000	-58.285993	70.321475	0.086645
312.000000	84.483447	-87.814405	0.001199
313.000000	-45.548615	43.059103	0.006449
314.000000	-37.607242	-47.477107	0.108364
315.000000	-64.474274	-71.129422	0.006887
316.000000	-55.699931	66.070453	0.048138
317.000000	-48.722203	29.096277	0.001314
318.000000	-44.507737	-4.069439	0.001438
319.000000	-55.101985	-37.224116	0.005527
320.000000	-63.191147	-54.395039	0.006939
321.000000	-80.148169	50.008843	0.003464
322.000000	-77.378895	84.653166	0.006587
323.000000	-37.963861	-37.444703	0.004808
324.000000	79.557788	-15.984727	0.125101
325.000000	-57.842832	-38.078093	0.006541
326.000000	88.264287	78.228149	0.003352
327.000000	-41.524195	-40.258237	0.002709
328.000000	-52.199317	3.522744	0.000783
329.000000	-73.914460	88.515840	0.006714
330.000000	-56.476014	30.008091	0.003461
331.000000	-70.998431	-44.516387	0.074183
332.000000	-66.060895	76.416468	0.001602
333.000000	-42.635820	14.772893	0.004276
334.000000	-75.938847	84.495591	0.001642
335.000000	-42.309411	-5.037626	0.002966
336.000000	-51.444507	43.585012	0.003515
337.000000	-43.082107	-14.270540	0.002859
338.000000	-62.651205	-67.924228	0.007422
339.000000	-49.083848	-29.223732	0.010053
340.000000	90.065803	-54.315356	0.001214
341.000000	-45.163628	75.625211	0.005166
342.000000	-65.017270	-55.266742	0.006352
343.000000	-55.210012	-14.766842	0.003201
344.000000	-89.101985	71.651756	0.002381
345.000000	-48.523076	-20.515823	0.001644
346.000000	-68.269024	-49.726418	0.005162
347.000000	-86.705858	78.025696	0.006274
348.000000	-83.857871	70.598351	0.001904
349.000000	-82.730419	83.698895	0.000980
350.000000	-48.861045	-32.317366	0.009174
351.000000	-71.101952	70.098236	0.003710
352.000000	-38.813727	47.910000	0.055843
353.000000	-58.569287	51.701013	0.006243
354.000000	-48.607447	-18.565261	0.002434
355.000000	70.816527	85.087432	0.006600
356.000000	-66.730380	57.439220	0.002511
357.000000	-70.232541	56.662831	0.003285
358.000000	-63.218929	-56.960595	0.025795
359.000000	-46.755612	33.347571	0.001226
360.000000	-37.064090	-9.531946	0.004108
361.000000	-42.746961	-6.301519	0.116297
362.000000	-34.694966	13.179324	0.008214
363.000000	-65.249806	-63.611475	0.005395
364.000000	-57.891619	-11.828300	0.007583
365.000000	70.798357	-89.534691	0.001646
366.000000	-51.501500	-4.389531	0.004030
367.000000	-70.507708	83.003100	0.026861
368.000000	-47.484121	5.101434	0.012361
369.000000	-35.243654	-26.830288	0.046332
370.000000	-88.063765	-77.470056	0.001392
371.000000	-67.336039	71.931220	0.002038
372.000000	-48.489009	33.378451	0.002614
373.000000	-77.835317	-71.221839	0.023656
374.000000	-68.890394	85.058982	0.051884
375.000000	-40.839529	-6.295735	0.003462
376.000000	-76.096197	74.354879	0.002481
377.000000	-58.989205	77.985450	0.002420
378.000000	-40.354932	16.036313	0.002336
379.000000	-77.331376	-81.245084	0.003753
380.000000	-31.748057	67.959022	0.020312
381.000000	-45.160806	-35.078029	0.003443
382.000000	-67.870021	-52.299359	0.006603
383.000000	-42.700910	-11.583267	0.029004
384.000000	-71.672553	-73.284912	0.005410
385.000000	-84.910118	82.273600	0.004134
386.000000	-43.124772	-67.974270	0.005018
387.000000	-63.902082	62.578407	0.005308
388.000000	-69.854968	57.972946	0.001902
389.000000	-60.489134	-21.104861	0.042006
390.000000	-73.929514	-75.998831	0.005321
391.000000	-41.363788	30.484066	0.002932
392.000000	-63.139241	68.332310	0.026171
393.000000	-40.804916	-27.973473	0.000857
394.000000	-77.592772	83.207376	0.002215
395.000000	-65.697021	56.314272	0.012232
396.000000	-77.577686	66.107483	0.001832
397.000000	86.800982	53.775259	0.005146
398.000000	-71.501433	-60.041789	0.042173
399.000000	-43.496817	66.211711	0.002525
400.000000	-39.934617	38.842835	0.006952
401.000000	-43.822394	1.394294	0.002574
402.000000	-44.552006	19.336513	0.005742
403.000000	-63.817711	-59.820581	0.016111
404.000000	-82.113205	-87.941751	0.002587
405.000000	-44.065539	29.312800	0.001398
406.000000	-55.257360	-65.354055	0.038645
407.000000	-76.510597	76.500274	0.001213
408.000000	-88.192348	-85.284912	0.002602
409.000000	-52.721236	-74.206831	0.003231
410.000000	-83.842871	-46.019380	0.007795
411.000000	-80.290643	71.942708	0.001619
412.000000	-59.174173	-8.475660	0.015359
413.000000	41.877501	-26.090770	0.618689
414.000000	-81.048931	67.419858	0.003207
415.000000	-64.059115	18.557234	0.015861
416.000000	-84.362418	-86.750016	0.003824
417.000000	-49.592811	-45.214198	0.004650
418.000000	-76.997325	-55.531787	0.023015
419.000000	-79.882432	-57.640525	0.002278
420.000000	86.287833	-60.765090	0.000706
421.000000	-72.325780	-75.631245	0.004468
422.000000	-58.253985	-50.145086	0.004240
423.000000	84.543271	79.569937	0.002453
424.000000	-56.253448	58.818573	0.003077
425.000000	-56.386940	39.329079	0.001747
426.000000	-42.019380	-54.598206	0.003610
427.000000	-87.109659	80.715900	0.001455
428.000000	-63.118992	72.184300	0.004405
429.000000	-83.802705	-76.780549	0.024054
430.000000	-52.093327	-67.397032	0.003374
431.000000	-87.814841	76.540368	0.002128
432.000000	-33.159086	25.827165	0.017387
433.000000	-51.785911	46.013526	0.003475
434.000000	-45.814802	-40.395039	0.009010
435.000000	-85.218929	-85.299648	0.000674
436.000000	-73.354022	-41.464282	0.001921
437.000000	-67.850318	-70.362384	0.006822
438.000000	86.232260	50.745495	0.001163
439.000000	-58.636303	36.136242	0.013192
440.000000	-72.870450	81.385213	0.002962
441.000000	-59.528878	-42.373006	0.003809
442.000000	-37.337501	54.339019	0.003024
443.000000	-65.733972	-73.942242	0.019906
444.000000	-68.068448	-80.669428	0.038963
445.000000	-80.566834	-75.123139	0.004938
446.000000	-44.443450	13.822341	0.003178
447.000000	-54.006385	-37.519463	0.005634
448.000000	-69.266742	83.662301	0.005102
449.000000	79.055410	87.320519	0.004089
450.000000	-70.754801	-74.750301	0.029967
451.000000	-84.849059	54.907309	0.004971
452.000000	-79.981824	-54.876123	0.003773
453.000000	-78.566887	-87.656783	0.004814
454.000000	-86.140388	-81.785650	0.029326
455.000000	-81.341852	62.722762	0.002373
456.000000	-69.274383	79.610643	0.006266
457.000000	-47.709225	52.732941	0.011686
458.000000	-83.085157	72.737903	0.001544
459.000000	-64.045628	-55.983565	0.385173
460.000000	-74.550265	59.004521	0.003581
461.000000	-80.016476	-74.773088	0.001286
462.000000	-79.616158	-83.929514	0.010621
463.000000	-57.820615	-17.362035	0.005570
464.000000	-66.293513	-58.868584	0.014216
465.000000	-48.185890	37.113457	0.012859
466.000000	-83.321941	-77.281975	0.001297
467.000000	-63.011992	-21.269684	0.013158
468.000000	-51.733900	39.160346	0.001340
469.000000	-59.122950	-85.114363	0.011251
470.000000	-69.743233	58.164722	0.040099
471.000000	-53.229923	55.279510	0.001444
472.000000	80.322856	65.983563	0.008633
473.000000	64.221817	-76.510597	0.004674
474.000000	-55.174173	-68.262329	0.045577
475.000000	-48.198060	9.708533	0.001805
476.000000	-57.798008	47.461992	0.002015
477.000000	83.281991	-89.177082	0.000923
478.000000	-45.269645	12.404376	0.002370
479.000000	-29.731029	-28.612009	0.001143
480.000000	-78.785232	79.450108	0.003117
481.000000	-44.552937	35.834171	0.001821
482.000000	-60.286663	-65.042492	0.014742
483.000000	-81.648253	80.768828	0.002295
484.000000	-80.249287	-66.313630	0.002141
485.000000	-66.877864	70.550864	0.004480
486.000000	-81.680086	85.919348	0.019518
487.000000	-44.262761	6.476564	0.002748
488.000000	-40.226500	17.421764	0.003697
489.000000	-48.291767	5.957707	0.015161
490.000000	-77.662090	-82.730327	0.003447
491.000000	-36.834938	-12.284883	0.004036
492.000000	-62.463778	83.412290	0.013086
493.000000	-78.401999	-42.992576	0.001930
494.000000	-42.406643	3.716066	0.002963
495.000000	-71.484121	-51.311939	0.046502
496.000000	87.212988	89.046542	0.005522
497.000000	-68.947538	70.206622	0.001921
498.000000	-48.744257	-42.510593	0.003803
499.000000	-75.865371	82.805944	0.001573
500.000000	-88.419600	-74.782400	0.000641
501.000000	-57.469068	-25.534198	0.017787
502.000000	-52.842438	32.347664	0.002696
503.000000	-42.781860	-49.722480	0.002887
504.000000	-79.211255	-47.877290	0.005676
505.000000	-45.613249	24.636299	0.002749
506.000000	-43.436773	-34.829103	0.005817
507.000000	-47.882399	-43.302083	0.007606
508.000000	-62.252244	72.573757	0.014892
509.000000	85.059929	81.486499	0.003470
510.000000	-67.282009	-65.474706	0.007055
511.000000	-58.932049	51.164888	0.001713
512.000000	-53.188156	-36.112393	0.143445
513.000000	-72.707546	-86.995227	0.004496
514.000000	-43.847316	-34.415207	0.606747
515.000000	-63.817711	70.749894	0.002768
516.000000	-80.202187	61.867151	0.009494
517.000000	-67.509000	-83.251714	0.008590
518.000000	-82.960915	-58.629867	0.000688
519.000000	-64.788141	-38.740823	0.004753
520.000000	-70.192926	26.520523	0.004455
521.000000	-66.399090	66.776508	0.013208
522.000000	-55.115397	11.311260	0.000974
523.000000	-50.996336	-32.626416	0.028291
524.000000	-59.536431	-55.877257	0.010503
525.000000	-58.253964	-32.693636	0.043668
526.000000	85.372956	71.494231	0.004458
527.000000	-58.264341	38.739736	0.018762
528.000000	-51.553037	-8.866946	0.017735
529.000000	-77.736842	-60.586556	0.003264
530.000000	-74.116075	-37.919090	0.011315
531.000000	-53.349684	-33.725573	0.004950
532.000000	-58.838756	75.909263	0.008617
533.000000	-74.209741	78.913122	0.021843
534.000000	-83.097302	66.949987	0.002507
535.000000	-71.536431	60.269091	0.002045
536.000000	-50.555668	-34.545895	0.015725
537.000000	78.893245	87.810191	0.019957
538.000000	-84.409553	80.300036	0.002055
539.000000	-45.476568	26.515561	0.004667
540.000000	-73.833538	74.201972	0.003797
541.000000	-45.994148	1.629801	0.006000
542.000000	-68.402032	-71.690510	0.010626
543.000000	-36.996900	24.495650	0.009115
544.000000	-46.368808	26.554823	0.008362
545.000000	-53.056449	12.269030	0.001482
546.000000	-70.996447	58.161812	0.022305
547.000000	-80.800319	62.942313	0.003155
548.000000	-73.509000	76.016435	0.001252
549.000000	75.365536	87.057058	0.005923
550.000000	-81.314441	-82.237191	0.010209
551.000000	-53.079237	38.179072	0.001667
552.000000	-60.905415	-70.224546	0.016446
553.000000	-44.265665	-34.904287	0.003198
554.000000	-80.084014	-55.761370	0.054836
555.000000	-42.695502	19.400527	0.002597
556.000000	-84.727249	71.954339	0.002385
557.000000	-70.659158	-62.250146	0.001916
558.000000	-70.256874	52.540401	0.004381
559.000000	-85.391220	-76.961906	0.001699
560.000000	-61.575978	21.355046	0.003719
561.000000	-49.730909	10.606668	0.023791
562.000000	83.755315	-74.876504	0.018138
563.000000	-56.857947	29.666366	0.034834
564.000000	-52.744960	35.534512	0.001214
565.000000	-60.291772	-48.589426	0.007133
566.000000	-31.568492	-17.632986	0.007902
567.000000	-36.804641	44.488873	0.003415
568.000000	-78.974765	76.414869	0.005829
569.000000	-70.806695	-76.683158	0.005246
570.000000	-55.942209	72.525173	0.004327
571.000000	-75.124772	-86.111425	0.005977
572.000000	-87.139241	85.572808	0.024479
573.000000	-81.533528	-69.360797	0.016285
574.000000	-67.376025	-65.857606	0.005751
575.000000	-65.447416	73.184448	0.002558
576.000000	-82.754694	-72.528290	0.022333
577.000000	-77.105326	85.148196	0.000681
578.000000	-82.160319	84.270658	0.006675
579.000000	-74.994415	-83.563809	0.004310
580.000000	-47.464243	-12.018230	0.000949
581.000000	-58.802012	10.547940	0.007322
582.000000	-70.414197	-80.562096	0.004617
583.000000	83.674220	-73.012026	0.000513
584.000000	88.611684	83.436918	0.006152
585.000000	-78.408423	-88.194738	0.022753
586.000000	-42.117816	-40.387577	0.003902
587.000000	-46.187523	-0.713325	0.003262
588.000000	-42.834126	-18.767741	0.001487
589.000000	-74.999065	-62.696380	0.001007
590.000000	-79.166619	-89.608898	0.004172
591.000000	80.090364	89.924031	0.007900
592.000000	-59.378895	44.245519	0.035673
593.000000	-59.755590	6.739605	0.010603
594.000000	-60.148169	37.457342	0.030486
595.000000	-67.870021	35.046813	0.006328
596.000000	-55.867339	-57.057063	0.002174
597.000000	-52.634636	0.815364	0.002941
598.000000	-76.522661	56.100788	0.016575
599.000000	-41.597456	26.932967	0.005865
600.000000	-73.134558	84.322486	0.104773
601.000000	-51.424508	-13.556660	0.001190
602.000000	-69.521378	-59.195206	0.005512
603.000000	-74.296422	83.091697	0.002592
604.000000	-65.124772	-47.201643	0.008476
605.000000	-64.152819	67.562437	0.002409
606.000000	-83.036867	-67.071683	0.008453
607.000000	-55.758461	-38.972745	0.005044
608.000000	-44.117849	-36.810463	0.008729
609.000000	-81.056431	-69.105068	0.000443
610.000000	80.958569	86.429976	0.003251
611.000000	86.021047	-83.094470	0.002426
612.000000	-72.113205	-61.899212	0.010175
613.000000	-83.509000	-81.034315	0.004278
614.000000	-60.771514	-38.330351	0.002953
615.000000	-85.798061	84.838146	0.004498
616.000000	-85.568492	85.825316	0.002879
617.000000	-40.003481	32.751009	0.002258
618.000000	-71.674273	-47.352177	0.002897
619.000000	-59.814841	74.399635	0.004354
620.000000	-44.093327	20.827568	0.005196
621.000000	-78.382363	79.111626	0.001515
622.000000	-46.152606	37.227146	0.017904
623.000000	-54.177641	-59.424575	0.005495
624.000000	-83.521324	89.710853	0.003960
625.000000	-63.680053	55.574621	0.006545
626.000000	75.625151	-75.499726	0.001002
627.000000	-45.320772	37.189734	0.001173
628.000000	-50.838220	16.081070	0.002110
629.000000	-77.456729	-74.345572	0.005544
630.000000	-63.126884	56.003266	0.009979
631.000000	-53.419858	-35.805575	0.005842
632.000000	-87.541028	-76.021594	0.032611
633.000000	-45.099114	-46.098237	0.009979
634.000000	-85.479477	76.263158	0.036905
635.000000	-68.769773	68.818235	0.009887
636.000000	-52.929274	-50.725591	0.016248
637.000000	-53.215905	41.244408	0.002564
638.000000	-56.701223	-4.129946	0.002516
639.000000	-43.408073	-13.296250	0.002549
640.000000	-67.766000	69.715748	0.005247
641.000000	-54.792264	-29.594734	0.003659
642.000000	-39.246864	14.486854	0.003109
643.000000	-42.617538	-32.562389	0.002722
644.000000	-75.533561	-78.464395	0.005227
645.000000	-58.371679	-32.244424	0.008533
646.000000	-55.528878	-28.501192	0.011371
647.000000	-56.197537	-26.861117	0.009318
648.000000	-36.794062	-76.310667	0.004091
649.000000	85.854962	-67.164932	0.002535
650.000000	-51.711172	-34.112938	0.028129
651.000000	-57.306815	-64.115649	0.019178
652.000000	-65.479510	52.500274	0.005960
653.000000	-74.483480	65.956113	0.003470
654.000000	-51.118872	50.885691	0.000567
655.000000	-57.748037	48.570809	0.001294
656.000000	76.953833	-85.432149	0.004500
657.000000	-73.603235	-35.154301	0.001579
658.000000	-52.969288	-56.211011	0.007993
659.000000	-46.145086	-37.583072	0.019663
660.000000	-65.877716	-66.528889	0.048376
661.000000	-41.094431	-16.209001	0.023606
662.000000	-55.717105	67.750713	0.015163
663.000000	-66.389849	52.013526	0.006043
664.000000	-89.218929	74.131937	0.001342
665.000000	-66.359529	76.493584	0.009299
666.000000	-51.850318	-64.123575	0.002935
667.000000	-41.513683	-51.842551	0.007334
668.000000	-41.713908	0.567818	0.007724
669.000000	-88.103751	-70.123608	0.033677
670.000000	-43.672340	-6.725107	0.004353
671.000000	-39.439823	-31.268689	0.001640
672.000000	-43.681827	-16.278606	0.010056
673.000000	73.357970	-75.364971	0.000805
674.000000	-88.562237	-63.453216	0.001049
675.000000	-41.785839	11.844628	0.002187
676.000000	-88.036367	-87.004472	0.001042
677.000000	84.579569	-81.346430	0.002911
678.000000	50.276758	-72.494498	0.023084
679.000000	78.567812	-87.292466	0.000246
680.000000	-85.870282	-78.851810	0.000987
681.000000	-86.288902	-82.545562	0.009817
682.000000	-60.167820	46.037880	0.021525
683.000000	-51.914440	-41.214164	0.006072
684.000000	-27.109626	13.966717	0.002429
685.000000	-74.278439	45.487922	0.015548
686.000000	-77.978953	77.418074	0.057264
687.000000	-76.829476	-49.723388	0.000493
688.000000	-59.435092	-44.737866	0.008372
689.000000	-44.690852	-38.327501	0.506733
690.000000	-71.785650	-59.574305	0.002778
691.000000	-73.394162	84.351975	0.003302
692.000000	-63.563881	47.550287	0.007186
693.000000	-55.050269	17.614862	0.013474
694.000000	36.192731	51.681256	0.009393
695.000000	-33.541022	-27.311616	0.120950
696.000000	-57.835317	-59.738622	0.009236
697.000000	-49.906766	-0.389902	0.002514
698.000000	-49.859645	-56.068747	0.002229
699.000000	-55.299115	18.405146	0.000782
700.000000	-33.453819	12.535757	0.412996
701.000000	-74.362438	43.131291	0.003018
702.000000	-87.326726	-89.491254	0.007892
703.000000	-88.325780	79.036182	0.004845
704.000000	-49.379016	51.035673	0.002195
705.000000	82.661052	-82.462004	0.000711
706.000000	-81.262092	82.023956	0.036756
707.000000	-46.184653	-21.019579	0.001710
708.000000	85.768850	-72.068409	0.002094
709.000000	-49.236335	-33.623817	0.006834
710.000000	-67.954426	-75.680053	0.006097
711.000000	-52.961456	-54.827780	0.007498
712.000000	-44.819073	-43.710297	0.026066
713.000000	82.268971	82.900107	0.180203
714.000000	-79.649960	74.108690	0.001969
715.000000	-66.140409	60.543271	0.004314
716.000000	82.347097	77.738530	0.002357
717.000000	38.391342	-21.870054	0.703980
718.000000	-45.045303	-43.335719	0.101912
719.000000	-70.209741	-52.431663	0.011171
720.000000	-69.109718	67.980620	0.003713
721.000000	-39.143886	-7.135250	0.004585
722.000000	-45.024157	13.648475	0.006347
723.000000	-47.787651	-39.770558	0.004266
724.000000	-69.894615	31.528683	0.005965
725.000000	-59.126546	-31.729773	0.006504
726.000000	66.256767	-80.595346	0.002258
727.000000	-63.124772	-71.418657	0.005205
728.000000	-56.419566	-49.285191	0.001313
729.000000	-64.651238	61.292833	0.015050
730.000000	-74.675832	84.645666	0.003067
731.000000	-62.123629	-43.044074	0.008685
732.000000	-68.043920	2.870545	0.015030
733.000000	-71.286937	-55.996592	0.002749
734.000000	-59.914460	58.734999	0.039525
735.000000	-77.971400	69.779870	0.008381
736.000000	-64.624141	-30.295473	0.002970
737.000000	87.195046	-78.148136	0.000722
738.000000	-59.206611	-9.369601	0.003190
739.000000	-72.315371	53.046765	0.010432
740.000000	-59.689347	-56.962501	0.003038
741.000000	-51.911497	12.633429	0.001226
742.000000	-79.664999	-51.998831	0.001921
743.000000	-74.202220	-40.172377	0.002353
744.000000	-61.545658	62.828060	0.004903
745.000000	-55.006740	-72.313702	0.009570
746.000000	-41.226483	-29.598833	0.003909
747.000000	-54.871229	-52.386798	0.007370
748.000000	-54.565000	-50.230893	0.788534
749.000000	-41.358978	50.042297	0.001403
750.000000	-28.675918	-3.150747	0.008785
751.000000	-77.820615	-76.279622	0.007015
752.000000	-80.648420	88.087832	0.192568
753.000000	-35.010527	22.973034	0.228392
754.000000	65.217638	-89.453283	0.006271
755.000000	-85.585219	-58.610038	0.005183
756.000000	-82.991764	54.364159	0.007742
757.000000	-43.664960	-29.159398	0.002611
758.000000	-80.080739	62.214350	0.030242
759.000000	71.511942	-89.432131	0.001235
760.000000	-89.481251	-62.856327	0.002669
761.000000	-46.893815	-39.130924	0.004810
762.000000	-61.411097	-58.646834	0.010076
763.000000	-49.986507	34.581343	0.002508
764.000000	-54.577276	69.735659	0.005510
765.000000	76.656441	-84.495244	0.000402
766.000000	-85.817711	62.525119	0.002934
767.000000	-79.151391	-62.915625	0.006129
768.000000	-82.229409	-80.123542	0.001516
769.000000	-86.448583	88.523520	0.001121
770.000000	-72.036367	65.597968	0.001161
771.000000	-79.649993	-50.878795	0.004892
772.000000	-76.132855	-81.329669	0.004733
773.000000	-70.538023	18.269091	0.003922
774.000000	-46.460961	-41.223912	0.003696
775.000000	-84.256874	-80.299359	0.001116
776.000000	-68.244658	-74.099101	0.041203
777.000000	-53.273112	19.853006	0.001710
778.000000	-52.589122	-56.021061	0.003030
779.000000	-50.024063	37.642245	0.002277
780.000000	-57.484088	-50.501333	0.005541
781.000000	-59.323682	61.858732	0.001327
782.000000	-56.794637	-33.765316	0.002077
783.000000	-61.294530	39.120953	0.011288
784.000000	-58.678669	-61.997096	0.009412
785.000000	-38.160319	4.040924	0.012075
786.000000	-69.048839	-52.950123	0.074689
787.000000	84.983397	-76.412225	0.004488
788.000000	-47.770644	-48.098783	0.002922
789.000000	-45.664819	10.369444	0.003352
790.000000	-65.149651	-59.761370	0.003102
791.000000	-54.479676	-33.353366	0.007567
792.000000	-67.989498	-47.069929	0.008368
793.000000	88.963485	78.988047	0.007198
794.000000	87.645116	81.096326	0.012648
795.000000	-47.637529	-13.939300	0.002980
796.000000	-59.694151	19.718494	0.023648
797.000000	-58.921744	8.506302	0.020673
798.000000	-54.019380	-54.256820	0.002950
799.000000	-38.964295	6.179318	0.002675
800.000000	-68.016476	2.588984	0.007736
801.000000	-83.459599	82.468213	0.001911
802.000000	-80.583667	73.467254	0.001673
803.000000	-83.411097	-78.834971	0.002617
804.000000	-80.884044	-73.820615	0.001862
805.000000	-64.973092	-55.424595	0.060592
806.000000	-59.799748	53.049722	0.002221
807.000000	-22.181744	-18.522374	0.029968
808.000000	-66.298196	-68.749977	0.005269
809.000000	-71.048757	-80.737833	0.005827
810.000000	-25.850279	64.023285	0.000109
811.000000	-65.909636	-45.563654	0.013832
812.000000	-50.787485	16.028307	0.011651
813.000000	-65.061076	-70.098324	0.014120
814.000000	87.536169	-83.667638	0.001056
815.000000	-59.476568	-39.453303	0.008012
816.000000	-75.585305	-43.755107	0.004270
817.000000	-81.519463	-63.499726	0.000752
818.000000	-66.031704	-76.644867	0.009649
819.000000	-40.673580	37.285672	0.004284
820.000000	-73.121829	-78.343594	0.008033
821.000000	-36.320507	-2.378270	0.249354
822.000000	-70.905348	-45.351517	0.001149
823.000000	-65.942209	-51.724659	0.006020
824.000000	-77.319032	-61.921921	0.000608
825.000000	-73.211255	60.835932	0.019648
826.000000	-49.664993	-69.224053	0.626997
827.000000	-66.941812	-41.862429	0.026020
828.000000	-64.215533	-11.454949	0.029625
829.000000	-51.016670	-8.609965	0.003254
830.000000	-72.754699	69.486499	0.004547
831.000000	-87.091561	-78.484359	0.032232
832.000000	-78.920421	-63.981857	0.028896
833.000000	-84.773088	-73.022450	0.002238
834.000000	-56.944715	42.411506	0.003243
835.000000	-64.132855	-79.292783	0.007424
836.000000	-51.117218	24.578440	0.004574
837.000000	-65.592811	69.016585	0.013520
838.000000	-59.369601	72.231097	0.008303
839.000000	-41.338909	-42.082144	0.005081
840.000000	86.090364	75.928715	0.002011
841.000000	-83.086898	77.672446	0.001763
842.000000	-57.938847	-49.341819	0.010066
843.000000	-46.167873	-68.847246	0.004664
844.000000	-40.747160	-16.011787	0.003665
845.000000	-76.895044	74.801069	0.001923
846.000000	-68.208000	-54.466687	0.003917
847.000000	-66.507688	48.063604	0.016058
848.000000	-84.068448	-54.752920	0.000674
849.000000	-74.566834	58.863803	0.003600
850.000000	-79.201643	-66.086918	0.000824
851.000000	-73.921960	-5.704614	0.001944
852.000000	-50.690727	-9.836771	0.005021
853.000000	-65.548567	-57.539320	0.005372
854.000000	-42.335866	36.937674	0.056297
855.000000	80.776387	-82.443953	0.001248
856.000000	-57.560939	36.152446	0.023791
857.000000	-59.699892	-5.384390	0.003877
858.000000	-79.589902	69.190567	0.002111
859.000000	-76.610350	-81.011953	0.003536
860.000000	-65.186464	-25.711708	0.001416
861.000000	-67.013946	-81.011953	0.045313
862.000000	-43.436866	19.995767	0.003225
863.000000	-72.968468	-50.947571	0.002411
864.000000	-58.396219	73.991117	0.007197
865.000000	-64.604093	-41.773248	0.635941
866.000000	-54.054344	57.681740	0.004781
867.000000	-64.896141	-65.366731	0.003390
868.000000	-32.807994	8.834538	1.022420
869.000000	-64.339845	47.046819	0.007351
870.000000	-75.917310	-77.117218	0.005285
871.000000	-75.921993	-64.084014	0.001189
872.000000	-70.152819	64.673376	0.002487
873.000000	87.728106	-82.999809	0.001047
874.000000	-34.889165	6.484099	0.003253
875.000000	-44.113166	49.118281	0.002772
876.000000	-74.941779	-71.684697	0.006945
877.000000	-42.723497	15.075308	0.009685
878.000000	-62.215533	33.891445	0.005880
879.000000	-59.126513	51.802217	0.022547
880.000000	-65.981824	-44.140388	0.038608
881.000000	-72.147909	87.207316	0.406854
882.000000	-67.651123	-81.039457	0.014456
883.000000	-81.699931	-54.207979	0.017208
884.000000	-89.426561	-75.321974	0.001492
885.000000	-87.721755	-83.080474	0.040343
886.000000	-61.758461	41.870433	0.011803
887.000000	-74.967252	79.874879	0.015757
888.000000	-71.178856	-16.431354	0.006156
889.000000	-33.376025	-15.363808	0.009698
890.000000	-53.057448	-51.192001	0.005528
891.000000	-63.971400	84.601188	0.016883
892.000000	-71.074607	-81.830700	0.014607
893.000000	-53.219147	-19.384661	0.005849
894.000000	-47.581008	35.819490	0.659802
895.000000	84.273561	-74.315356	0.000566
896.000000	-87.009083	-84.758981	0.012103
897.000000	-80.557679	-51.300337	0.002096
898.000000	-56.586570	53.390862	0.001802
899.000000	-38.132870	6.705509	0.006291
900.000000	-90.590386	-86.703814	0.002198
901.000000	-60.149910	58.857996	0.002798
902.000000	-57.056392	52.266100	0.005831
903.000000	-43.867132	12.152206	0.002077
904.000000	-59.501500	38.060401	0.006995
905.000000	-69.391220	-87.445177	0.017211
906.000000	-67.226522	-78.757603	0.049518
907.000000	-84.347399	70.878137	0.000984
908.000000	-68.229424	-67.239478	0.005578
909.000000	76.511262	-66.659603	0.001016
910.000000	-72.515175	-17.850332	0.032708
911.000000	-70.724379	57.151261	0.002152
912.000000	-66.503058	-16.360340	0.003170
913.000000	-71.810191	-63.454949	0.002702
914.000000	80.929692	-65.416988	0.002132
915.000000	72.902659	83.804237	0.002951
916.000000	-44.515227	34.250829	0.758407
917.000000	-75.768817	82.093234	0.003139
918.000000	-57.376025	44.477786	0.001346
919.000000	-52.446836	20.833502	0.002876
920.000000	-81.114188	-65.959336	0.601286
921.000000	-53.174904	61.353160	0.013876
922.000000	-59.266775	84.315303	0.011668
923.000000	-70.917598	-68.996900	0.004501
924.000000	84.439322	-69.782662	0.006000
925.000000	-61.557808	56.305179	0.020000
926.000000	-46.797382	39.554216	0.004694
927.000000	-75.432182	57.343148	0.001641
928.000000	-46.367927	61.110414	0.006007
929.000000	-51.954392	-60.287089	0.003989
930.000000	-68.363675	66.813240	0.004614
931.000000	-69.481251	62.039687	0.004055
932.000000	88.708380	87.161780	0.001133
933.000000	-56.238931	65.017836	0.005850
934.000000	-86.403740	-52.710275	0.010333
935.000000	-75.496817	-63.678041	0.012969
936.000000	-62.773082	61.799734	0.012754
937.000000	-43.245578	58.563188	0.580446
938.000000	-34.172078	-70.559378	1.012208
939.000000	-63.206605	39.667005	0.008242
940.000000	65.590447	81.634712	0.006592
941.000000	-68.655834	-64.008796	0.003855
942.000000	-30.579070	42.908068	0.010537
943.000000	69.743126	87.234877	0.017711
944.000000	-82.718041	-69.181732	0.007740
945.000000	65.169209	83.736622	0.033160
946.000000	-68.060895	-72.791045	0.005438
947.000000	-57.548561	-29.578584	0.008163
948.000000	-71.765946	85.799554	0.003300
949.000000	-44.157410	-2.863901	0.006001
950.000000	-58.599947	53.696363	0.027294
951.000000	-43.421719	-15.978576	0.005596
952.000000	-47.257409	13.435866	0.003751
953.000000	-50.900063	-10.849536	0.002467
954.000000	-69.558971	86.755659	0.007868
955.000000	90.540368	-76.111425	0.000925
956.000000	-89.154295	-72.069254	0.003622
957.000000	-88.312447	-78.177060	0.000397
958.000000	-60.592393	63.054406	0.009069
959.000000	-65.386536	57.545869	0.003318
960.000000	-42.707640	-50.906806	0.006712
961.000000	-50.530126	-40.302993	0.402021
962.000000	-83.279329	-63.999442	0.000337
963.000000	-63.106809	53.720891	0.034860
964.000000	-75.867151	-58.710455	0.000884
965.000000	-85.695281	-83.721789	0.001320
966.000000	-68.167820	-60.935388	0.008077
967.000000	-73.093706	40.770023	0.004531
968.000000	-64.861982	44.092956	0.004735
969.000000	-66.228974	0.665895	0.150544
970.000000	-66.202187	33.316669	0.008395
971.000000	85.540819	89.101735	0.058094
972.000000	-53.677110	-74.813841	0.052097
973.000000	-73.106755	-70.795410	0.003285
974.000000	-85.687606	-82.705825	0.220578
975.000000	-68.663808	-63.718826	0.005203
976.000000	-37.403423	-28.350980	0.007452
977.000000	-66.763191	-49.126884	0.003499
978.000000	-51.687606	55.764589	0.277284
979.000000	77.307335	-78.745155	0.001570
980.000000	-40.483547	-22.421592	0.004574
981.000000	-52.463778	23.139313	0.002008
982.000000	-44.412171	54.700997	0.003780
983.000000	78.347277	-83.807847	0.054166
984.000000	-41.728159	-4.205162	0.009763
985.000000	-45.084977	-39.921708	0.013731
986.000000	-70.317097	53.802637	0.002015
987.000000	87.533313	52.158942	0.001530
988.000000	-37.316161	10.000330	0.003463
989.000000	-55.024816	-61.216178	0.001804
990.000000	85.387956	73.906833	0.002244
991.000000	-59.790522	63.429233	0.003753
992.000000	-40.560350	-19.336206	0.006965
993.000000	-75.528757	59.872147	0.001263
994.000000	-73.074574	-67.976856	0.004070
995.000000	-75.223613	73.320294	0.075790
996.000000	-55.929514	71.494032	0.006230
997.000000	-59.942209	60.525173	0.413710
998.000000	-89.016637	-89.934476	0.000650
999.000000	-72.056245	90.367062	0.045552
1000.000000	-47.625432	-22.857835	0.002992
1001.000000	-55.576538	-11.858359	0.001457
1002.000000	-59.902082	66.567812	0.121180
1003.000000	79.400140	-84.105491	0.018782
1004.000000	-52.379460	-0.755558	0.006065
1005.000000	-53.541061	46.865583	0.021929
1006.000000	-62.905295	62.033410	0.003622
1007.000000	-42.167867	-25.568298	0.001330
1008.000000	-51.210180	82.086595	0.004691
1009.000000	-67.476568	-56.372577	0.011670
1010.000000	-40.129946	0.377921	0.006998
1011.000000	71.769765	77.114484	0.139590
1012.000000	-46.117816	18.608901	0.003141
1013.000000	-50.771010	40.640875	0.015140
1014.000000	-65.870282	86.492720	0.153174
1015.000000	-64.760155	3.516820	0.019453
1016.000000	-42.649298	14.093273	0.003385
1017.000000	-44.446842	44.105438	0.003696
1018.000000	79.521097	-89.326624	0.000773
1019.000000	-51.209514	62.194439	0.904441
1020.000000	-85.608638	-84.232313	0.002196
1021.000000	-31.338909	9.360048	0.038912
1022.000000	-34.838273	12.325878	0.012046
1023.000000	-86.910856	-72.317172	0.001973
1024.000000	-68.010531	-61.426243	0.004701
1025.000000	-66.350302	61.714245	0.002816
1026.000000	-52.221924	-23.082215	0.005475
1027.000000	-89.411097	-77.551206	0.000877
1028.000000	-63.033611	-14.123290	0.008534
1029.000000	-38.381818	0.957319	0.005242
1030.000000	-50.523076	-21.403423	0.003339
1031.000000	-39.775187	4.155636	0.035716
1032.000000	-70.752920	-59.793411	0.011949
1033.000000	-86.086918	-88.696665	0.049215
1034.000000	-77.492133	75.575679	0.604705
1035.000000	-61.917310	-21.019546	0.002682
1036.000000	-78.010531	84.376288	0.010168
1037.000000	-46.082260	-75.456690	0.446271
1038.000000	-84.938423	62.167820	0.008766
1039.000000	-81.243511	-79.641834	0.011967
1040.000000	-69.862554	-52.927855	0.004322
1041.000000	-51.218929	-5.526307	0.012564
1042.000000	-80.175320	-80.602803	0.004320
1043.000000	88.246222	66.326210	0.012813
1044.000000	-73.289880	66.905530	0.001882
1045.000000	-52.056259	32.179896	0.017119
1046.000000	-59.553211	-61.323232	0.010013
1047.000000	-62.625071	-33.267072	0.003904
1048.000000	-85.770611	70.164650	0.002623
1049.000000	85.439422	89.314112	0.003648
1050.000000	-45.825945	-14.093060	0.005364
1051.000000	65.434854	-82.279622	0.074502
1052.000000	89.513683	-77.105035	0.011360
1053.000000	-52.897801	17.880020	0.074983
1054.000000	-61.366504	-72.177411	0.001521
1055.000000	-68.504871	-40.215182	0.009615
1056.000000	-56.896141	-43.984727	0.004576
1057.000000	-59.640525	21.007325	0.005296
1058.000000	-56.929375	-26.823150	0.035139
1059.000000	-47.657514	-3.041956	0.003947
1060.000000	81.693957	-84.572646	0.002658
1061.000000	-64.238931	31.421037	0.007501
1062.000000	-88.619562	-73.366718	0.001781
1063.000000	-90.006703	-89.467153	0.001587
1064.000000	-85.536345	-75.620575	0.000919
1065.000000	-50.401675	73.480289	0.004702
1066.000000	76.214350	89.595044	0.003366
1067.000000	-66.785232	-76.185106	0.005052
1068.000000	-50.657114	-36.652184	0.022561
1069.000000	-62.952182	-56.132796	0.009366
1070.000000	-40.476772	-11.010511	0.006013
1071.000000	-32.894581	17.911309	0.019062
1072.000000	-82.663388	23.190488	0.002689
1073.000000	-56.262329	-15.569337	0.007202
1074.000000	-41.713908	-16.449848	0.004848
1075.000000	-73.998831	90.573757	0.040824
1076.000000	-85.620803	-80.890036	0.012037
1077.000000	-47.496358	65.391155	0.000816
1078.000000	-40.858406	23.007924	0.004618
1079.000000	73.202632	-84.788141	0.006569
1080.000000	-49.383666	8.170163	0.004665
1081.000000	-48.290643	-3.862515	0.002673
1082.000000	-53.398740	10.476545	0.007446
1083.000000	-23.896303	31.009155	0.001942
1084.000000	-70.727510	84.784062	0.061944
1085.000000	-59.728126	-52.528236	0.009542
1086.000000	77.372956	86.712677	0.142582
1087.000000	-40.797974	-30.509110	0.051245
1088.000000	78.234054	88.573757	0.007467
1089.000000	78.212349	-88.817239	0.273718
1090.000000	88.018176	-80.060895	0.009201
1091.000000	86.523432	65.745378	0.003245
1092.000000	-57.793144	-17.484792	0.027295
1093.000000	-57.616119	31.909263	0.080026
1094.000000	-88.552744	-62.424495	0.000217
1095.000000	-84.856071	82.797811	0.001655
1096.000000	-70.537946	-73.042666	0.005866
1097.000000	-63.033611	41.128217	0.002521
1098.000000	-70.642050	85.936235	0.006196
1099.000000	77.222979	84.199354	0.004605
1100.000000	-87.198041	-76.590053	0.003098
1101.000000	-40.041031	-15.169069	0.004956
1102.000000	-51.770416	39.740541	0.003174
1103.000000	-83.937559	-64.851810	0.012953
1104.000000	-49.851999	-31.928542	0.015607
1105.000000	-41.842832	25.650030	0.001437
1106.000000	-48.123629	27.956080	0.002474
1107.000000	-67.006532	-77.493772	0.015863
1108.000000	71.859612	-89.374284	0.016041
1109.000000	-69.511909	71.234844	0.009321
1110.000000	-84.822294	-8.234000	0.048549
1111.000000	-73.251514	-71.077424	0.021030
1112.000000	-48.747214	1.242682	0.002540
1113.000000	-65.016603	51.762178	0.025788
1114.000000	-77.557841	66.012256	0.043369
1115.000000	-54.503870	63.035356	0.002079
1116.000000	-56.085755	-25.731029	0.127741
1117.000000	-70.671308	70.978593	0.002527
1118.000000	-61.785839	-59.847554	0.083548
1119.000000	-66.504842	-67.065705	0.004846
1120.000000	-42.366851	3.312754	0.005189
1121.000000	-72.998466	51.091261	0.005777
1122.000000	-71.141937	-65.427445	0.675798
1123.000000	-50.740330	57.275610	0.291011
1124.000000	-67.279066	-28.611748	0.031303
1125.000000	-43.355571	-35.414803	0.631933
