Thin Section: 	C:\Ice Data\2017-03-09-Thu\09.51 1279   VTS SPICE

Results: 	C:\Ice Results\2017-03-09-Thu\09.51 1279   VTS SPICE\2017-03-13-Mon, 12.02

Sequence Angles: 
xi	phi inner
0	0
45	0
45	-45
45	-90
45	-135
45	-180
45	-225
45	-270
45	-315

Threshold: 
45.000

Grain #		theta		phi	Rsquared

0.000000	68.942671	57.578408	0.002256
1.000000	78.601188	-78.039291	0.001935
2.000000	82.249054	-86.629867	0.012983
3.000000	64.129718	-57.226522	0.003219
4.000000	64.105385	-13.104861	0.003683
5.000000	76.958503	41.020686	0.001041
6.000000	74.271841	-24.175281	0.008046
7.000000	73.521097	29.133136	0.001489
8.000000	71.509125	27.867151	0.003431
9.000000	58.951161	29.874879	0.003302
10.000000	72.708413	-54.206684	0.009512
11.000000	-89.568406	-86.239515	0.005523
12.000000	59.274497	-40.584805	0.004937
13.000000	60.833381	-44.643750	0.019150
14.000000	69.782774	-40.533485	0.008088
15.000000	-84.256868	62.905734	0.010285
16.000000	47.996519	21.337933	0.002954
17.000000	77.546009	62.305072	0.000979
18.000000	82.551763	71.623185	0.001213
19.000000	82.234039	52.668732	0.001081
20.000000	44.132888	-44.536070	0.002570
21.000000	68.796386	60.417280	0.001552
22.000000	79.915986	-36.589426	0.005193
23.000000	86.596544	71.726244	0.000430
24.000000	61.041974	13.362637	0.000866
25.000000	68.640842	-39.891532	0.002218
26.000000	-62.971968	-86.705920	0.224268
27.000000	-90.232280	-29.394162	0.001868
28.000000	55.140696	-55.039352	0.004074
29.000000	43.468076	14.997938	0.004796
30.000000	71.184828	1.298677	0.012954
31.000000	74.870545	31.919348	0.003096
32.000000	65.715748	-17.226489	0.010357
33.000000	87.762809	72.512936	0.046404
34.000000	-68.237191	81.112999	0.012951
35.000000	85.418026	39.493227	0.001155
36.000000	53.433166	51.986521	0.000785
37.000000	76.212382	-60.738252	0.004078
38.000000	71.082402	-12.501334	0.017090
39.000000	79.755342	-38.847333	0.005871
40.000000	72.038054	-36.522661	0.079813
41.000000	53.154962	24.519177	0.009426
42.000000	81.971287	62.194439	0.001299
43.000000	-81.067020	67.376120	0.002063
44.000000	76.129718	57.557808	0.003344
45.000000	76.209439	-10.646680	0.021238
46.000000	81.654395	-90.693828	0.032131
47.000000	71.832180	-47.583532	0.005007
48.000000	67.859559	37.625151	0.011739
49.000000	49.066135	24.879945	0.709019
50.000000	71.519356	-30.888374	0.002934
51.000000	56.132888	1.319660	0.011430
52.000000	63.077839	-56.379212	0.001124
53.000000	61.113288	3.592459	0.008388
54.000000	-84.036387	-62.252191	0.000658
55.000000	-83.693914	83.160574	0.013444
56.000000	-87.857871	54.870578	0.001708
57.000000	55.911342	-32.391449	0.003002
58.000000	49.219638	-39.219486	0.006567
59.000000	87.738530	-80.540846	0.000673
60.000000	71.283586	-74.229670	0.009388
61.000000	86.997220	81.837095	0.001683
62.000000	71.123809	82.466634	0.031368
63.000000	62.572534	39.390331	0.556956
64.000000	70.394251	-16.860963	0.004551
65.000000	-77.531787	85.318336	0.006109
66.000000	62.579603	55.059002	0.003074
67.000000	46.332044	-0.661932	0.009444
68.000000	-90.123629	-87.237033	0.002230
69.000000	61.600910	-39.664881	0.006644
70.000000	59.928681	14.217220	0.010808
71.000000	85.452817	70.791175	0.002234
72.000000	74.668765	-61.346463	0.001821
73.000000	-82.024063	87.175221	0.004664
74.000000	73.281944	85.511044	0.008118
75.000000	74.848575	-49.741154	0.002900
76.000000	46.855786	15.760544	0.005215
77.000000	-78.071319	-65.889932	0.001135
78.000000	-72.242452	-58.194845	0.423316
79.000000	61.787371	23.315518	0.004465
80.000000	62.300069	-15.157204	0.000708
81.000000	85.165116	73.909283	0.001057
82.000000	83.968296	54.354879	0.002360
83.000000	62.105438	-46.477177	0.006466
84.000000	80.633269	-20.923324	0.002851
85.000000	-86.535650	-64.563203	0.001378
86.000000	65.350536	-68.091514	0.003573
87.000000	79.373715	1.172448	0.001034
88.000000	70.120738	72.722450	0.003296
89.000000	86.025676	42.810594	0.005585
90.000000	66.836251	-39.931254	0.004348
91.000000	63.377600	-9.502630	0.000369
92.000000	58.690242	-22.284219	0.200472
93.000000	87.998265	8.995541	0.001126
94.000000	63.326986	37.774382	0.009271
95.000000	79.480195	29.300285	0.002933
96.000000	63.190455	-8.528290	0.010012
97.000000	83.175153	41.116535	0.004978
98.000000	-71.351113	-82.620462	0.003395
99.000000	87.492292	54.386925	0.002456
100.000000	58.125107	0.922435	0.010620
101.000000	60.535790	44.177099	0.008393
102.000000	62.693185	50.737537	0.007777
103.000000	-79.952716	-88.601389	0.010629
104.000000	-66.944662	-75.401847	0.009590
105.000000	55.489388	2.848135	0.010028
106.000000	80.364105	-71.381805	0.001770
107.000000	89.445164	56.695702	0.002364
108.000000	66.028600	-44.024063	0.004126
109.000000	69.923998	27.034489	0.001299
110.000000	-76.879447	78.988008	0.003454
111.000000	70.631529	57.086220	0.010690
112.000000	-83.850318	-84.501285	0.003275
113.000000	81.975937	54.097918	0.001674
114.000000	75.457327	38.060401	0.003933
115.000000	68.334953	63.469738	0.003076
116.000000	-69.193391	-79.158978	0.008151
117.000000	65.262066	-22.728180	0.005242
118.000000	73.577524	-66.187490	0.003155
119.000000	46.105385	0.682656	0.004852
120.000000	67.014844	23.004505	0.004027
121.000000	70.085714	-2.288902	0.004004
122.000000	78.266028	71.903770	0.000373
123.000000	80.033230	67.076795	0.001891
124.000000	69.596227	30.513748	0.001871
125.000000	87.504409	83.642510	0.002266
126.000000	75.115428	-37.082248	0.004138
127.000000	78.475772	83.533653	0.001704
128.000000	77.975937	50.436098	0.029495
129.000000	63.689273	32.107111	0.066008
130.000000	62.426878	-5.471797	0.010047
131.000000	-39.530371	86.887672	0.004557
132.000000	79.645116	-47.482381	0.004080
133.000000	81.669575	-56.661415	0.005032
134.000000	55.946819	-33.171148	0.002382
135.000000	72.588936	25.059002	0.001896
136.000000	66.105385	45.960796	0.003338
137.000000	53.300783	-8.980313	0.004103
138.000000	73.968296	17.148157	0.008949
139.000000	83.452764	-17.917271	0.004349
140.000000	58.312394	-68.884097	0.015272
141.000000	83.180927	22.643359	0.002031
142.000000	71.058242	72.439289	0.029743
143.000000	70.021047	31.900899	0.004797
144.000000	83.320368	70.981901	0.000401
145.000000	83.661895	-89.583565	0.002107
146.000000	-90.877864	53.394612	0.001059
147.000000	66.057791	35.859612	0.004090
148.000000	59.420930	84.757786	0.006050
149.000000	71.204677	35.037433	0.001087
150.000000	83.489409	53.965885	0.006174
151.000000	72.185198	51.084334	0.009501
152.000000	-86.794458	-75.355293	0.002153
153.000000	79.827497	61.792000	0.014780
154.000000	48.596577	35.282380	0.004096
155.000000	82.920763	46.983397	0.000757
156.000000	58.339651	23.096479	0.008794
157.000000	46.584253	22.389742	0.002008
158.000000	75.102053	25.452005	0.015632
159.000000	59.341209	-31.469738	0.029620
160.000000	-38.962809	87.367607	0.000560
161.000000	88.528197	-81.154334	0.004132
162.000000	81.810736	-40.232468	0.001977
163.000000	52.685652	41.470052	0.002036
164.000000	50.414728	-23.356134	0.002575
165.000000	83.794871	78.223543	0.003888
166.000000	69.864241	-68.525985	0.007001
167.000000	74.882544	40.638112	0.003285
168.000000	61.313653	-10.788088	0.002347
169.000000	64.283183	-64.223087	0.006795
170.000000	67.155591	-58.365255	0.007276
171.000000	67.091623	-36.457213	0.003665
172.000000	-87.006213	81.971293	0.002158
173.000000	49.010795	5.406762	0.007626
174.000000	53.141594	21.109121	0.005378
175.000000	79.399736	-86.001276	0.066106
176.000000	86.201939	-57.024317	0.001179
177.000000	88.273595	-34.942975	0.020897
178.000000	73.844310	-3.486997	0.001197
179.000000	77.491215	-48.812682	0.015905
180.000000	72.236910	76.048517	0.004448
181.000000	79.736789	25.281823	0.224677
182.000000	62.734999	19.409381	0.002210
183.000000	83.867145	69.466230	0.001219
184.000000	87.743132	89.197670	0.001110
185.000000	72.456069	-57.835350	0.019812
186.000000	65.254533	18.219178	0.014575
187.000000	72.955665	38.415962	0.003111
188.000000	75.272751	-25.548899	0.005433
189.000000	55.936202	54.151355	0.006228
190.000000	78.622845	-68.478797	0.003588
191.000000	76.608780	-76.414883	0.025868
192.000000	63.571100	5.084375	0.006608
193.000000	88.707217	-66.548399	0.023446
194.000000	-82.924999	88.525666	0.016729
195.000000	74.451385	-41.311390	0.004507
196.000000	-84.876191	-85.842551	0.004298
197.000000	-78.937129	51.580575	0.016012
198.000000	65.533280	-36.071319	0.005079
199.000000	74.968096	-38.454309	0.023309
200.000000	56.188069	1.550639	0.000364
201.000000	39.612920	-12.969468	0.003204
202.000000	74.860759	3.716744	0.003695
203.000000	57.210118	19.969998	0.004128
204.000000	69.084209	48.732041	0.006938
205.000000	-61.524195	-89.104488	0.010464
206.000000	80.344373	-45.943359	0.057658
207.000000	84.057791	-62.530541	0.016391
208.000000	64.596577	-7.664819	0.047904
209.000000	-87.924864	-81.364971	0.005412
210.000000	82.103731	50.800949	0.002928
211.000000	61.222442	9.254919	0.011587
212.000000	76.095014	-87.665086	0.005235
213.000000	59.928681	-63.194056	0.016423
214.000000	76.546181	75.309409	0.008770
215.000000	70.966356	-9.972065	0.003514
216.000000	74.628658	-57.395749	0.006953
217.000000	55.807074	-1.805561	0.003441
218.000000	59.126766	-56.105491	0.009488
219.000000	-75.299174	-78.974510	0.003246
220.000000	69.896249	35.686457	0.001364
221.000000	-89.009083	76.330531	0.001788
222.000000	-86.704100	-81.217653	0.002652
223.000000	78.005852	-55.414007	0.007964
224.000000	66.538627	62.057971	0.010979
225.000000	56.636338	-15.763084	0.005543
226.000000	51.888531	15.889953	0.004144
227.000000	65.642159	-74.923204	0.020888
228.000000	66.623975	39.370279	0.002559
229.000000	-88.458953	89.974999	0.001550
230.000000	70.868804	19.440861	0.000843
231.000000	-86.244691	-71.284912	0.000789
232.000000	86.312394	-56.437563	0.002309
233.000000	78.471122	-61.213475	0.300437
234.000000	49.975976	15.778183	0.011708
235.000000	70.214089	72.025730	0.004184
236.000000	81.174590	41.740627	0.000603
237.000000	-87.263751	-39.069870	0.002582
238.000000	77.108466	-81.799742	0.080581
239.000000	67.835084	47.921128	0.003982
240.000000	65.344166	-49.808596	0.002546
241.000000	-88.493731	-85.887029	0.001572
242.000000	77.886795	-33.334265	0.002052
243.000000	66.364105	21.642179	0.095867
244.000000	65.968296	-38.088677	0.002535
245.000000	82.637932	-67.267905	0.002614
246.000000	73.207229	-50.028713	0.033178
247.000000	57.854962	13.772284	0.102619
248.000000	55.091961	13.543390	0.028769
249.000000	67.807054	39.382111	0.006014
250.000000	51.236345	9.457787	0.000340
251.000000	83.939105	-75.942209	0.003340
252.000000	66.498554	56.312433	0.002356
253.000000	84.189756	49.072112	0.001494
254.000000	45.278956	-40.433827	0.002836
255.000000	72.157129	-59.297433	0.002530
256.000000	69.652601	35.995854	0.001806
257.000000	67.416354	52.207082	0.005968
258.000000	63.975937	8.870545	0.005703
259.000000	83.531539	50.159545	0.001317
260.000000	57.400294	-15.039157	0.006424
261.000000	78.201992	51.574621	0.001734
262.000000	-78.569776	-82.410293	0.003003
263.000000	58.359529	-61.314420	0.008872
264.000000	79.891605	-50.537850	0.003254
265.000000	80.676285	-63.398740	0.001640
266.000000	65.642212	-25.802744	0.001547
267.000000	78.902659	-84.815325	0.003617
268.000000	85.684644	-71.677182	0.002238
269.000000	67.953209	-48.414976	0.005936
270.000000	71.546820	4.082729	0.001445
271.000000	64.960576	50.739736	0.032995
272.000000	52.261296	-9.548594	0.003976
273.000000	67.968296	74.790486	0.013224
274.000000	55.217638	34.776421	0.005520
275.000000	85.693962	-74.210532	0.017372
276.000000	69.677090	-3.502630	0.002616
277.000000	63.541047	13.666984	0.002429
278.000000	68.117621	-29.189406	0.007505
279.000000	72.315303	31.787409	0.003453
280.000000	-86.710503	68.930109	0.005417
281.000000	88.095014	77.518366	0.001502
282.000000	-87.346463	77.404931	0.000499
283.000000	71.667655	-82.950298	0.002597
284.000000	66.085560	-15.687606	0.004479
285.000000	71.645116	51.617684	0.018458
286.000000	67.506216	-68.666590	0.007621
287.000000	69.779870	-66.208000	0.003879
288.000000	84.523432	-63.718705	0.020839
289.000000	75.428537	-66.238704	0.006970
290.000000	71.356143	58.162817	0.002353
291.000000	57.371230	-30.649352	0.005274
292.000000	87.254527	25.328726	0.000229
293.000000	81.262066	-53.529548	0.005545
294.000000	79.886795	-79.921993	0.002728
295.000000	75.217638	-63.432131	0.003023
296.000000	80.498500	-45.548449	0.032697
297.000000	-87.378895	-89.553738	0.002313
298.000000	-81.238813	-70.879047	0.001053
299.000000	60.206569	-14.464994	0.001947
300.000000	71.079651	-52.587589	0.003820
301.000000	77.325889	-43.514780	0.001413
302.000000	61.617651	17.595097	0.006562
303.000000	77.348795	79.760593	0.017111
304.000000	81.279141	-22.342788	0.001730
305.000000	61.067150	59.837095	0.011562
306.000000	51.324460	7.640492	0.004078
307.000000	68.813306	16.250369	0.007537
308.000000	85.797780	-57.104556	0.000568
309.000000	72.765460	-38.787619	0.013662
310.000000	86.702567	61.111347	0.020714
311.000000	-82.232280	-51.132784	0.060329
312.000000	75.489403	-30.510597	0.002392
313.000000	63.362600	52.922484	0.018121
314.000000	70.493870	11.793357	0.003114
315.000000	83.533265	83.602949	0.001943
316.000000	71.249883	87.471483	0.003013
317.000000	53.102139	44.373220	0.003315
318.000000	-90.655888	-75.531728	0.001153
319.000000	80.164683	-40.953415	0.002581
320.000000	60.808853	-9.403984	0.004874
321.000000	74.878137	-29.782968	0.011950
322.000000	90.339597	81.565428	0.001630
323.000000	57.205920	57.044867	0.184821
324.000000	75.693957	57.325889	0.005138
325.000000	68.448476	-66.155669	0.007827
326.000000	63.883892	-70.335234	0.008437
327.000000	-84.391590	-48.468320	0.021448
328.000000	70.110068	10.630399	0.001613
329.000000	76.860812	47.365403	0.008325
330.000000	79.304498	84.723167	0.002149
331.000000	68.555493	-57.633963	0.008884
332.000000	61.153830	20.488901	0.003737
333.000000	64.083820	-36.374723	0.001112
334.000000	80.310653	68.840934	0.002888
335.000000	-86.256868	-69.263751	0.000871
336.000000	84.238683	45.147985	0.004089
337.000000	82.140421	46.152625	0.007021
338.000000	-77.117179	-89.724032	0.003302
339.000000	46.446789	18.604097	0.003189
340.000000	76.853259	-74.488956	0.002834
341.000000	-77.548528	-71.832446	0.002072
342.000000	57.516485	46.987886	0.012917
343.000000	78.431469	66.075136	0.001954
344.000000	-90.973098	72.211446	0.001082
345.000000	68.898015	38.712710	0.003046
346.000000	67.210171	-55.294491	0.008097
347.000000	72.958835	-88.979003	0.004617
348.000000	73.017768	-69.059346	0.006494
349.000000	79.467718	-60.094318	0.003441
350.000000	82.845705	-60.747831	0.002860
351.000000	66.702567	-15.677182	0.004800
352.000000	78.790491	79.713894	0.026623
353.000000	67.968296	-86.953415	0.473203
354.000000	74.781104	-80.439076	0.005866
355.000000	72.483408	66.787582	0.002143
356.000000	87.397183	-88.145951	0.002215
357.000000	55.115956	-45.281975	0.002118
358.000000	66.734999	-35.036553	0.003102
359.000000	73.313653	-41.077516	0.003456
360.000000	53.891605	57.314091	0.005024
361.000000	69.089882	-27.785818	0.007122
362.000000	73.669570	88.658148	0.007389
363.000000	69.061577	41.664302	0.256763
364.000000	59.923998	26.100788	0.000970
365.000000	78.442159	86.042627	0.003023
366.000000	75.943735	70.693233	0.002626
367.000000	53.195359	-27.261076	0.004676
368.000000	71.115903	-25.189406	0.004728
369.000000	77.590282	-52.242505	0.004689
370.000000	86.608780	-39.672373	0.001656
371.000000	-41.447236	-83.609914	0.006317
372.000000	55.212988	18.778938	0.005530
373.000000	77.167620	-72.132903	0.001238
374.000000	77.807054	83.195079	0.018248
375.000000	86.129979	51.294195	0.001379
376.000000	55.647127	31.451625	0.008067
377.000000	-79.832408	76.705509	0.001772
378.000000	75.563654	-77.036515	0.002494
379.000000	75.433047	-70.483213	0.002254
380.000000	-89.914440	81.735606	0.001976
381.000000	88.001169	-48.377719	0.043270
382.000000	62.596577	-44.360823	0.008224
383.000000	65.467718	61.974682	0.030173
384.000000	72.975810	14.035522	0.002620
385.000000	-84.892126	80.873137	0.015717
386.000000	-83.186497	-69.546556	0.000739
387.000000	77.571100	64.047520	0.002118
388.000000	70.868804	70.639203	0.002631
389.000000	72.302979	25.983530	0.002546
390.000000	81.104956	77.946007	0.003251
391.000000	80.778167	87.412591	0.001594
392.000000	85.553143	73.642198	0.012105
393.000000	78.436119	-63.989498	0.005137
394.000000	67.614748	-57.132784	0.010109
395.000000	-77.254451	70.962209	0.024628
396.000000	55.022258	-3.633285	0.145604
397.000000	56.161812	0.339651	0.001526
398.000000	61.835084	13.355046	0.005740
399.000000	47.989417	7.589849	0.002764
400.000000	73.002747	-43.823095	0.004619
401.000000	55.876371	22.028600	0.002865
402.000000	-86.427120	-78.487970	0.006751
403.000000	84.305882	-83.244752	0.016055
404.000000	60.850388	-39.867145	0.004578
405.000000	74.764096	-47.827796	0.003300
406.000000	72.676285	-71.863863	0.003123
407.000000	71.047857	-31.259047	0.003091
408.000000	62.431508	3.608551	0.027394
409.000000	61.402957	-38.672153	0.008293
410.000000	80.335040	-54.295493	0.005322
411.000000	87.474068	-44.205129	0.002697
412.000000	69.637582	-37.024350	0.006720
413.000000	-88.599860	88.880514	0.003318
414.000000	68.705476	-14.392434	0.001986
415.000000	65.787424	40.988008	0.003799
416.000000	77.173427	-29.731029	0.001243
417.000000	74.206569	85.019542	0.002648
418.000000	87.655472	-87.274329	0.001446
419.000000	80.793428	70.730004	0.001492
420.000000	52.379197	-4.765247	0.002691
421.000000	81.082402	-49.314382	0.001161
422.000000	59.480195	0.558970	0.007514
423.000000	84.700826	59.198075	0.001090
424.000000	85.614748	10.209439	0.007775
425.000000	76.315264	-39.321974	0.005931
426.000000	-88.116075	82.999838	0.004570
427.000000	81.173481	72.181729	0.079485
428.000000	82.688468	80.988047	0.001707
429.000000	84.033230	-79.850371	0.001670
430.000000	-87.186415	67.759992	0.002410
431.000000	69.481936	26.750676	0.001273
432.000000	90.576666	80.185319	0.000983
433.000000	63.486618	-77.733939	0.006009
434.000000	78.018176	68.685580	0.002250
435.000000	61.348795	-42.559159	0.008616
436.000000	81.058221	-61.229856	0.001337
437.000000	81.733885	29.632073	0.001654
438.000000	-89.499726	72.404318	0.002262
439.000000	80.856627	-39.472289	0.001200
440.000000	80.226447	14.730316	0.001370
441.000000	64.451433	-39.321941	0.004240
442.000000	80.584219	-80.869701	0.002496
443.000000	-78.284252	-86.713391	0.002212
444.000000	53.580400	-23.518786	0.817704
445.000000	-78.415561	59.227166	0.061132
446.000000	80.045608	-81.874932	0.004049
447.000000	61.545691	25.868838	0.005440
448.000000	77.852091	-68.915791	0.031390
449.000000	82.446756	69.842711	0.002435
450.000000	69.615964	59.690104	0.018012
451.000000	79.493096	88.928336	0.002727
452.000000	67.672479	47.527341	0.007477
453.000000	72.386751	-52.221387	0.001818
454.000000	80.374568	-48.323012	0.005003
455.000000	65.344166	-6.527425	0.000917
456.000000	56.342507	43.425687	0.002940
457.000000	75.353320	60.562005	0.002736
458.000000	62.137446	11.462025	0.002472
459.000000	51.370176	-32.761393	0.006481
460.000000	67.115956	35.214729	0.002548
461.000000	81.730976	26.547901	0.000411
462.000000	82.608780	-82.034115	0.005173
463.000000	69.851831	40.968096	0.024905
464.000000	-88.695502	75.407834	0.013546
465.000000	86.987940	13.820315	0.001155
466.000000	-89.813022	58.115243	0.022138
467.000000	77.906673	80.662865	0.023581
468.000000	-83.383578	89.062925	0.008671
469.000000	56.808853	39.913409	0.004206
470.000000	-89.006233	-78.651071	0.002152
471.000000	76.344227	-84.598206	0.003407
472.000000	60.598318	-11.201928	0.004226
473.000000	66.287833	19.510899	0.007010
474.000000	56.211219	-1.551470	0.003412
475.000000	69.328726	31.195046	0.002926
476.000000	77.669416	66.383808	0.014642
477.000000	83.478665	-71.590998	0.000717
478.000000	-84.680481	-88.844163	0.001292
479.000000	-76.897861	81.024403	0.002300
480.000000	68.860759	32.848555	0.003297
481.000000	88.523393	89.219379	0.003659
482.000000	63.655472	50.045647	0.002997
483.000000	74.419372	49.119227	0.001778
484.000000	87.891599	-73.969587	0.002003
485.000000	77.472695	62.857888	0.002052
486.000000	66.981404	41.817425	0.043603
487.000000	-89.613288	-78.632771	0.002076
488.000000	67.331636	-19.632899	0.019116
489.000000	53.084209	-0.123629	0.005556
490.000000	57.418041	-1.314420	0.008178
491.000000	-76.238931	63.400193	0.007551
492.000000	85.637529	62.503636	0.002668
493.000000	80.095014	80.356658	0.001654
494.000000	71.605468	37.486499	0.001077
495.000000	77.413444	-8.232247	0.004976
496.000000	71.134114	-48.212591	0.007356
497.000000	69.528636	-56.011787	0.002476
498.000000	71.026908	-45.857886	0.003631
499.000000	-89.882379	82.117621	0.002098
500.000000	61.190488	13.126559	0.004156
501.000000	68.563168	18.717713	0.018052
502.000000	66.710120	30.931817	0.006878
503.000000	63.891445	-15.442766	0.003100
504.000000	-85.914440	78.588984	0.000563
505.000000	87.782774	79.128453	0.001541
506.000000	64.641295	29.254614	0.005117
507.000000	70.048478	44.988008	0.018901
508.000000	83.407607	71.210312	0.007990
509.000000	86.376288	30.790486	0.001751
510.000000	73.015796	14.449854	0.001885
511.000000	64.471083	-61.559024	0.002368
512.000000	70.628658	49.417215	0.008030
513.000000	46.901377	28.054689	0.018449
514.000000	74.520490	-17.031870	0.012010
515.000000	-77.811931	79.182793	0.004083
516.000000	58.658148	-1.378934	0.008316
517.000000	57.044845	13.662301	0.009207
518.000000	68.439289	58.955844	0.004407
519.000000	75.019488	-2.457440	0.003976
520.000000	73.617651	34.678059	0.000669
521.000000	63.820030	-24.864059	0.007554
522.000000	82.570508	-52.955719	0.001136
523.000000	71.412585	-71.558739	0.112253
524.000000	77.681773	43.167614	0.002238
525.000000	62.550877	-51.984235	0.006052
526.000000	45.220108	-8.056065	0.023440
527.000000	-85.109544	64.057791	0.001992
528.000000	64.933067	12.419060	0.016668
529.000000	-87.726405	42.968130	0.002111
530.000000	-47.331235	-89.057687	0.007853
531.000000	74.404318	35.553244	0.001667
532.000000	83.876425	-4.733236	0.005542
533.000000	62.680930	-26.629781	0.018680
534.000000	76.057791	-54.306043	0.056838
535.000000	-84.767038	-89.540578	0.002439
536.000000	82.653537	62.608901	0.002259
537.000000	-73.524287	79.836810	0.041127
538.000000	-87.048839	84.833502	0.013688
539.000000	89.948559	70.114664	0.017949
540.000000	59.301681	-51.947153	0.069675
541.000000	72.172961	-74.241660	0.024328
542.000000	73.755295	38.508658	0.000568
543.000000	74.663961	-81.803967	0.004035
544.000000	-72.088677	89.525780	0.020641
545.000000	-84.151040	-72.353158	0.000979
546.000000	-86.315356	74.960543	0.001325
547.000000	60.093234	-45.499693	0.004905
548.000000	-87.452007	-79.736491	0.002743
549.000000	73.989151	67.143408	0.006717
550.000000	74.563201	-70.011820	0.008995
551.000000	88.249054	71.537963	0.001955
552.000000	73.692216	63.540729	0.003648
553.000000	-89.061076	85.617918	0.002478
554.000000	72.416415	-10.879080	0.002176
555.000000	58.993787	-12.262243	0.006582
556.000000	62.367062	17.016704	0.012205
557.000000	73.114216	42.994876	0.002408
558.000000	68.628658	61.153991	0.011277
559.000000	85.415224	-84.666624	0.002909
560.000000	75.600871	84.845666	0.001211
561.000000	-87.655720	-67.226522	0.039511
562.000000	79.178024	60.828027	0.004746
563.000000	79.689273	74.061153	0.003499
564.000000	89.042028	87.867151	0.002377
565.000000	58.676318	-52.659830	0.006612
566.000000	-81.341819	-65.212418	0.002487
567.000000	68.511229	10.241734	0.003323
568.000000	68.434378	56.123555	0.011742
569.000000	69.797780	59.097921	0.006399
570.000000	75.620593	-41.926604	0.005032
571.000000	63.794871	-24.540813	0.004744
572.000000	87.467645	45.197901	0.004766
573.000000	72.941828	59.943423	0.009747
574.000000	77.217238	67.637762	0.001719
575.000000	74.963485	66.164949	0.002777
576.000000	63.568230	-4.295460	0.004087
577.000000	69.122136	-19.632932	0.003119
578.000000	52.160038	-5.645169	0.002940
579.000000	52.189756	24.602968	0.001592
580.000000	80.493870	77.637655	0.007620
581.000000	78.201939	-59.566752	0.000760
582.000000	74.528043	-4.980491	0.001838
583.000000	52.028600	26.278245	0.018066
584.000000	-83.420431	81.822536	0.030514
585.000000	75.097489	84.060841	0.042214
586.000000	67.007325	-69.741525	0.002681
587.000000	62.636212	-50.464501	0.006393
588.000000	89.111259	-10.957758	0.001544
589.000000	-85.349372	78.722641	0.179145
590.000000	-86.780621	79.073838	0.024098
591.000000	56.596577	10.455542	0.011085
592.000000	86.985104	88.404318	0.001498
593.000000	73.103880	23.115923	0.001272
594.000000	74.963485	79.516646	0.003727
595.000000	85.199676	84.765925	0.004853
596.000000	37.515694	8.858392	0.005415
597.000000	62.661091	-47.812763	0.026040
598.000000	57.297031	41.075196	0.009891
599.000000	59.519430	41.729720	0.008808
600.000000	54.745583	8.349216	0.007787
601.000000	88.515879	-88.354767	0.002355
602.000000	77.047818	-43.847408	0.001736
603.000000	89.356143	81.288599	0.001661
604.000000	83.868823	-87.891532	0.030218
605.000000	83.680033	-71.303837	0.001572
606.000000	64.453126	-54.973098	0.005164
607.000000	55.303373	-15.396222	0.070823
608.000000	68.908439	-51.649819	0.003201
609.000000	63.408833	0.185198	0.005184
610.000000	77.038544	-36.950606	0.004264
611.000000	72.788712	45.608585	0.004329
612.000000	79.318422	78.670472	0.006838
613.000000	43.026902	0.815277	0.002102
614.000000	62.460713	15.345853	0.004667
615.000000	82.391483	-27.877836	0.002622
616.000000	55.484776	17.167213	0.002465
617.000000	-84.905295	83.963793	0.004673
618.000000	84.422422	72.214409	0.010415
619.000000	68.716251	56.670424	0.006643
620.000000	86.206622	-71.039424	0.002864
621.000000	72.475733	27.044648	0.001335
622.000000	64.453126	2.505383	0.005795
623.000000	87.956113	-9.504389	0.006475
624.000000	76.540401	67.437691	0.008963
625.000000	70.078040	53.715748	0.007790
626.000000	-88.500221	87.749404	0.002460
627.000000	87.097489	-66.140423	0.013936
628.000000	81.161244	81.149975	0.000982
629.000000	76.813536	-71.376378	0.002920
630.000000	-90.806642	84.015611	0.019682
631.000000	78.878137	-74.377153	0.007548
632.000000	81.568197	-58.920154	0.192199
633.000000	82.273561	-81.961946	0.002921
634.000000	80.693185	-77.933825	0.017379
635.000000	74.325727	-67.762607	0.003182
636.000000	76.266028	24.413511	0.001190
637.000000	61.106697	21.043715	0.003049
638.000000	45.744774	55.449142	0.002283
639.000000	76.439322	-41.259859	0.002861
640.000000	76.456030	73.712878	0.004374
641.000000	-89.842871	-60.478830	0.001402
642.000000	-88.232280	-86.525931	0.003008
643.000000	75.173427	-64.238200	0.006745
644.000000	74.868804	24.627310	0.012916
645.000000	81.079579	-43.563654	0.001880
646.000000	67.344166	-31.832287	0.004482
647.000000	61.375859	43.740436	0.007550
648.000000	59.822901	-29.966750	0.008945
649.000000	85.400140	-86.953289	0.002905
650.000000	74.696143	72.749405	0.003820
651.000000	82.050258	-83.954392	0.002786
652.000000	72.768834	-81.218305	0.006051
653.000000	60.768834	-84.789688	0.010421
654.000000	56.325632	25.043657	0.003986
655.000000	77.714041	-75.747916	0.001132
656.000000	61.883925	15.011955	0.003912
657.000000	76.117655	38.110068	0.023258
658.000000	-83.961946	-60.382296	0.001684
659.000000	85.316734	-59.807127	0.016975
660.000000	-81.061076	85.906712	0.004251
661.000000	74.938924	72.740459	0.004332
662.000000	-79.351146	82.127393	0.001376
663.000000	56.601188	-19.981857	0.009542
664.000000	-90.566834	72.805719	0.004167
665.000000	57.197670	6.661211	0.002641
666.000000	79.474068	63.881055	0.005073
667.000000	70.601188	-49.675370	0.001038
668.000000	82.925426	-60.898465	0.067486
669.000000	80.693233	-84.321097	0.002197
670.000000	-78.843332	-88.707405	0.004795
671.000000	85.971287	-76.172449	0.002510
672.000000	78.226447	-16.686175	0.004040
673.000000	66.117621	-17.321974	0.001101
674.000000	55.871742	38.702567	0.004182
675.000000	55.452764	28.391575	0.005733
676.000000	57.199681	-13.553191	0.007460
677.000000	69.467718	-10.359615	0.005256
678.000000	-86.690992	-70.188083	0.001744
679.000000	75.404736	-57.028840	0.003255
680.000000	72.905569	-41.106668	0.002808
681.000000	69.696866	-39.637408	0.007272
682.000000	70.755707	67.404877	0.009873
683.000000	69.212988	-47.966557	0.007947
684.000000	81.896249	-40.462090	0.020988
685.000000	70.468213	-21.788554	0.017588
686.000000	76.563134	-38.291434	0.003411
687.000000	77.764589	67.430278	0.005286
688.000000	79.590447	40.914876	0.003106
689.000000	89.563654	-86.885711	0.006457
690.000000	85.304518	70.583582	0.003939
691.000000	77.514780	-69.575765	0.001030
692.000000	68.347136	-61.486712	0.002649
693.000000	71.847181	34.755482	0.002602
694.000000	87.516520	-75.715071	0.001087
695.000000	67.723456	6.625749	0.000653
696.000000	69.513688	85.338585	0.008770
697.000000	-74.284219	-64.027054	0.005118
698.000000	69.958983	-7.289562	0.214184
699.000000	75.363796	-71.679735	0.023845
700.000000	-80.356625	82.920776	0.002823
701.000000	63.568283	-59.625291	0.156497
702.000000	58.616455	-40.311005	0.007863
703.000000	73.711098	-72.654060	0.003771
704.000000	71.525780	-34.871493	0.003187
705.000000	73.175201	55.888696	0.002789
706.000000	76.658148	57.232369	0.004079
707.000000	64.278245	-10.414922	0.005698
708.000000	84.318173	75.072151	0.002338
709.000000	75.043768	-66.879447	0.007269
710.000000	59.709357	-6.582939	0.004713
711.000000	76.862533	7.871742	0.074274
712.000000	77.883925	65.207229	0.002583
713.000000	-90.152819	88.097884	0.004083
714.000000	67.524039	-65.386536	0.002974
715.000000	67.628321	-59.262059	0.001522
716.000000	74.244410	65.703496	0.001772
717.000000	-88.172449	87.328726	0.003818
718.000000	-87.785650	88.830471	0.002966
719.000000	61.839734	-35.608638	0.020420
720.000000	68.761193	84.657849	0.006641
721.000000	74.295386	34.317044	0.007472
722.000000	76.644204	89.007430	0.003451
723.000000	74.873487	84.968169	0.026239
724.000000	62.169911	48.038054	0.006929
725.000000	78.821177	-46.161629	0.002558
726.000000	66.644204	12.096177	0.006751
727.000000	58.471122	-12.957763	0.003335
728.000000	60.837971	67.357884	0.006504
729.000000	-81.619062	85.084143	0.038367
730.000000	55.744721	11.381084	0.003815
731.000000	-85.016603	76.108501	0.003147
732.000000	69.411704	-52.876224	0.001902
733.000000	81.919348	47.836777	0.002045
734.000000	79.132402	-57.114680	0.000473
735.000000	81.778076	-77.211255	0.023327
736.000000	83.839686	-63.094431	0.001715
737.000000	-82.979415	-80.518957	0.002087
738.000000	73.718691	34.988047	0.001349
739.000000	64.613584	30.559772	1.049473
740.000000	87.567439	-36.209720	0.022228
741.000000	66.093234	-57.838221	0.002198
742.000000	-91.089859	-35.251865	0.002137
743.000000	58.493870	-44.620409	0.018514
744.000000	68.728575	-47.620874	0.003271
745.000000	56.244443	2.385403	0.006042
746.000000	55.248190	-9.931605	0.007046
747.000000	71.353306	78.737908	0.002495
748.000000	54.313235	-26.125876	0.001685
749.000000	75.269581	44.520523	0.001538
750.000000	78.558484	41.817658	0.000599
751.000000	68.530986	-3.459160	0.001706
752.000000	86.531107	-89.156075	0.001816
753.000000	-88.628770	77.167813	0.001049
754.000000	73.155571	51.698895	0.007913
755.000000	78.300069	51.881021	0.001609
756.000000	81.645116	59.990711	0.001593
757.000000	66.161779	57.764622	0.006459
758.000000	55.514780	2.925447	0.003212
759.000000	66.973909	3.468926	0.053005
760.000000	84.808853	-82.182662	0.001553
761.000000	63.026908	1.926590	0.001350
762.000000	75.915986	-47.536470	0.006979
763.000000	81.326986	52.561925	0.017336
764.000000	69.151013	34.882449	0.003171
765.000000	75.363763	74.160266	0.001099
766.000000	74.588903	61.959143	0.007788
767.000000	74.633269	-88.632771	0.002964
768.000000	73.257119	52.723574	0.357305
769.000000	72.601260	-3.404094	0.001608
770.000000	-84.751810	-71.723529	0.001316
771.000000	79.701804	81.313831	0.001648
772.000000	50.236996	-39.371661	0.002639
773.000000	74.070486	-67.217189	0.002334
774.000000	-89.126546	-76.667534	0.001828
775.000000	51.415267	-25.436632	0.001747
776.000000	62.439289	-5.081624	0.001508
777.000000	65.119212	-47.735606	0.004916
778.000000	73.948559	-14.464994	0.002976
779.000000	78.488091	-71.487031	0.004356
780.000000	56.728575	14.451068	0.009909
781.000000	85.395490	79.710467	0.002973
782.000000	71.654342	66.730349	0.003995
783.000000	73.956080	-45.162029	0.005052
784.000000	60.097884	-48.634464	0.012651
785.000000	-73.041165	73.548373	0.001302
786.000000	64.849705	-0.975118	0.007637
787.000000	74.256593	-44.702552	0.003735
788.000000	74.018176	42.125068	0.004588
789.000000	75.225172	-66.117192	0.003727
790.000000	68.960576	-6.725769	0.006734
791.000000	-88.974806	-67.158978	0.002234
792.000000	60.955546	-23.142091	0.002230
793.000000	80.189809	69.242430	0.001263
794.000000	68.837971	40.578440	0.002643
795.000000	70.189756	18.443933	0.003638
796.000000	59.109533	19.250023	0.006405
797.000000	72.963447	-70.325813	0.002093
798.000000	79.854962	-44.276719	0.007358
799.000000	56.013493	37.669416	0.003456
800.000000	68.177606	50.713341	0.002280
801.000000	65.919261	10.419372	0.003444
802.000000	62.117568	62.097918	0.003713
803.000000	64.710159	-15.448620	0.011349
804.000000	48.394446	6.538767	0.004187
805.000000	-85.411097	83.054791	0.071481
806.000000	63.113357	-22.134478	0.003503
807.000000	75.871742	-66.871547	0.007602
808.000000	-88.659158	-63.074574	0.001072
809.000000	50.386925	-11.953769	0.001724
810.000000	-87.946872	66.588984	0.001368
811.000000	59.728106	8.307623	0.006115
812.000000	84.236976	-87.218896	0.020443
813.000000	70.995194	-41.069903	0.013466
814.000000	61.034441	28.688489	0.004321
815.000000	64.963485	-6.315974	0.001386
816.000000	85.963633	72.968096	0.002219
817.000000	62.129979	23.752406	0.183793
818.000000	77.740309	-67.194090	0.002369
819.000000	73.931552	-55.514813	0.001639
820.000000	77.117486	55.309429	0.002139
821.000000	78.793395	68.696163	0.001435
822.000000	77.794625	-48.990597	0.004725
823.000000	70.925447	-32.950983	0.001508
824.000000	75.802463	-81.274383	0.041437
825.000000	-87.303857	-63.927449	0.030196
826.000000	61.971287	-18.829429	0.004944
827.000000	68.737908	-52.095387	0.003311
828.000000	69.204494	84.974468	0.001123
829.000000	77.026340	-53.182185	0.006313
830.000000	59.469862	-27.606817	0.003561
831.000000	65.506415	-21.362831	0.004145
832.000000	59.126733	-35.939126	0.008002
833.000000	66.988047	23.093807	0.001246
834.000000	52.986054	68.424235	0.005586
835.000000	89.333303	-84.622466	0.003452
836.000000	84.865583	57.093546	0.133102
837.000000	70.575459	-52.484359	0.059956
838.000000	62.491000	37.486785	0.003564
839.000000	-85.790561	89.372971	0.001975
840.000000	55.983524	5.593318	0.001266
841.000000	75.167668	67.011902	0.003640
842.000000	66.318173	-7.860456	0.004800
843.000000	72.273561	72.980421	0.004336
844.000000	62.114664	14.778195	0.010873
845.000000	-88.442207	-41.346801	0.001691
846.000000	72.142076	76.214089	0.042333
847.000000	-84.932265	81.595188	0.003211
848.000000	86.182289	58.555575	0.001041
849.000000	80.434606	-59.991909	0.010215
850.000000	78.249267	84.668008	0.023913
851.000000	70.232346	-22.926359	0.001129
852.000000	56.933067	-1.968810	0.002900
853.000000	63.202585	70.580021	0.006095
854.000000	61.924031	2.349105	0.002834
855.000000	65.726365	-44.172377	0.004622
856.000000	61.479069	6.003746	0.006866
857.000000	76.575492	49.291296	0.016314
858.000000	83.117972	-88.764838	0.004210
859.000000	76.214350	-87.391258	0.008403
860.000000	66.922484	-77.229392	0.006626
861.000000	72.334953	79.283606	0.002153
862.000000	71.785683	72.930109	0.005035
863.000000	70.394425	-66.554604	0.004229
864.000000	84.661091	-62.670491	0.015986
865.000000	75.494032	88.480570	0.005713
866.000000	70.518749	22.749263	0.001551
867.000000	31.376172	9.645799	0.010591
868.000000	70.552584	74.977550	0.002297
869.000000	56.790404	-9.533860	0.010846
870.000000	66.909189	29.031065	0.278302
871.000000	73.906673	-51.282009	0.001376
872.000000	62.142076	60.960576	0.005070
873.000000	74.330531	27.044141	0.002150
874.000000	67.316562	77.746122	0.007753
875.000000	88.830471	-61.575978	0.000707
876.000000	81.392601	-78.983415	0.002200
877.000000	87.404336	58.702626	0.001963
878.000000	67.812482	-63.273792	0.003232
879.000000	68.110014	-7.317311	0.007191
880.000000	53.504475	48.873137	0.028029
881.000000	67.896249	-10.815552	0.003084
882.000000	-83.134525	-36.493639	0.003159
883.000000	66.893270	25.079435	0.002981
884.000000	77.082402	-7.797569	0.003286
885.000000	71.137713	0.648536	0.002645
886.000000	60.898432	14.388279	0.000887
887.000000	76.105385	-81.758500	0.002753
888.000000	81.122136	-82.604060	0.001600
889.000000	73.544579	46.945271	0.002970
890.000000	77.197935	-60.209493	0.001371
891.000000	83.759992	-65.244914	0.000939
892.000000	-76.059115	81.002675	0.003217
893.000000	88.840934	-71.565394	0.002633
894.000000	80.117621	88.067583	0.001125
895.000000	-80.212591	63.433308	0.002780
896.000000	73.162985	89.498682	0.023168
897.000000	72.503217	-7.647674	0.017130
898.000000	84.388492	54.755380	0.011488
899.000000	43.198457	-0.055572	0.355332
900.000000	80.149682	11.817127	0.002126
901.000000	79.232663	59.681953	0.002084
902.000000	73.076888	-78.380284	0.005085
903.000000	58.090364	-6.760440	0.003907
904.000000	-77.336039	72.815736	0.001697
905.000000	58.439061	-0.086087	0.012445
906.000000	57.864194	34.204495	0.001371
907.000000	63.433113	-29.257409	0.049501
908.000000	46.993468	4.384621	0.001814
909.000000	81.767720	43.103859	0.001855
910.000000	77.466884	-25.284765	0.001059
911.000000	73.948559	56.742552	0.001262
912.000000	70.463569	86.933297	0.002838
913.000000	52.022826	29.755342	0.001252
914.000000	-89.986507	-48.264341	0.005729
915.000000	72.110014	-40.203350	0.005574
916.000000	77.368392	47.091975	0.002927
917.000000	-81.121863	-88.238704	0.001619
918.000000	-89.830667	-72.754699	0.002248
919.000000	63.669416	-72.362384	0.015037
920.000000	83.998265	-65.600365	0.001550
921.000000	72.575689	-31.144191	0.003089
922.000000	80.680968	-38.271523	0.008633
923.000000	-86.192173	73.911323	0.000318
924.000000	-83.573089	77.599562	0.015807
925.000000	79.948559	36.862499	0.000993
926.000000	74.108574	75.939604	0.000474
927.000000	70.157129	3.984767	0.000981
928.000000	64.157342	5.438011	0.001454
929.000000	77.280403	49.396206	0.002112
930.000000	88.197342	-69.687573	0.001511
931.000000	66.611651	-36.992410	0.005777
932.000000	69.084375	-84.891539	0.002217
933.000000	59.043407	-44.827319	0.001447
934.000000	-87.401682	-73.682923	0.002022
935.000000	-87.021407	-46.886543	0.003437
936.000000	79.963633	-46.167873	0.007214
937.000000	77.103037	45.400174	0.002794
938.000000	65.758198	-21.028840	0.005663
939.000000	71.508721	17.632938	0.000301
940.000000	51.183155	-4.721506	0.018903
941.000000	65.870054	41.436211	0.001436
942.000000	77.176956	49.719372	0.008099
943.000000	60.890462	60.204477	0.008655
944.000000	70.190035	-16.847175	0.000799
945.000000	57.182617	-44.710275	0.011543
