Thin Section: 	C:\Ice Data\2017-03-09-Thu\14.44 1441   VTS SPICE

Results: 	C:\Ice Results\2017-03-09-Thu\14.44 1441   VTS SPICE\2017-03-13-Mon, 12.02

Sequence Angles: 
xi	phi inner
0	0
45	0
45	-45
45	-90
45	-135
45	-180
45	-225
45	-270
45	-315

Threshold: 
45.000

Grain #		theta		phi	Rsquared

0.000000	-87.874839	85.603901	0.009514
1.000000	64.613464	60.060700	0.126608
2.000000	56.350007	-40.735680	0.002691
3.000000	74.042704	-59.882379	0.003486
4.000000	55.151173	-12.759375	0.002319
5.000000	34.033322	14.723255	0.107039
6.000000	52.033404	27.565394	0.000762
7.000000	75.158480	-68.217558	0.005541
8.000000	71.091699	67.564370	0.001857
9.000000	70.057791	62.790519	0.010400
10.000000	63.049770	-61.017560	0.001414
11.000000	72.102568	45.303421	0.005220
12.000000	58.204935	-67.459160	0.010489
13.000000	58.942122	-2.508866	0.010301
14.000000	53.466907	-13.919754	0.004135
15.000000	60.411911	2.327506	0.004868
16.000000	57.556047	-13.569163	0.000660
17.000000	64.249254	9.864475	0.007926
18.000000	44.728575	-40.437244	0.005374
19.000000	-73.651123	84.030380	0.002407
20.000000	84.604616	84.459167	0.000603
21.000000	48.790404	39.171477	0.002436
22.000000	-87.452079	79.784500	0.009177
23.000000	53.102411	-6.592924	0.018009
24.000000	43.648025	21.180311	0.000983
25.000000	-84.252244	-75.217189	0.000890
26.000000	56.229356	-38.954753	0.002629
27.000000	60.301071	-10.471965	0.006629
28.000000	63.911336	-26.232313	0.000515
29.000000	45.961905	64.887558	0.795363
30.000000	71.035707	-57.474048	0.005857
31.000000	79.264970	-76.274426	0.003171
32.000000	38.833381	19.223114	0.002203
33.000000	85.304432	78.448761	0.016442
34.000000	61.714007	-1.558652	0.003539
35.000000	46.435969	-23.740730	0.191019
36.000000	48.276504	-2.932304	0.004075
37.000000	51.861153	15.709210	0.002060
38.000000	72.422281	-63.588089	0.020896
39.000000	63.595362	70.436470	0.004666
40.000000	46.530986	-42.369740	0.027194
41.000000	53.075022	23.748302	0.014601
42.000000	60.057758	60.557322	0.004395
43.000000	65.799559	-55.017931	0.015197
44.000000	-76.673014	81.075101	0.003919
45.000000	39.028530	-42.097951	0.010590
46.000000	64.555493	-40.595069	0.015647
47.000000	85.580362	-64.666344	0.001231
48.000000	59.746068	-19.172279	0.050051
49.000000	48.698015	-15.138471	0.001089
50.000000	64.776421	-53.772196	0.008774
51.000000	54.053108	-50.671274	0.013841
52.000000	65.301594	-31.393723	0.011471
53.000000	75.028032	-63.469244	0.006128
54.000000	51.210607	-38.392855	0.005239
55.000000	87.971287	-80.750103	0.000783
56.000000	50.234000	46.480504	0.002136
57.000000	34.268971	29.872147	0.002090
58.000000	88.458972	-76.077257	0.010400
59.000000	-85.215938	-70.622254	0.018828
60.000000	65.921007	-59.398812	0.018560
61.000000	53.915986	19.341256	0.009655
62.000000	25.622334	-24.333508	0.013176
63.000000	67.572880	69.918596	0.003318
64.000000	49.687533	-5.618744	0.034958
65.000000	51.867145	0.717991	0.013509
66.000000	61.996519	-55.793431	0.016538
67.000000	88.825827	-69.074553	0.005694
68.000000	82.967884	-86.778340	0.272546
69.000000	53.472328	-53.092252	0.003360
70.000000	-85.137467	-78.099101	0.001619
71.000000	62.808623	53.175435	0.556299
72.000000	61.247080	68.110068	0.002037
73.000000	56.209478	22.713063	0.008953
74.000000	-87.104894	79.666492	0.004511
75.000000	88.217206	-76.431842	0.150748
76.000000	61.891599	-46.232367	0.007061
77.000000	61.422671	-60.581959	0.002556
78.000000	69.103163	62.732739	0.004448
79.000000	56.152571	43.871801	0.010621
80.000000	44.898015	51.073191	0.002926
81.000000	54.147942	42.125193	0.001314
82.000000	63.190434	54.372542	0.004261
83.000000	49.553143	50.273795	0.002726
84.000000	63.701804	-53.580510	0.010740
85.000000	61.423887	-66.281980	0.032873
86.000000	38.697976	11.887029	0.003365
87.000000	51.698900	-4.713387	0.000625
88.000000	81.077839	-80.419339	0.002338
89.000000	83.297587	-80.809405	0.021672
90.000000	69.375793	-62.254830	0.013249
91.000000	61.041941	23.479057	0.014056
92.000000	59.847181	23.948526	0.003507
93.000000	63.313777	-35.276363	0.005981
94.000000	66.856129	-61.048751	0.004602
95.000000	61.906673	-38.501285	0.005093
96.000000	56.188069	-34.204863	0.014557
97.000000	62.241539	-34.865540	0.398086
98.000000	71.279287	-62.100755	0.003717
99.000000	76.768834	-59.214159	0.001879
100.000000	48.201992	43.674045	0.002210
101.000000	47.259756	14.977635	0.000919
102.000000	38.088449	73.693273	0.038438
103.000000	75.007325	-60.011826	0.006505
104.000000	53.634977	-10.649827	0.009200
105.000000	63.588707	29.543052	0.006944
106.000000	46.276645	-59.408405	0.605458
107.000000	65.374783	78.540401	0.002260
108.000000	58.423969	52.810594	0.006379
109.000000	87.220587	74.865583	0.001472
110.000000	65.309181	4.583549	0.013874
111.000000	39.165029	36.407885	0.017090
112.000000	60.021047	36.468180	0.004593
113.000000	-79.628341	45.553211	0.002930
114.000000	30.013493	31.442321	0.005021
115.000000	-90.627024	-82.609950	0.002851
116.000000	82.611651	70.185319	0.000890
117.000000	53.516526	-4.555948	0.004353
118.000000	49.753602	-13.062370	0.001695
119.000000	60.993468	-0.640319	0.022918
120.000000	38.503183	49.567951	0.005055
121.000000	68.949721	-34.684336	0.008052
122.000000	76.914843	54.547921	0.002823
123.000000	69.652568	-42.343419	0.071318
124.000000	83.515674	-85.782720	0.007916
125.000000	71.537915	17.439822	0.004104
126.000000	55.138764	16.603286	0.007129
127.000000	68.753136	-37.810717	0.006172
128.000000	-71.394129	84.859629	0.007316
129.000000	65.993615	-32.338105	0.542550
130.000000	58.563168	20.971160	0.006336
131.000000	88.593586	65.755522	0.001795
132.000000	85.523986	87.082832	0.017901
133.000000	80.690242	72.718025	0.001739
134.000000	58.506579	-1.879295	0.025287
135.000000	79.980620	80.057791	0.008759
136.000000	37.049495	-23.690225	0.008594
137.000000	-80.637449	88.633255	0.015241
138.000000	76.971039	-35.057566	0.003176
139.000000	86.383842	89.600871	0.003797
140.000000	73.645068	67.388440	0.002021
141.000000	63.225192	-29.800472	0.018760
142.000000	49.471575	59.431380	0.002636
143.000000	83.911323	-49.444425	0.002098
144.000000	62.249093	-37.331268	0.002661
145.000000	74.700826	68.404357	0.001095
146.000000	69.072056	-80.069848	0.153908
147.000000	-72.530615	-84.927855	0.008439
148.000000	78.616280	-86.141521	0.002090
149.000000	46.192839	-13.306674	0.004437
150.000000	52.757819	-11.976802	0.028862
151.000000	70.352008	42.940698	0.004240
152.000000	45.746068	-12.639120	0.005002
153.000000	66.579569	-12.140456	0.003032
154.000000	-76.031704	87.301609	0.002554
155.000000	56.885353	-34.744374	0.006450
156.000000	59.185838	-15.705245	0.052391
157.000000	73.075321	82.628625	0.002762
158.000000	-87.942209	-81.044107	0.001610
159.000000	62.742591	-21.763902	0.076432
160.000000	43.951469	13.763010	0.138719
161.000000	69.628321	73.602949	0.002307
162.000000	64.085560	85.262134	0.004964
163.000000	56.075136	8.682689	0.032616
164.000000	39.870001	14.610980	0.004655
165.000000	82.951161	80.857909	0.000683
166.000000	-90.152819	-73.277325	0.001234
167.000000	-58.113205	80.867216	0.020385
168.000000	-58.384089	63.015071	0.011873
169.000000	59.452817	-24.134164	0.012978
170.000000	52.885845	-36.973504	0.005685
171.000000	50.818900	-18.109911	0.001385
172.000000	-88.056265	-71.309758	0.004605
173.000000	57.207282	-66.425346	0.007453
174.000000	76.512969	-74.276665	0.005229
175.000000	56.005852	42.960576	0.002462
176.000000	58.708467	44.605794	0.007201
177.000000	62.189881	6.498234	1.219654
178.000000	58.992376	63.466800	0.009360
179.000000	64.498500	-39.444366	0.002591
180.000000	-83.565622	-57.689468	0.000503
181.000000	48.299486	25.910677	0.030167
182.000000	-60.917532	74.307749	0.010658
183.000000	-88.493784	-67.776457	0.000797
184.000000	61.407607	29.105818	0.002722
185.000000	73.401880	-40.584743	0.097372
186.000000	55.435951	33.129967	0.013681
187.000000	43.067526	-54.167946	0.002918
188.000000	-83.611508	-86.350255	0.006310
189.000000	63.879281	-44.664452	0.002776
190.000000	58.402578	49.000371	0.004047
191.000000	75.729235	-84.598217	0.008902
192.000000	75.541047	73.720891	0.001791
193.000000	76.376341	78.078040	0.021272
194.000000	66.149682	43.152754	0.004784
195.000000	43.199676	22.598284	0.001248
196.000000	49.563654	26.197522	0.000991
197.000000	76.900886	66.365462	0.002966
198.000000	47.632863	61.696383	0.351815
199.000000	64.013493	47.839714	0.004430
200.000000	69.063085	-45.412304	0.002383
201.000000	44.745549	21.790421	0.001067
202.000000	76.362418	-79.835137	0.006682
203.000000	58.998470	-60.914007	0.006593
204.000000	50.154259	46.035150	0.002882
205.000000	43.336192	-68.866632	0.006450
206.000000	39.751068	-56.813088	0.211829
207.000000	71.775220	-39.776457	0.003802
208.000000	64.515879	-72.285872	0.005487
209.000000	52.339864	10.778959	0.001243
210.000000	57.785683	14.251523	0.016450
211.000000	-65.299207	-88.451627	0.002323
212.000000	57.111347	30.030413	0.005001
213.000000	-67.289562	89.254547	0.003501
214.000000	36.645896	17.354132	0.002284
215.000000	53.984767	25.827551	0.026795
216.000000	60.204828	-2.148097	0.010413
217.000000	-71.805561	88.795136	0.002528
218.000000	70.161812	-46.812421	0.005247
219.000000	62.808820	-89.964498	0.003646
220.000000	49.761069	4.618234	0.003054
221.000000	65.460251	-41.573036	0.074186
222.000000	72.725584	-71.584038	0.008002
223.000000	46.174735	22.952902	0.003672
224.000000	76.439322	18.688610	0.006531
225.000000	84.676285	-71.966590	0.001309
226.000000	80.813590	74.858029	0.001835
227.000000	67.812477	-54.135812	0.003358
228.000000	64.788712	-17.640453	0.005227
229.000000	-82.515175	-89.411064	0.012986
230.000000	58.511196	-67.978915	0.014339
231.000000	75.953209	-61.024350	0.000478
232.000000	-77.488771	-86.543624	0.003405
233.000000	75.782726	-87.086878	0.003680
234.000000	46.893191	-46.515047	0.003885
235.000000	60.389621	-20.315317	0.007456
236.000000	48.137446	20.221904	0.002515
237.000000	62.853292	-33.908965	0.003459
238.000000	-82.177099	-64.565092	0.001127
239.000000	76.013493	-62.148169	0.004009
240.000000	-64.702969	87.351513	0.005638
241.000000	69.556100	-19.548387	0.001537
242.000000	78.801266	-75.976364	0.001262
243.000000	57.931552	-33.409269	0.002081
244.000000	44.963485	42.888223	0.002726
245.000000	38.226500	46.755380	0.009080
246.000000	77.445230	-47.966678	0.001201
247.000000	78.645945	-77.885302	0.004871
248.000000	-87.850371	-72.481667	0.001319
249.000000	53.882151	-9.302551	0.002927
250.000000	25.041974	-28.565860	0.002909
251.000000	62.189756	-48.377633	0.004311
252.000000	81.422724	83.427354	0.003128
253.000000	-81.580676	-89.554076	0.002420
254.000000	59.689273	-4.824799	0.008546
255.000000	55.368392	33.667796	0.004730
256.000000	82.579569	39.274356	0.002126
257.000000	87.632938	-64.193531	0.001050
258.000000	62.987872	56.293498	0.005822
259.000000	56.778167	58.705496	0.004977
260.000000	64.636212	-80.283846	0.019813
261.000000	53.219967	56.982333	0.004614
262.000000	81.511962	44.132308	0.002979
263.000000	50.060733	29.616105	0.002530
264.000000	61.625151	-12.264341	0.010290
265.000000	62.154259	-3.949796	0.006389
266.000000	75.936235	-72.584776	0.003600
267.000000	62.402578	78.085632	0.002805
268.000000	57.627423	-17.439179	0.016149
269.000000	45.993615	42.471083	0.002756
270.000000	60.908439	-35.126917	0.015532
271.000000	83.434854	80.226447	0.002477
272.000000	86.268971	79.199821	0.002272
273.000000	77.956080	72.995508	0.001529
274.000000	-62.592166	86.966389	0.020531
275.000000	73.143408	64.810681	0.005179
276.000000	63.794871	-76.589459	0.006039
277.000000	73.521082	72.167554	0.001233
278.000000	54.302979	52.646404	0.001567
279.000000	65.292401	-21.996559	0.003971
280.000000	60.330303	47.835123	0.009969
281.000000	52.656129	-14.600300	0.022677
282.000000	84.061153	79.234877	0.002118
283.000000	59.197988	-33.820296	0.016836
284.000000	51.347725	54.023569	0.003940
285.000000	40.913122	-15.852870	0.004873
286.000000	56.334953	4.882449	0.008334
287.000000	76.745549	67.173601	0.009117
288.000000	52.885691	-24.940998	0.002021
289.000000	-90.342749	-88.867181	0.000641
290.000000	87.028120	38.785218	0.000444
291.000000	76.038054	-75.558971	0.004337
292.000000	80.979821	-51.097341	0.001816
293.000000	48.611772	-13.685736	0.001864
294.000000	-87.406366	76.622879	0.008518
295.000000	64.611651	34.563671	0.002334
296.000000	54.398934	38.575512	0.031414
297.000000	-81.870282	-89.077483	0.001714
298.000000	45.882151	24.885691	0.001506
299.000000	57.182935	6.550459	0.002168
300.000000	62.312394	32.713341	0.002881
301.000000	60.938924	-52.764838	0.009822
302.000000	-73.257448	-80.150812	0.001586
303.000000	65.782726	-5.036515	0.002813
304.000000	77.735665	47.678705	0.163222
305.000000	75.255743	34.023319	0.005422
306.000000	43.472377	50.595620	0.003838
307.000000	-71.178856	78.773430	0.004975
308.000000	52.772714	36.551025	0.002481
309.000000	65.674220	-40.518011	0.004670
310.000000	88.065803	-84.864080	0.001685
311.000000	54.140442	-75.919721	0.005186
312.000000	54.628619	45.227685	0.002436
313.000000	66.845705	-26.008896	0.009187
314.000000	60.966356	-55.251547	0.014738
315.000000	74.097918	-59.479510	0.002670
316.000000	49.785683	-3.840000	0.002758
317.000000	87.126713	-66.646748	0.001926
318.000000	66.865442	-74.670974	0.005220
319.000000	60.177645	1.600910	0.017889
320.000000	58.018176	-18.622400	0.016663
321.000000	60.645525	52.543431	0.004700
322.000000	51.580380	3.807341	0.003282
323.000000	68.137446	-38.876090	0.040119
324.000000	89.062871	37.600857	0.000622
325.000000	-82.588296	70.214302	0.010172
326.000000	59.501447	-45.507259	0.004744
327.000000	63.647160	40.150513	0.045542
328.000000	68.596610	68.520191	0.001896
329.000000	41.492292	71.027802	0.000624
330.000000	65.871775	-55.519430	0.004543
331.000000	67.807054	25.012021	0.001865
332.000000	73.474015	46.287866	0.002893
333.000000	64.742591	-36.575386	0.175214
334.000000	45.862501	-35.536411	0.003411
335.000000	82.771771	-72.794317	0.014045
336.000000	54.730316	23.996519	0.006633
337.000000	58.114664	71.924031	0.003328
338.000000	64.295425	53.494158	0.010327
339.000000	75.557841	-63.249806	0.002084
340.000000	47.975937	31.646842	0.008810
341.000000	-75.998831	-76.369938	0.002098
342.000000	52.056050	39.111452	0.003532
343.000000	-78.574420	87.510581	0.002155
344.000000	64.650628	-7.459632	0.002808
345.000000	54.793395	-71.765961	0.009789
346.000000	59.318422	71.572841	0.002513
347.000000	-89.934197	84.399635	0.001980
348.000000	88.955893	85.415170	0.001697
349.000000	67.363796	-57.598054	0.003802
350.000000	69.610098	75.812444	0.018862
351.000000	49.958969	20.256767	0.037172
352.000000	34.859018	50.921393	0.001164
353.000000	55.247345	76.646819	0.001299
354.000000	61.628061	36.965061	0.012686
355.000000	70.473993	47.954493	0.022183
356.000000	72.768780	-62.938113	0.011717
357.000000	74.581310	61.772284	0.002269
358.000000	83.216344	74.285301	0.037299
359.000000	-81.036847	75.251942	0.002717
360.000000	40.825860	-16.809224	0.003125
361.000000	86.563168	-87.026761	0.001364
362.000000	69.182668	-88.760473	0.012359
363.000000	65.793130	52.991047	0.117789
364.000000	87.697154	-74.752881	0.001355
365.000000	78.946320	73.207871	0.009203
366.000000	57.782726	39.683959	0.037431
367.000000	70.992424	-58.540932	0.003302
368.000000	60.169333	-64.815519	0.005522
369.000000	81.158341	87.267170	0.002446
370.000000	74.790486	-85.249773	0.005488
371.000000	54.369971	3.559885	0.002025
372.000000	46.282730	4.015732	0.001529
373.000000	36.840881	-26.305757	0.006597
374.000000	40.371664	-34.479906	0.003134
375.000000	45.041941	48.157787	0.002683
376.000000	51.337347	23.598663	0.001985
377.000000	49.963613	2.219000	0.004184
378.000000	51.733568	36.309614	0.002235
379.000000	62.575459	-64.627995	0.006068
380.000000	80.901040	86.229356	0.001058
381.000000	62.987726	36.500454	0.003420
382.000000	70.169312	-29.998831	0.004007
383.000000	71.091623	-85.534691	0.036530
384.000000	61.501520	-24.066635	0.004825
385.000000	44.890495	-38.725224	0.003575
386.000000	62.968130	64.488091	0.005281
387.000000	53.985270	28.380938	0.003121
388.000000	70.523432	-86.225639	0.051964
389.000000	81.086220	81.590699	0.005879
390.000000	-80.076002	62.460713	0.019292
391.000000	52.499259	21.832428	0.001635
392.000000	47.489388	-39.513663	0.004446
393.000000	61.109533	-17.864348	0.004321
394.000000	52.653219	-34.412737	0.003141
395.000000	56.811844	65.439936	0.413152
396.000000	54.593586	50.768447	0.001638
397.000000	61.135941	-64.429976	0.010010
398.000000	73.460231	70.366730	0.002588
399.000000	66.753170	62.905569	0.004635
400.000000	66.271821	-46.479895	0.010480
401.000000	53.067460	-54.026809	0.003901
402.000000	-89.753850	-88.116108	0.001735
403.000000	83.903803	-46.404903	0.003280
404.000000	77.034441	-35.689347	0.005663
405.000000	43.513847	32.180062	0.260858
406.000000	63.608357	-41.906693	0.005366
407.000000	49.140352	-38.932058	0.016090
408.000000	65.568230	-18.687808	0.004099
409.000000	76.697835	-72.874219	0.001090
410.000000	74.443852	-38.936034	0.799808
411.000000	47.265482	54.122803	0.004202
412.000000	29.310670	50.647418	0.005618
413.000000	47.249907	16.130795	0.065395
414.000000	58.503183	-4.710820	0.006489
415.000000	49.264970	-46.197609	0.003509
416.000000	50.140442	-31.916958	0.054893
417.000000	66.478823	-27.562398	0.218250
418.000000	54.266028	-44.973024	0.008544
419.000000	61.844364	-43.189406	0.014838
420.000000	62.938972	-43.141971	0.007451
421.000000	51.072036	-27.892532	0.007150
422.000000	58.943569	-35.089787	0.004499
423.000000	76.045574	41.610118	0.004197
424.000000	57.094705	-66.753171	0.017086
425.000000	63.628061	85.607116	0.029984
426.000000	56.221870	63.626964	0.011935
427.000000	84.511229	72.229356	0.001457
428.000000	68.853259	72.555634	0.003390
429.000000	77.936235	-78.080652	0.001815
430.000000	-27.653023	59.316296	0.063313
431.000000	41.433113	65.074156	0.002114
432.000000	71.874684	70.812296	0.083573
433.000000	51.022418	33.630353	0.002352
434.000000	65.507312	-45.561576	0.010875
435.000000	71.363623	84.745495	0.040441
436.000000	64.157168	-45.511870	0.041112
437.000000	76.008843	68.327414	0.009352
438.000000	77.767720	73.738530	0.004529
439.000000	57.923998	-34.197576	0.002852
440.000000	57.179851	-81.117252	0.199998
441.000000	58.189809	-60.140388	0.009430
442.000000	70.725584	49.460392	0.004691
443.000000	49.625157	38.791195	0.008799
444.000000	67.162985	-27.234130	0.016800
445.000000	-85.201961	89.681740	0.003959
446.000000	87.277401	-79.892968	0.000910
447.000000	52.411878	52.028340	0.002466
448.000000	-73.447416	83.482022	0.002145
449.000000	51.360984	-36.356599	0.058421
450.000000	47.958983	39.040812	0.041009
451.000000	65.747756	-28.489134	0.002012
452.000000	47.149200	42.798836	0.000579
453.000000	48.909707	-31.700709	0.029780
454.000000	87.031532	86.317077	0.004049
455.000000	48.558484	20.221802	0.001306
456.000000	88.512969	87.654309	0.001518
457.000000	-73.802705	82.285837	0.005827
458.000000	69.545691	-70.657384	0.004247
459.000000	42.575443	-55.912075	0.975530
460.000000	83.590447	61.279088	0.003461
461.000000	64.765837	-34.454342	0.004895
462.000000	86.889180	87.599818	0.004903
463.000000	48.322856	-59.685595	0.415191
464.000000	-70.947571	84.182256	0.001362
465.000000	73.365437	-74.693762	0.022661
466.000000	52.850349	0.699433	0.002746
467.000000	66.253704	77.321259	0.002653
468.000000	54.947104	-57.960076	0.003604
469.000000	71.924031	-61.265001	0.005178
470.000000	71.311985	-87.963807	0.007583
471.000000	58.591894	-25.208264	0.005151
472.000000	59.687566	6.678498	0.016627
473.000000	62.601188	4.157129	0.001109
474.000000	56.720934	-52.839601	0.284996
475.000000	65.413483	56.169492	0.101478
476.000000	61.726365	-66.977549	0.010558
477.000000	56.860792	-44.619915	0.002592
478.000000	74.070486	-64.128205	0.007788
479.000000	69.654395	74.057824	0.001732
480.000000	72.503636	72.650594	0.032283
481.000000	75.150941	75.195079	0.015258
482.000000	80.065803	51.864188	0.011929
483.000000	62.870125	-39.467606	0.001808
484.000000	67.252840	-88.699871	0.004362
485.000000	-77.798061	-84.155636	0.002679
486.000000	64.122251	-62.775938	0.003645
487.000000	62.105418	-74.757603	0.004704
488.000000	41.233588	-13.528683	0.002695
489.000000	56.278245	-28.983296	0.008042
490.000000	61.234877	-38.607399	0.006202
491.000000	83.067238	74.226886	0.008952
492.000000	71.476924	-75.714163	0.012555
493.000000	43.428915	58.656055	0.001806
494.000000	47.300783	32.520757	0.000886
495.000000	57.128459	-55.034959	0.041042
496.000000	72.486317	59.151154	0.001464
497.000000	71.307335	-76.127940	0.004523
498.000000	66.095014	60.685613	0.003948
499.000000	55.002780	-4.162905	0.005965
500.000000	61.726365	20.334459	0.005514
501.000000	68.833414	-67.007431	0.011322
502.000000	84.771737	48.857909	0.003548
503.000000	59.598001	12.590764	0.005498
504.000000	76.628619	-85.455003	0.005997
505.000000	77.397251	71.328726	0.005650
506.000000	82.486317	-78.415491	0.001657
507.000000	86.540440	-80.874185	0.001483
508.000000	53.567879	50.406823	0.308213
509.000000	73.812482	-77.363788	0.001204
510.000000	62.798078	-49.788463	0.161057
511.000000	67.383347	-29.036515	0.002258
512.000000	74.550810	-74.332995	0.010674
513.000000	40.922576	-30.927810	0.002900
514.000000	76.740812	-74.975617	0.003960
515.000000	74.410098	1.415281	0.004164
516.000000	-70.884097	76.376288	0.007890
517.000000	56.742552	61.666545	0.003962
518.000000	64.914606	61.061660	0.004429
519.000000	48.917752	9.312933	0.001860
520.000000	-79.501467	89.007750	0.009935
521.000000	50.805027	-30.075450	0.003816
522.000000	50.073396	49.592380	0.004484
523.000000	61.611314	41.595628	0.004388
524.000000	62.776421	74.648414	0.001258
525.000000	63.148157	40.270658	0.003440
526.000000	40.234039	-12.611955	0.015091
527.000000	80.347223	31.213216	0.000609
528.000000	86.631529	79.207268	0.001067
529.000000	47.538973	-26.880287	0.004588
530.000000	36.050258	27.491129	0.026499
531.000000	68.424008	-23.057599	0.016691
532.000000	41.437763	20.318656	0.002562
533.000000	69.249936	-52.809512	0.004626
534.000000	74.633269	-63.114348	0.003013
535.000000	58.563168	-56.101653	0.008522
536.000000	31.072098	15.160124	0.005201
537.000000	69.313653	59.011955	0.007485
538.000000	75.759939	-76.662067	0.003143
539.000000	55.386609	-36.982184	0.006494
540.000000	79.360720	-41.765733	0.008677
541.000000	57.936235	-48.815552	0.012642
542.000000	45.117972	27.002297	0.001815
543.000000	76.621105	-23.916818	0.002194
544.000000	75.876425	70.436379	0.002463
545.000000	69.263939	8.460998	0.719412
546.000000	57.715748	53.143408	0.009820
547.000000	-89.640525	43.590447	0.020352
548.000000	48.608901	-12.850252	0.004174
549.000000	82.100788	-81.429147	0.010354
550.000000	80.281187	-80.080164	0.014888
551.000000	65.519430	-39.158945	0.002362
552.000000	80.905530	78.460659	0.001681
553.000000	68.468252	-53.389040	0.190202
554.000000	57.114216	33.123829	0.004576
555.000000	58.579569	-49.566459	0.009622
556.000000	54.438729	71.273173	0.009697
557.000000	64.347097	75.309076	0.003611
558.000000	70.273582	44.246150	0.003772
559.000000	61.822940	-62.269106	0.005593
560.000000	45.408800	-3.590995	0.008554
561.000000	58.705476	-73.867198	0.025222
562.000000	54.971039	-33.972535	0.011058
563.000000	63.596227	-54.936954	0.005054
564.000000	57.731015	32.860933	0.003787
565.000000	32.761193	20.030872	0.035822
566.000000	70.142076	-83.085191	0.016436
567.000000	66.078040	-31.352276	0.001669
568.000000	86.503636	32.401415	0.001234
569.000000	67.854962	61.629834	0.013269
570.000000	86.396765	29.740256	0.001114
571.000000	54.865475	-24.626923	0.157901
572.000000	88.624008	78.933101	0.003829
573.000000	72.963519	-23.163628	0.001370
574.000000	45.232150	35.724297	0.013886
575.000000	-78.285993	-79.436832	0.003220
576.000000	55.272751	-43.553037	0.002803
577.000000	70.801266	-72.572394	0.000514
578.000000	-82.360427	84.933604	0.001434
579.000000	68.801212	-0.496509	0.001820
580.000000	67.428537	-46.120666	0.036407
581.000000	66.319914	62.087461	0.003452
582.000000	51.335768	31.378486	0.003838
583.000000	60.050258	-19.857904	0.010226
584.000000	30.955844	-29.123993	0.007489
585.000000	90.322818	80.078007	0.001099
586.000000	-79.825265	-75.756720	0.003400
587.000000	55.385000	39.563354	0.002627
588.000000	64.033250	-56.269024	0.006586
589.000000	83.701804	-89.092652	0.007965
590.000000	60.295425	-5.347739	0.010982
591.000000	66.483480	78.445891	0.002736
592.000000	82.540401	85.245301	0.001511
593.000000	64.327447	-64.401999	0.004192
594.000000	46.394883	54.367014	0.005582
595.000000	53.919348	27.012107	0.005491
596.000000	78.535757	-75.827126	0.011057
597.000000	33.961872	42.733258	0.007611
598.000000	65.447994	-52.249829	0.004553
599.000000	52.237030	-54.192746	0.332454
600.000000	55.782409	-35.476906	0.000985
601.000000	79.883925	-74.992675	0.002791
602.000000	84.354918	-79.756567	0.001286
603.000000	88.515912	-64.927882	0.045911
604.000000	67.128453	-67.736842	0.006973
605.000000	79.222268	-73.398773	0.024781
606.000000	52.112971	0.825788	0.020384
607.000000	87.652654	-65.714163	0.001407
608.000000	-87.311532	85.962357	0.024730
609.000000	86.347136	72.768780	0.000753
610.000000	47.232887	28.595342	0.001698
611.000000	59.017747	41.684683	0.007172
612.000000	50.986054	-42.644916	0.004323
613.000000	72.085560	-55.820581	0.001822
614.000000	67.790313	-27.758354	0.001133
615.000000	51.311985	-44.323012	0.006928
616.000000	74.395024	-86.640085	0.002063
617.000000	55.596260	24.021119	0.001726
618.000000	90.238630	-67.329494	0.034839
619.000000	71.763076	-80.234865	0.002074
620.000000	75.600871	65.345906	0.003456
621.000000	64.902698	-15.421101	0.057950
622.000000	67.123877	-51.357385	0.008087
623.000000	72.805910	62.525119	0.006681
624.000000	61.321259	-33.341819	0.003822
625.000000	60.312394	-13.507313	0.019270
626.000000	75.848960	46.697883	0.012583
627.000000	59.817127	28.650594	0.005324
628.000000	-74.051441	-79.129455	0.004642
629.000000	-79.680086	82.761187	0.004967
630.000000	70.613392	-67.680053	0.003768
631.000000	-84.581926	89.936235	0.002862
632.000000	-89.588161	-65.371381	0.000282
633.000000	60.585993	-54.445116	0.008700
634.000000	32.204828	19.667796	0.009199
635.000000	84.833381	-65.082688	0.001401
636.000000	37.772635	-3.882199	0.007870
637.000000	70.700826	-52.294183	0.012278
638.000000	63.886795	-52.493870	0.009984
639.000000	63.953209	56.258508	0.020384
640.000000	66.463569	-44.440115	0.005857
641.000000	82.576666	-80.815007	0.002630
642.000000	56.784062	-46.201972	0.003086
643.000000	48.667597	-25.708268	0.241913
644.000000	65.956113	-32.757570	0.004069
645.000000	49.874631	-42.273756	0.001610
646.000000	68.511196	-31.143750	0.009303
647.000000	81.539039	81.572987	0.004068
648.000000	56.862533	-73.269684	0.008898
649.000000	68.205022	-41.981365	0.261245
650.000000	71.126766	-57.545261	0.009307
651.000000	63.716241	80.865409	0.075280
652.000000	58.575518	28.230372	0.040402
653.000000	40.152625	-7.156494	0.002779
654.000000	51.511044	-36.625871	0.004979
655.000000	61.585045	-26.820202	0.005226
656.000000	74.219000	52.722675	0.001123
657.000000	70.145032	68.157129	0.004280
658.000000	44.001169	38.645945	0.003692
659.000000	51.272718	40.748657	0.001446
660.000000	-89.214198	71.486619	0.004461
661.000000	75.943755	-75.974270	0.012511
662.000000	-88.335866	-76.426101	0.000798
663.000000	55.511962	-48.596661	0.002432
664.000000	-88.281189	-68.197396	0.000866
665.000000	53.805333	-22.569737	0.109906
666.000000	74.053108	64.581310	0.002358
667.000000	67.648004	-50.912654	0.005690
668.000000	61.359047	46.619511	0.063577
669.000000	54.971612	-37.516500	0.001238
670.000000	89.046523	-85.452060	0.007746
671.000000	77.501642	-11.135109	0.002265
672.000000	54.628605	-35.881569	0.003447
673.000000	84.266061	-65.583532	0.004162
674.000000	74.845705	82.889167	0.002223
675.000000	43.504528	24.645666	0.001286
676.000000	65.605521	71.943909	0.017950
677.000000	61.280271	62.661211	0.003001
678.000000	-82.096197	85.494086	0.003474
679.000000	52.116001	-7.221029	0.001366
680.000000	62.970547	60.362438	0.010456
681.000000	68.028600	-81.027220	0.004493
682.000000	76.993468	-71.151425	0.005543
683.000000	-85.592772	85.945491	0.007765
684.000000	57.168831	29.170891	0.004137
685.000000	56.251963	14.776421	0.089546
686.000000	65.521103	61.082749	0.015177
687.000000	45.455893	6.249234	1.006140
688.000000	-79.234075	-84.804921	0.002424
689.000000	66.514479	81.292055	0.001435
690.000000	-60.043920	87.617704	0.014945
691.000000	60.540407	26.105510	0.002024
692.000000	72.424061	-37.188967	0.001261
693.000000	-90.096197	-80.449659	0.006583
694.000000	52.281187	38.995567	0.003176
695.000000	70.192698	-77.461219	0.004234
696.000000	57.288599	54.463622	0.003860
697.000000	62.214161	-45.971273	0.002229
698.000000	70.234054	89.565428	0.002414
699.000000	72.264321	41.741817	0.002261
700.000000	36.038054	-16.510597	0.005593
701.000000	62.149668	25.481888	0.002370
702.000000	37.441446	43.952623	0.139250
703.000000	57.026902	-41.729309	0.003900
704.000000	44.533698	-50.200905	0.001916
705.000000	83.948559	-46.642030	0.001239
706.000000	87.265023	75.121930	0.002639
707.000000	56.604218	-18.552584	0.066902
708.000000	52.605877	30.519319	0.001015
709.000000	70.804170	81.173877	0.000885
710.000000	63.072069	78.351481	0.019987
711.000000	50.145038	7.469812	0.002125
712.000000	85.799554	-83.785683	0.003856
713.000000	72.825860	29.849420	0.001632
714.000000	64.637932	68.312360	0.010291
715.000000	-85.694151	86.120598	0.024123
716.000000	56.937663	-48.031524	0.004072
717.000000	66.511196	73.624441	0.003478
718.000000	86.070486	86.927167	0.000797
719.000000	83.796650	-73.391258	0.005387
720.000000	58.273582	-48.911141	0.011425
721.000000	60.728668	87.709229	0.002306
722.000000	70.870125	-76.177639	0.001866
723.000000	68.246183	-45.986507	0.002840
724.000000	34.898015	-54.078413	0.003205
725.000000	49.713337	16.389869	0.001040
726.000000	76.246150	68.070486	0.430790
727.000000	78.753580	-57.655806	0.000115
728.000000	72.122198	-45.177082	0.018294
729.000000	34.845705	-60.935171	0.007965
730.000000	74.966477	-40.735875	0.002452
731.000000	79.403339	-75.339314	1.194158
732.000000	62.857942	-83.481622	0.009592
733.000000	44.018176	-33.825298	0.694098
734.000000	69.562528	78.612634	0.014957
735.000000	57.174176	6.339831	0.003825
736.000000	51.031538	-2.624159	0.042638
737.000000	66.808853	-43.181814	0.001282
738.000000	61.562789	-70.323495	0.013186
739.000000	56.097884	-38.565146	0.015201
740.000000	62.955918	74.304593	0.174929
741.000000	34.535790	-62.539468	0.003600
742.000000	63.883925	77.175168	0.002355
743.000000	70.713347	-38.587569	0.002957
744.000000	63.575784	74.791736	0.001338
745.000000	72.816527	80.993601	0.048962
746.000000	50.860812	-39.734577	0.003189
747.000000	65.190488	-65.550167	0.015082
748.000000	49.374909	-36.961456	0.003455
749.000000	67.701804	48.922435	0.004838
750.000000	46.805632	-54.157544	0.003360
751.000000	75.790226	73.926536	0.006343
752.000000	59.345838	39.775193	0.005411
753.000000	65.660122	-58.802856	0.004276
754.000000	46.772594	18.328254	0.000799
755.000000	71.590447	73.545430	0.022794
756.000000	47.063085	15.350735	0.002074
757.000000	69.781411	23.148390	0.018159
758.000000	65.647972	75.348516	0.431584
759.000000	77.344112	-85.407603	0.004152
760.000000	46.813132	-33.690171	0.006489
761.000000	62.164683	76.512936	0.226724
762.000000	71.810137	57.002801	0.016588
763.000000	48.300108	-37.205934	0.026111
764.000000	65.400140	-63.992446	0.001282
765.000000	55.696866	69.042242	0.028707
766.000000	78.640842	-62.205162	0.001638
767.000000	60.105438	-14.733290	0.063831
768.000000	71.249930	-41.655806	0.002129
769.000000	54.648428	27.864998	0.042529
770.000000	66.347190	-28.145086	0.028124
771.000000	70.145038	-87.620696	0.001933
772.000000	78.737941	-59.600925	0.002456
773.000000	66.515912	32.477985	0.001746
774.000000	84.307662	-77.862515	0.002323
775.000000	-88.202220	-78.094636	0.001596
776.000000	86.512969	-70.182873	0.017138
777.000000	-74.579017	-53.026674	0.009147
778.000000	68.673448	63.192440	0.003821
779.000000	85.911323	66.396765	0.008824
780.000000	84.917908	-70.412312	0.001383
781.000000	81.265203	71.070254	0.000836
782.000000	45.049394	41.382601	0.004871
783.000000	80.845597	-80.307764	0.006736
784.000000	-34.431709	41.240555	0.112448
785.000000	55.148104	24.317044	0.015565
786.000000	53.583271	-0.516821	0.008270
787.000000	55.720924	13.497157	0.002606
788.000000	48.365878	-53.567129	0.005659
789.000000	81.132123	77.070572	0.018140
790.000000	74.752005	71.016985	0.001979
791.000000	62.296753	-42.115788	0.462739
792.000000	65.264360	50.632988	0.000735
793.000000	53.565341	45.553244	0.000474
794.000000	71.844823	-55.147094	0.077517
795.000000	50.143511	19.989137	0.013690
796.000000	83.271536	-86.059120	0.087641
797.000000	75.464720	74.036280	0.001314
798.000000	75.233651	-61.974617	0.078895
799.000000	73.949371	42.798078	0.005755
800.000000	49.574708	40.103857	0.418900
