Thin Section: 	C:\Ice Data\2017-07-14-Fri\10.33 SPICE 857 VTS

Results: 	C:\Ice Results\2017-07-14-Fri\10.33 SPICE 857 VTS\2017-07-17-Mon, 15.31

Sequence Angles: 
xi	phi inner
0	0
45	0
45	-45
45	-90
45	-135
45	-180
45	-225
45	-270
45	-315

Threshold: 
45.000

Grain #		theta		phi	Rsquared

0.000000	-75.540920	-88.046943	0.001396
1.000000	82.963399	4.214389	0.004569
2.000000	73.075606	88.934759	0.001391
3.000000	-90.908371	10.656528	0.003183
4.000000	83.425633	51.239845	0.002208
5.000000	60.605871	32.675156	0.007038
6.000000	84.511196	-63.395749	0.002708
7.000000	-68.051441	58.266061	0.005326
8.000000	-83.074607	54.612223	0.002402
9.000000	79.295557	78.521201	0.006077
10.000000	85.684644	48.605871	0.007224
11.000000	76.185198	70.463710	0.001182
12.000000	76.327414	-21.302083	0.002469
13.000000	87.295650	-77.962028	0.031178
14.000000	83.065775	28.881173	0.047027
15.000000	-86.212597	85.148038	0.009639
16.000000	-60.011562	34.758283	0.006929
17.000000	85.709357	64.769404	0.015942
18.000000	-83.625432	-31.930751	0.127792
19.000000	-81.779870	14.818186	0.001259
20.000000	63.054473	-18.318865	0.002013
21.000000	78.233952	-65.416900	0.555599
22.000000	78.013493	53.464809	0.002354
23.000000	83.355031	-3.590974	0.032488
24.000000	77.067951	18.155196	0.245579
25.000000	-87.909636	-77.853242	0.000789
26.000000	85.544478	-77.574596	0.017185
27.000000	75.647103	-71.951477	0.002590
28.000000	66.636192	-76.878795	0.009797
29.000000	-84.924679	26.777664	0.001213
30.000000	47.882151	-3.471464	0.090701
31.000000	81.059929	-73.870021	0.007446
32.000000	80.117568	-25.112535	0.005782
33.000000	86.720934	-21.578389	0.020289
34.000000	70.793428	6.676265	0.005254
35.000000	69.019488	38.685592	0.060170
36.000000	85.054159	-58.297806	0.453131
37.000000	56.868333	-56.172377	0.107750
38.000000	25.543950	3.076926	0.001559
39.000000	57.657212	-64.908303	0.010981
40.000000	71.711137	-81.756885	0.080374
41.000000	-51.704575	-84.076280	0.005819
42.000000	-35.597456	17.568038	0.008490
43.000000	77.582174	17.775274	0.004328
44.000000	78.038054	26.399635	0.002216
45.000000	-88.281348	75.489403	0.004117
46.000000	87.284901	1.648166	0.093481
47.000000	88.570721	-4.387805	0.003303
48.000000	85.627249	75.583585	0.002102
49.000000	71.583304	68.402797	0.354071
50.000000	83.130015	83.303340	0.061447
51.000000	56.595249	16.327154	0.007347
52.000000	79.963633	-7.726439	0.003708
53.000000	84.120564	-5.743233	0.123212
54.000000	80.581349	19.696483	0.003117
55.000000	-59.625346	-80.954860	0.005739
56.000000	65.759939	84.033250	0.002584
57.000000	80.322856	-42.883898	0.001518
58.000000	84.491000	-32.220144	0.001109
59.000000	82.100788	-65.391258	0.017413
60.000000	-63.854929	-84.206367	0.005725
61.000000	78.021047	-14.542658	0.002531
62.000000	69.397251	-76.920421	0.018208
63.000000	76.555493	-5.303372	0.004299
64.000000	81.790313	84.301948	0.002383
65.000000	60.167592	38.434585	0.006243
66.000000	81.006400	25.451972	0.055323
67.000000	70.813503	-74.908025	0.002247
68.000000	36.507563	61.205582	0.553502
69.000000	79.585803	-51.558706	0.005956
70.000000	85.494032	59.184448	0.101445
71.000000	86.673294	-24.209845	0.003226
72.000000	-76.798589	-76.839567	0.002650
73.000000	81.836777	-59.189406	0.004297
74.000000	67.075001	-83.924546	0.010669
75.000000	57.877501	46.730808	0.003160
76.000000	79.308250	68.292768	0.001146
77.000000	81.600012	1.424541	0.005254
78.000000	-84.473057	-39.099893	0.002953
79.000000	53.517194	-65.555054	0.004640
80.000000	-88.311005	-84.490680	0.004237
81.000000	69.368446	12.707939	0.004873
82.000000	69.272718	-64.112938	0.004775
83.000000	64.125193	70.261417	0.675370
84.000000	-88.056245	23.266710	0.002387
85.000000	-58.354884	-48.832332	0.032845
86.000000	61.958983	-27.056398	0.003909
87.000000	78.283183	-23.994061	0.001391
88.000000	55.266773	-51.536731	0.252930
89.000000	81.420983	-11.312169	0.002194
90.000000	71.835084	-7.421560	0.080618
91.000000	77.810736	-65.025970	0.000684
92.000000	72.943569	57.654396	0.005171
93.000000	88.090364	89.698895	0.005215
94.000000	-39.239305	19.391385	0.003075
95.000000	79.249883	78.243739	0.002627
96.000000	59.014844	-84.157976	0.006423
97.000000	72.249054	60.615292	0.000897
98.000000	79.153909	-5.581487	0.107390
99.000000	-59.616158	70.201939	0.022064
100.000000	-70.935388	84.142076	0.009854
101.000000	-84.789915	27.136013	0.002276
102.000000	73.374425	12.152559	0.003761
103.000000	60.908439	62.293511	0.018320
104.000000	-84.596694	3.120945	0.064258
105.000000	-81.073265	-11.024157	0.147163
106.000000	79.673669	73.760257	0.038310
107.000000	68.434411	19.465141	0.005240
108.000000	-68.571463	-54.920753	0.003512
109.000000	36.429956	-54.371142	0.004032
110.000000	75.280218	46.448794	0.004714
111.000000	58.515912	16.463763	0.003298
112.000000	81.630068	63.467233	0.001921
113.000000	62.930076	-12.235093	0.007185
114.000000	73.718637	21.476393	0.002398
115.000000	-86.019380	-25.770596	0.000999
116.000000	68.963447	80.179385	0.005989
117.000000	79.906673	-5.282009	0.273460
118.000000	-76.424250	-75.509811	0.014685
119.000000	-80.488058	17.942639	0.000845
120.000000	-89.174173	84.980793	0.011137
121.000000	85.971287	-21.044074	0.000393
122.000000	83.588707	12.954637	0.001781
123.000000	73.697154	-23.574470	0.016641
124.000000	67.706487	-31.318548	0.006977
125.000000	50.284165	81.192635	0.001713
126.000000	83.792000	-25.413919	0.001876
127.000000	53.363623	-63.738583	0.001374
128.000000	78.833381	-75.381766	0.003067
129.000000	65.324148	-16.372610	0.005704
130.000000	78.283183	-69.974304	0.003678
131.000000	-79.366731	36.485187	0.000856
132.000000	-79.805614	74.813585	0.002237
133.000000	70.244410	84.029263	0.002819
134.000000	88.380938	38.642582	0.007188
135.000000	56.169492	31.365717	0.006145
136.000000	82.688535	-18.149682	0.003024
137.000000	74.376341	-65.476607	0.025499
138.000000	-78.643791	25.814092	0.001058
139.000000	87.325889	55.988174	0.001319
140.000000	82.676285	8.995688	0.000758
141.000000	78.661091	41.049722	0.008105
142.000000	79.681773	60.807690	0.001999
143.000000	44.616280	-17.112163	0.000867
144.000000	55.778076	-37.906727	0.002830
145.000000	-87.139188	-11.154262	0.001968
146.000000	70.601227	-41.924404	0.003021
147.000000	77.348742	38.334899	0.042646
148.000000	75.931552	27.318508	0.002222
149.000000	72.613371	84.685580	0.016829
150.000000	-79.642179	35.697639	0.005664
151.000000	-88.797368	-31.332398	0.001610
152.000000	77.652601	56.430441	0.003545
153.000000	69.277029	-56.259459	0.020835
154.000000	-85.435092	29.422724	0.002695
155.000000	65.738530	-15.942209	0.043714
156.000000	-70.232313	-80.617856	0.049676
157.000000	63.835084	-59.514780	0.001977
158.000000	78.648887	-41.911377	0.002997
159.000000	-67.391099	-77.610678	0.000856
160.000000	-83.889965	-72.066669	0.000355
161.000000	71.072098	-47.687288	0.005509
162.000000	-89.929514	-73.471957	0.001629
163.000000	84.525173	76.030380	0.001955
164.000000	53.821160	-52.158080	0.003346
165.000000	32.663961	-21.101985	0.012743
166.000000	60.214350	36.401448	0.005060
167.000000	49.395510	-1.519124	0.001977
168.000000	13.987728	-50.663989	0.012623
169.000000	57.136206	-53.185133	0.109626
170.000000	87.284847	-3.590767	0.001357
171.000000	77.715781	54.161779	0.010877
172.000000	-67.134105	72.100788	0.015837
173.000000	69.797708	-39.554076	0.403363
174.000000	40.910339	57.506188	0.008195
175.000000	69.311912	-35.975890	0.005295
176.000000	-88.893303	45.330399	0.002167
177.000000	73.572880	-43.812763	0.032300
178.000000	62.520562	-38.371692	0.096704
179.000000	68.588903	-7.827604	0.003699
180.000000	82.540440	-19.578410	0.001945
181.000000	-53.921921	-10.187185	0.003177
182.000000	69.264970	3.004687	0.003176
183.000000	-75.121863	-84.508866	0.000712
184.000000	79.439537	25.869156	0.034555
185.000000	71.474068	-90.184653	0.004334
186.000000	48.429288	15.656098	0.004816
187.000000	63.165874	-17.009157	0.009002
188.000000	85.671634	-51.794924	0.000235
189.000000	-70.466667	70.238597	0.043658
190.000000	-77.761317	-35.281975	0.002333
191.000000	-73.560750	67.000224	0.003988
192.000000	-72.668438	-66.332995	0.014908
193.000000	-73.867151	-83.124805	0.001652
194.000000	66.451433	-1.548567	0.025534
195.000000	45.383306	48.480597	0.002727
196.000000	85.252786	-29.598267	0.005064
197.000000	84.442159	14.060700	0.004428
198.000000	28.305849	8.358649	0.002255
199.000000	-85.223579	80.055718	0.004954
200.000000	-75.853275	-83.957263	0.000669
201.000000	74.937663	72.202206	0.034146
202.000000	-81.773553	19.088859	0.004809
203.000000	-65.163749	-76.580311	0.002526
204.000000	82.873137	-38.784663	0.003112
205.000000	-75.161849	-69.786189	1.026676
206.000000	-84.209687	12.628658	0.001957
207.000000	-72.276719	1.277362	0.003218
208.000000	80.518749	73.187390	0.001329
209.000000	87.265023	64.489685	0.035245
210.000000	-77.605749	-2.730274	0.002165
211.000000	-75.540974	-73.692217	0.003019
212.000000	-83.645121	4.694926	0.000894
213.000000	-73.082248	-54.142109	0.005942
214.000000	89.041974	35.737220	0.121519
215.000000	-30.149910	22.097957	0.088672
216.000000	-80.416696	-31.771906	0.012099
217.000000	-77.726418	-61.464282	0.002190
218.000000	-76.167820	73.553191	0.000662
219.000000	53.870001	43.453181	0.003645
220.000000	84.917752	-66.932304	0.001282
221.000000	-82.545496	8.453126	0.001225
222.000000	-75.238807	-84.544258	0.003125
223.000000	-81.198985	-34.281477	0.020351
224.000000	-87.235837	1.639432	0.003935
225.000000	77.389644	-71.524113	0.002247
226.000000	90.870545	34.373385	0.001161
227.000000	-38.755525	-33.419718	0.006382
228.000000	48.339636	80.789847	0.007562
229.000000	-90.804954	-40.007646	0.003199
230.000000	-82.929596	-34.066209	0.016013
231.000000	54.022826	-25.321974	0.066103
232.000000	72.728608	66.793395	0.002241
233.000000	-87.862554	-75.044107	0.002395
234.000000	-47.249773	-67.511942	0.001820
235.000000	72.359475	-72.839746	0.007673
236.000000	-58.879205	84.087219	0.012940
237.000000	74.226447	-72.338105	0.002911
238.000000	68.414761	-57.728038	0.009012
239.000000	77.687533	-82.510472	0.001711
240.000000	-71.346463	1.531787	0.003700
241.000000	-67.592772	64.310302	0.004856
242.000000	79.418041	43.923998	0.011703
243.000000	56.762890	-26.679595	0.027248
244.000000	43.236747	9.814508	0.008981
245.000000	-90.571484	-72.749890	0.000973
246.000000	86.426911	34.523432	0.002770
247.000000	-76.187523	-83.746317	0.022546
248.000000	67.698900	-81.124454	0.157949
249.000000	-83.259188	2.805949	0.002898
250.000000	58.631529	60.841022	0.006031
251.000000	48.439502	60.155119	0.003608
252.000000	-86.841592	78.203665	0.003962
253.000000	85.620540	83.014918	0.002441
254.000000	-82.212629	-23.312574	0.001204
255.000000	81.694965	21.099496	0.055525
256.000000	-77.563881	8.598351	0.003019
257.000000	-57.021407	50.527744	0.002454
258.000000	84.550864	4.038864	0.003771
259.000000	47.010161	-21.714163	0.002183
260.000000	-86.437563	-87.758500	0.012792
261.000000	-48.464448	81.180319	0.005941
262.000000	75.821160	-47.560765	0.002446
263.000000	90.200252	-51.531748	0.002249
264.000000	-84.678755	25.297018	0.002366
265.000000	57.797813	-48.436205	0.011846
266.000000	-88.431717	-29.966874	0.002927
267.000000	-47.121863	1.257664	0.004092
268.000000	-88.507708	-67.484088	0.015131
269.000000	69.046585	18.850316	0.008003
270.000000	72.129946	38.722675	0.002284
271.000000	74.085540	-21.817744	0.001653
272.000000	-83.146741	-16.040945	0.002086
273.000000	76.126848	72.833342	0.003615
274.000000	85.583284	-80.116016	0.001089
275.000000	80.761193	-10.005892	0.057889
276.000000	46.750233	33.316064	0.002471
277.000000	-76.394532	45.187546	0.005546
278.000000	76.105385	-53.998831	0.004260
279.000000	-77.597456	-2.945822	0.002505
280.000000	90.668591	82.971160	0.001331
281.000000	90.042704	-25.647992	0.002816
282.000000	44.900886	24.426240	0.379175
283.000000	89.737617	25.672553	0.001343
284.000000	-80.800271	17.100956	0.001189
285.000000	82.273561	8.472863	0.003121
286.000000	48.823736	-54.507669	0.001664
287.000000	-71.086898	-87.540578	0.006361
288.000000	-80.696579	-1.474706	0.002722
289.000000	58.268932	-30.091514	0.017550
290.000000	-69.902082	86.637899	0.004950
291.000000	55.081537	35.044107	0.003435
292.000000	78.560225	6.336727	0.004821
293.000000	70.700793	-47.398773	0.003800
294.000000	52.630765	69.201263	0.002432
295.000000	50.860900	-6.115875	0.001694
296.000000	85.509053	20.618195	0.002617
297.000000	-81.388316	-20.954928	0.003351
298.000000	71.333234	54.900107	0.002786
299.000000	83.528683	-8.427159	0.001517
300.000000	76.407189	-50.906511	0.073251
301.000000	82.793428	83.923686	0.002125
302.000000	52.630765	-22.614908	0.003938
303.000000	72.960576	21.764817	0.001873
304.000000	73.531593	-47.257409	0.070596
305.000000	-73.743200	85.145002	0.021788
306.000000	34.761193	-67.376025	0.007217
307.000000	-71.102126	86.293532	0.006206
308.000000	-78.688015	-25.366799	0.017388
309.000000	-74.076002	87.345906	0.010481
310.000000	-26.343035	88.451671	0.853628
311.000000	-72.524402	62.116022	0.002749
312.000000	76.588903	-89.632758	0.004824
313.000000	66.090364	-49.177115	0.005734
314.000000	54.946511	-49.134525	0.003470
315.000000	-83.174173	76.172150	0.005748
316.000000	-69.761317	48.727445	0.006595
317.000000	-62.298163	89.946785	0.011595
318.000000	-81.462503	-30.454309	0.002240
319.000000	-67.897432	88.957673	0.106116
320.000000	87.443418	-52.950278	0.001280
321.000000	84.451433	69.744852	0.002944
322.000000	61.867145	-89.793464	0.030968
323.000000	79.911323	-59.129455	0.006525
324.000000	79.839681	61.708228	0.010655
325.000000	-90.218967	-2.302993	0.001297
326.000000	-83.887029	-35.692410	0.001962
327.000000	-86.742564	-30.535066	0.001088
328.000000	89.807054	-66.622466	0.007909
329.000000	87.723302	0.174735	0.127446
330.000000	-59.471977	-70.034607	0.011493
331.000000	88.710120	1.968329	0.002940
332.000000	89.078509	55.037466	0.008928
333.000000	73.723456	43.924031	0.004034
334.000000	51.587412	-80.535771	0.002394
335.000000	68.958835	-48.157182	0.006085
336.000000	76.302979	-79.331356	0.308033
337.000000	-88.858333	-75.218305	0.002211
338.000000	88.773517	78.231361	0.002958
339.000000	-62.607447	60.845705	0.002108
340.000000	54.570781	29.784482	0.001959
341.000000	86.431649	-75.258144	0.003495
342.000000	67.936235	40.347097	0.022599
343.000000	69.652654	-78.470881	0.004283
344.000000	71.960763	46.383842	0.003448
345.000000	73.660155	-51.903856	0.003924
346.000000	-48.166657	39.807320	0.008645
347.000000	81.600824	-86.404584	0.004025
348.000000	74.454376	48.510858	0.002036
349.000000	-63.616192	-69.507280	0.337887
350.000000	71.622334	-7.726439	0.003460
351.000000	67.007891	-72.289794	0.329785
352.000000	83.304659	-28.859392	0.001021
353.000000	74.676285	-56.018129	0.003306
354.000000	-87.946872	-81.611562	0.001654
355.000000	74.120477	-49.943896	0.002013
356.000000	74.224726	71.149342	0.003085
357.000000	69.893346	-85.364971	0.006372
358.000000	70.653570	51.775193	0.003231
359.000000	72.870545	37.661862	0.002227
360.000000	54.290775	30.592167	0.007121
361.000000	-76.730153	82.350234	0.008879
362.000000	-73.206605	79.106131	0.002058
363.000000	87.992321	76.078040	0.001208
364.000000	85.562437	-43.127676	0.002311
365.000000	65.530191	-41.971394	0.110828
366.000000	81.577471	-7.726439	0.002678
367.000000	60.300036	-3.551471	0.001797
368.000000	-73.036867	78.483553	0.006543
369.000000	79.461992	42.327414	0.004609
370.000000	72.025696	81.689294	0.001513
371.000000	54.558577	32.210869	0.001387
372.000000	-88.880821	-55.680047	0.002117
373.000000	71.434854	-54.610303	0.031681
374.000000	-87.571348	-40.765090	0.002741
375.000000	87.000191	49.537910	0.001356
376.000000	77.580395	-5.019546	0.001193
377.000000	75.521103	75.251975	0.002100
378.000000	79.557788	-20.212629	0.001581
379.000000	75.632971	-62.311665	0.004640
380.000000	64.342507	35.431753	0.010267
381.000000	79.418026	39.392059	0.004414
382.000000	67.418047	1.956119	0.003021
383.000000	59.096392	30.407189	0.036941
384.000000	67.903803	-40.614912	0.002344
385.000000	49.198510	57.695340	0.010646
386.000000	63.363697	27.475392	0.005274
387.000000	79.059962	-9.892889	0.009749
388.000000	75.292401	-86.564609	0.003444
389.000000	73.519356	46.251610	0.003403
390.000000	86.963485	49.762777	0.001558
391.000000	82.008843	-89.733972	0.034741
392.000000	-83.262092	56.391434	0.001418
393.000000	-83.516520	-78.547796	0.002204
394.000000	83.708228	-29.329494	0.001411
395.000000	53.330830	-72.575933	0.005105
396.000000	70.511229	32.648217	0.001410
397.000000	83.802409	18.383901	0.001393
398.000000	-70.876176	-19.595682	0.003693
399.000000	-86.907839	27.885597	0.000851
400.000000	84.241500	71.711098	0.000940
401.000000	60.350007	33.560783	0.007446
402.000000	-80.181744	-9.452007	0.331851
403.000000	-88.956232	-10.513381	0.001064
404.000000	74.971160	-74.927929	0.001615
405.000000	69.867145	-76.565212	0.003541
406.000000	-83.143871	-66.611791	0.001595
407.000000	-88.160266	63.365471	0.041235
408.000000	78.853379	50.090442	0.086567
409.000000	48.493870	23.589210	0.001809
410.000000	84.100788	47.301609	0.101242
411.000000	89.684644	31.120553	0.001724
412.000000	42.103770	72.146319	0.866373
413.000000	90.780268	-12.484326	0.003495
414.000000	90.870266	-48.989966	0.001776
415.000000	-80.137499	51.297138	0.150155
416.000000	-76.080652	-68.088664	0.024627
417.000000	-62.777712	-48.938074	0.003960
418.000000	73.041941	-47.504176	0.008572
419.000000	46.639154	-79.478728	0.008233
420.000000	-81.741492	-22.212629	0.009755
421.000000	46.310620	62.152538	0.002245
422.000000	76.040924	31.401827	0.002406
423.000000	89.920636	16.532847	0.001685
424.000000	84.708380	35.098317	0.002050
425.000000	82.550864	74.791615	0.004998
426.000000	68.038054	-52.733290	0.002556
427.000000	82.840881	5.269530	0.002847
428.000000	74.552584	83.849188	0.002737
429.000000	46.853259	-23.961169	0.000672
430.000000	70.271841	68.645525	0.002808
431.000000	70.337910	35.436700	0.003531
432.000000	39.215270	86.570868	0.001473
433.000000	59.237786	-5.077565	0.007317
434.000000	56.282730	-17.396880	0.007678
435.000000	-89.453819	74.143757	0.001132
436.000000	-83.211288	-52.612009	0.001616
437.000000	-64.493731	-42.006385	0.109154
438.000000	87.896249	86.297199	0.001742
439.000000	-89.981824	3.844310	0.002723
440.000000	82.506174	60.170370	0.003348
441.000000	66.386712	37.587544	0.002757
442.000000	51.113371	55.504657	0.011431
443.000000	65.356230	-85.704575	0.005309
444.000000	63.968296	-9.902082	0.006097
445.000000	-66.908377	-45.047098	0.004806
446.000000	86.962312	35.817425	0.001695
447.000000	85.989151	55.143335	0.041016
448.000000	79.988207	-39.551524	0.002894
449.000000	71.528636	67.106976	0.001157
450.000000	83.835084	25.401881	0.183810
451.000000	-87.585219	59.830614	0.000208
452.000000	75.224564	-35.818238	0.001171
453.000000	72.877766	5.464069	0.052160
454.000000	87.996519	29.799554	0.001510
455.000000	55.116436	-11.889614	0.002320
456.000000	-69.453699	-51.989006	0.251928
457	grain not analyzable
458.000000	70.426878	-11.172597	0.225555
459.000000	77.992321	23.397197	0.002547
460.000000	72.379159	38.080910	0.004342
461.000000	29.425580	21.049823	0.005081
462.000000	44.018176	32.169911	0.006645
463.000000	73.547561	-35.540780	0.011594
464.000000	-88.357523	-37.939280	0.002519
465.000000	53.643540	22.765520	0.002547
466.000000	60.661091	-43.572411	0.026042
467.000000	79.827536	-42.440855	0.001453
468.000000	-71.338948	-40.565212	0.004341
469.000000	54.761149	-23.219193	0.003640
470.000000	61.501619	-64.637367	0.003153
471.000000	53.336192	-1.335415	0.003146
472.000000	71.557788	4.391395	0.008186
473.000000	66.663994	55.893664	0.004963
474.000000	-83.241717	49.442375	0.003867
475.000000	-84.860901	-85.197272	0.033575
476.000000	66.273582	30.472809	0.004109
477.000000	85.084229	-51.177115	0.992081
478.000000	54.351961	30.754424	0.005075
479.000000	54.236996	-39.785332	0.003099
480.000000	82.164722	11.678705	0.003219
481.000000	-82.639929	63.408840	1.190488
482.000000	86.813536	49.946007	0.015590
483.000000	66.804170	55.474548	0.010569
484.000000	52.293498	-72.622400	0.006934
485.000000	73.667675	35.637655	0.001211
486.000000	58.653570	-40.093288	0.009237
487.000000	76.720934	-82.708563	0.016060
488.000000	71.998265	53.496870	0.002347
489.000000	68.172222	-74.628629	0.005166
490.000000	-62.493565	-17.326923	0.708325
491.000000	-87.195830	31.405032	0.005373
492.000000	67.735626	16.234054	0.007181
493.000000	85.237753	-71.391099	0.000898
494.000000	-58.880767	-80.001417	0.015282
495.000000	74.658148	-43.059302	0.003852
496.000000	-76.302681	-31.349339	0.000823
497.000000	-84.403773	-43.540887	0.002240
498.000000	82.045608	-17.114348	0.000793
499.000000	87.956113	-60.654114	0.001558
500.000000	86.685652	40.887891	0.010790
501.000000	-78.310688	68.653166	0.002846
502.000000	-76.019380	-47.358705	0.005306
503.000000	40.303099	10.600304	0.015417
504.000000	90.105438	-36.947538	0.000815
505.000000	77.886795	-61.595682	0.001696
506.000000	-83.524000	-38.938320	0.013999
507.000000	56.840881	-18.259373	0.063545
508.000000	76.339651	69.227323	0.000896
509.000000	75.637529	81.439417	0.003032
510.000000	73.499706	35.595608	0.004001
511.000000	49.978880	37.151099	0.001395
512.000000	77.428484	10.507867	0.013649
513.000000	80.186939	-66.126532	0.001099
514.000000	74.483447	-28.235348	0.001769
515.000000	85.393036	-8.995475	0.667066
516.000000	81.844310	69.397230	0.002070
517.000000	53.237786	1.437152	0.000849
518.000000	63.871742	-43.174212	0.009376
519.000000	58.164722	-41.429158	0.132503
520.000000	67.356143	55.515728	0.004673
521.000000	36.497061	-38.250107	0.005818
522.000000	-65.929514	73.064559	0.004748
523.000000	26.917785	-9.522480	0.008520
524.000000	-69.286937	-87.568298	0.002747
525.000000	84.319953	-45.528737	0.004290
526.000000	68.498567	66.933604	0.006431
527.000000	-73.738622	46.963447	0.007793
528.000000	-79.001903	-69.011953	0.001634
529.000000	78.661091	31.451747	0.002515
530.000000	63.425580	-41.792635	0.008463
531.000000	-81.383720	46.663291	0.002359
532.000000	-79.524267	-64.096197	0.001144
533.000000	-73.508879	24.872696	0.214359
534.000000	-82.628353	-37.509000	0.008648
535.000000	61.477291	18.015765	0.004503
536.000000	-85.366751	40.114697	0.027638
537.000000	72.391342	-45.044074	0.057697
538.000000	59.661895	30.263158	0.027217
539.000000	49.200915	31.998903	0.006183
540.000000	81.630062	-69.655720	0.041014
541.000000	-87.889932	-80.565093	0.005202
542.000000	68.841055	65.072151	0.001879
543.000000	76.204849	-23.008962	0.007026
544.000000	-83.380675	-37.546435	0.009216
545.000000	-82.031704	-79.189406	0.061641
546.000000	83.082468	22.142114	0.001658
547.000000	-84.335228	86.879713	0.063708
548.000000	-63.048806	72.575405	0.247427
549.000000	76.658181	-43.733972	0.002527
550.000000	83.899125	46.100827	0.002613
551.000000	-68.278285	21.064704	0.005839
552.000000	84.818186	-5.961136	0.000864
553.000000	83.348795	-3.378895	0.002176
554.000000	78.149682	-65.435125	0.005013
555.000000	87.496876	46.073024	0.002018
556.000000	72.396765	64.174735	0.001214
557.000000	-79.509000	-61.665858	0.011954
558.000000	-80.663755	-34.102621	0.004031
559.000000	68.480537	6.425695	0.009164
560.000000	-87.418690	69.081392	0.013585
561.000000	72.762436	-19.414744	0.060918
562.000000	56.650628	-24.704132	0.002187
563.000000	82.061153	69.179798	0.002104
564.000000	-75.738724	-27.119629	0.001224
565.000000	81.921007	27.661862	0.001177
566.000000	50.656057	11.508174	0.002128
567.000000	-76.597254	74.857610	0.151571
568.000000	43.778076	-42.895962	0.005058
569.000000	-67.191147	24.051068	0.009090
570.000000	72.776387	1.343148	0.001642
571.000000	58.232313	-37.466584	1.253022
572.000000	-87.635842	39.140431	0.000442
573.000000	-58.155636	22.339684	0.012088
574.000000	84.575459	-82.982412	0.005128
575.000000	68.117621	26.710438	0.002660
576.000000	-69.349372	-73.917277	0.001263
577.000000	87.097489	9.938806	0.001805
578.000000	78.286092	-32.253481	0.000933
579.000000	-87.089748	-8.760262	0.001672
580.000000	62.194386	-57.389479	0.006018
581.000000	57.526856	-88.786508	0.001051
582.000000	-89.321902	-85.099805	0.002465
583.000000	-55.225030	-34.683800	0.003280
584.000000	49.903803	69.956113	0.000493
585.000000	-86.093342	-17.504350	0.000861
586.000000	84.491121	-77.027134	0.000763
587.000000	80.523432	-15.690641	0.004158
588.000000	84.192699	77.465088	0.003016
589.000000	-55.282287	-56.486085	0.001582
590.000000	85.309313	36.055718	0.056518
591.000000	-87.785650	43.619377	0.004326
592.000000	-84.735064	6.788745	0.001838
593.000000	-87.966750	-71.196993	0.001105
594.000000	58.466493	27.211158	0.067554
595.000000	47.560697	-59.944249	0.002401
596.000000	54.097957	-11.451919	0.005026
597.000000	-80.241748	21.229875	0.000756
598.000000	-82.982205	58.209739	0.008686
599.000000	-74.655888	53.911516	0.004093
600.000000	-78.028713	-61.435092	0.003172
601.000000	64.307569	-19.796335	0.003835
602.000000	-78.550259	-17.122234	0.001976
603.000000	-88.715153	23.497256	0.000559
604.000000	84.868433	11.881481	0.001468
605.000000	66.968169	77.942983	0.001729
606.000000	88.038054	-17.004459	0.013677
607.000000	70.419324	74.148029	0.002117
608.000000	-81.166619	54.788305	0.002950
609.000000	53.038970	-70.882086	0.003052
610.000000	87.336245	-78.221705	0.061953
611.000000	66.367014	77.303137	0.013429
612.000000	-84.016476	25.784467	0.020469
613.000000	53.365473	-59.878545	0.004915
614.000000	78.988008	45.057058	0.001390
615.000000	-84.588296	-9.860477	0.003453
616.000000	-69.031831	56.031190	0.002798
617.000000	79.155803	74.316738	0.001115
618.000000	86.693605	34.436418	0.000525
619.000000	78.383881	52.152446	0.001237
620.000000	-71.471884	-78.676469	0.004486
621.000000	-85.521170	47.085857	0.003150
622.000000	-85.553244	-87.574243	0.003330
623.000000	-59.191377	53.700818	0.002998
624.000000	67.883925	-44.654060	0.001282
625.000000	-55.134525	-25.633198	0.011279
626.000000	56.535790	41.129570	0.000723
627.000000	-62.683385	34.192099	0.068230
628.000000	-80.893371	21.966576	0.005404
629.000000	87.457347	21.357849	0.002629
630.000000	-71.336039	-71.810576	0.007005
631.000000	-59.286850	-71.949107	0.004420
632.000000	-74.357841	76.287833	0.001184
633.000000	65.340842	39.450087	0.002611
634.000000	-87.750874	7.364194	0.002373
635.000000	-65.091561	76.382233	0.002341
636.000000	66.523432	22.623164	0.003298
637.000000	-82.336975	44.570809	0.073145
638.000000	86.149682	-39.029000	0.005453
639.000000	-49.568406	-85.154295	0.003199
640.000000	-83.090836	-59.021320	0.003447
641.000000	-46.305213	79.708513	0.018252
642.000000	-80.700132	-78.850658	0.003051
643.000000	57.519430	26.379339	0.003063
644.000000	-71.026091	-77.598267	0.005306
645.000000	52.064062	-8.610157	0.001546
646.000000	-67.645310	25.259495	0.007141
647.000000	52.078007	-82.208033	0.001195
648.000000	65.055443	-1.314228	0.020668
649.000000	-83.139100	-78.120492	0.001485
650.000000	84.021047	51.404697	0.001512
651.000000	-86.123629	-7.640471	0.006504
652.000000	70.925977	21.630294	0.032144
653.000000	87.563633	57.277347	0.002594
654.000000	-73.154262	59.725434	0.001296
655.000000	74.404357	54.361553	0.001979
656.000000	89.968296	85.385088	0.003089
657.000000	-73.378895	-81.326706	0.001423
658.000000	-68.090418	-83.257409	0.004526
659.000000	-89.492133	-56.548221	0.066695
660.000000	76.070486	81.557841	0.002009
661.000000	-86.562323	17.817392	0.002122
662.000000	60.144985	13.437589	0.005528
663.000000	79.383274	-29.850279	0.002517
664.000000	-80.671202	26.258426	0.012616
665.000000	56.218952	67.264026	0.116542
666.000000	62.645633	-72.436078	0.047783
667.000000	-87.394090	-72.028620	0.001723
668.000000	73.082402	82.765340	0.005318
669.000000	69.030849	-68.901736	0.004148
670.000000	59.830440	-27.180117	0.011831
671.000000	66.898170	-67.477218	0.010904
672.000000	-79.423334	68.808853	0.003050
673.000000	70.788745	32.179476	0.056820
674.000000	-81.909636	-51.004459	0.002742
675.000000	-85.286653	70.023319	0.003638
676.000000	88.030380	-45.971400	0.015608
677.000000	62.688522	-28.611709	0.051363
678.000000	77.262066	-11.879295	0.000681
679.000000	77.591577	66.407624	0.001057
680.000000	51.235135	71.453545	0.386157
681.000000	77.975970	-51.524287	0.003166
682.000000	-77.743354	-62.983296	0.037153
683.000000	86.078040	83.933331	0.004596
684.000000	84.870125	-67.707058	0.001824
685.000000	64.893014	61.263093	0.002117
686.000000	67.020585	-67.572948	0.002883
687.000000	-87.766000	-19.426528	0.004755
688.000000	77.827530	79.496870	0.008879
689.000000	-75.981824	0.742640	0.010695
690.000000	84.436191	75.652588	0.011603
691.000000	70.828452	-60.052861	0.000506
692.000000	-74.669420	-12.929506	0.001352
693.000000	-87.830089	-81.951522	0.001010
694.000000	-56.058006	86.117607	0.005118
695.000000	-47.830595	-57.773461	0.001355
696.000000	-40.290643	67.815245	0.003595
697.000000	77.527321	48.344514	0.001932
698.000000	-61.231220	51.705609	0.003908
699.000000	67.896249	-42.215500	0.002944
700.000000	57.968296	-88.720859	0.003621
701.000000	-85.909636	17.245301	0.005370
702.000000	87.118115	71.938333	0.000707
703.000000	69.797780	52.377645	0.001145
704.000000	-85.573454	3.864512	0.000595
705.000000	-89.575765	-30.513550	0.003493
706.000000	-88.763994	-57.928263	0.002033
707.000000	-73.207196	-9.685050	0.003916
708.000000	76.475893	49.267202	0.001096
709.000000	65.678496	-13.123767	0.000971
710.000000	84.292516	32.102514	0.007716
711.000000	82.185231	53.235445	0.001212
712.000000	77.652601	58.451439	0.011974
713.000000	75.003241	-52.372610	0.006063
714.000000	-68.844014	-64.789366	0.001504
715.000000	85.787376	-88.246000	0.000232
716.000000	66.683960	-43.949053	0.005205
717.000000	76.436191	50.675594	0.002023
718.000000	38.501063	63.277788	0.009465
719.000000	-87.613249	22.471243	0.000863
720.000000	72.730316	62.585993	0.004387
721.000000	82.140388	80.241626	0.002671
722.000000	45.437677	27.126928	0.002003
723.000000	77.224809	0.587696	0.002516
724.000000	68.680968	57.810017	0.005978
725.000000	75.094652	-71.183506	0.007110
726.000000	85.212100	-55.818764	0.000361
727.000000	68.999838	-83.578902	0.012939
728.000000	-90.232280	-73.675489	0.000567
729.000000	62.570721	21.956552	0.002207
730.000000	62.442159	-56.486192	0.025851
731.000000	85.286613	-28.011820	0.020012
732.000000	80.860136	87.099365	0.080590
733.000000	83.784818	36.234234	0.001446
734.000000	85.714889	15.834544	0.004015
735.000000	82.978080	-0.432561	0.000763
736.000000	-88.990763	-19.319065	0.003554
737.000000	-91.403238	-58.819998	0.000363
738.000000	20.696143	58.030839	0.001744
739.000000	70.456030	-80.026933	0.022566
740.000000	-33.269766	-78.484306	0.005778
741.000000	-34.207947	-68.951602	0.057444
742.000000	-64.507344	75.504356	0.009107
743.000000	-73.701705	-66.574313	0.000840
744.000000	-79.282200	-78.179685	0.018910
745.000000	77.182935	-0.379212	0.009089
746.000000	55.289545	-81.282009	0.038870
747.000000	65.371304	25.356954	0.002421
748.000000	70.693260	-52.143785	0.000859
749.000000	-77.454910	63.757354	0.002001
750.000000	63.983524	80.145032	0.010381
751.000000	88.295425	82.757874	0.002434
752.000000	79.022258	0.293478	0.015335
753.000000	77.249897	85.199729	0.000802
754.000000	60.125193	14.723167	0.003090
755.000000	77.401354	-77.092411	0.002690
756.000000	85.797675	21.770630	0.001045
757.000000	67.844491	-24.572336	0.000305
758.000000	63.279406	-57.432182	0.001241
759.000000	89.426505	-83.083432	0.020001
760.000000	-35.889986	-72.291806	0.044957
761.000000	-34.503198	-71.498929	0.001499
762.000000	47.301615	4.665510	0.003323
763.000000	-75.366692	31.478897	0.000763
764.000000	-78.019380	-8.973065	0.002960
765.000000	71.220973	-50.484379	0.001989
766.000000	-72.221870	79.959143	0.033829
767.000000	88.642696	70.898015	0.043128
768.000000	-85.456690	-24.864180	0.008576
769.000000	87.178024	30.604131	0.000589
770.000000	24.816215	5.998497	0.000871
771.000000	-64.281348	-80.725509	0.002110
772.000000	-82.929596	-21.211255	0.018287
773.000000	-32.974838	-80.080877	0.021340
774.000000	-81.022798	-58.392488	0.000080
775.000000	51.812477	-53.761370	0.004124
776.000000	-74.274426	63.528970	0.002300
777.000000	-87.657372	19.315610	0.004988
778.000000	-90.036387	-87.194090	0.002719
779.000000	-90.312434	-51.362846	0.001499
780.000000	-89.942209	-28.525898	0.001585
781.000000	84.075967	13.671209	0.000599
782.000000	-89.847462	7.552299	0.000864
783.000000	74.070453	27.740256	0.000279
784.000000	74.081037	62.014842	0.000825
785.000000	67.501447	-61.667936	0.002851
786.000000	81.355279	9.568391	0.001060
787.000000	-36.251920	61.870268	0.003313
788	grain not analyzable
789.000000	68.368392	56.487645	0.000816
790.000000	-67.934197	-87.044074	0.004299
791.000000	83.300783	30.152786	0.000124
792.000000	46.048478	-16.449713	0.001450
793.000000	-90.501536	80.209726	0.000345
794.000000	62.745521	-9.998525	0.000308
795.000000	67.342901	-10.472143	0.004176
796.000000	-69.139221	61.913913	0.020641
797.000000	-62.962307	10.725725	0.003852
798.000000	64.479078	-41.652636	0.072570
799.000000	56.850349	17.481989	0.061107
800.000000	-84.082392	-14.273756	0.005722
801.000000	61.681289	55.674540	0.003418
802.000000	56.322803	61.854103	0.001571
803.000000	78.989521	-6.086061	0.000265
804.000000	-76.498480	-41.776457	0.001971
