Thin Section: 	C:\Ice Data\2017-02-24-Fri\09.17 677  VTS SPICE

Results: 	C:\Ice Results\2017-02-24-Fri\09.17 677  VTS SPICE\2017-03-07-Tue, 14.45

Sequence Angles: 
xi	phi inner
0	0
45	0
45	-45
45	-90
45	-135
45	-180
45	-225
45	-270
45	-315

Threshold: 
45.000

Grain #		theta		phi	Rsquared

0	grain not analyzable
1.000000	-87.421593	-38.617717	0.002291
2.000000	60.097918	-2.662067	0.004137
3.000000	66.446854	70.872678	0.033407
4.000000	50.494721	50.338899	0.004773
5.000000	88.097884	-3.917310	0.009015
6.000000	56.008843	13.014859	0.019814
7.000000	65.294180	-68.977022	0.017183
8.000000	-85.238774	-51.069924	0.001781
9.000000	61.384023	-58.127953	0.001758
10.000000	71.289497	41.279287	0.007310
11.000000	78.975722	-71.964531	0.003965
12.000000	62.021047	43.031532	0.001624
13	grain not analyzable
14.000000	60.137499	-52.224759	0.004829
15.000000	-88.169110	32.099929	0.004908
16.000000	85.202585	-50.264163	0.008597
17.000000	-67.094431	67.664979	0.017227
18.000000	57.024297	40.190506	0.003094
19.000000	86.172995	13.014845	0.011471
20.000000	75.435391	70.883221	0.000995
21.000000	-81.630029	54.885691	0.003621
22.000000	-74.902824	-25.422708	0.002417
23.000000	50.664033	3.004575	0.007245
24.000000	-79.311498	-62.734617	0.003283
25.000000	80.449833	64.820826	0.001982
26.000000	53.416300	-2.225639	0.010917
27.000000	-84.675488	41.468719	0.019548
28.000000	54.234060	-53.083370	0.003990
29.000000	46.392246	27.177049	0.018882
30.000000	62.547993	19.304551	0.019838
31.000000	-39.303857	-47.291533	0.002279
32.000000	69.963633	-0.454309	0.006833
33.000000	75.122116	23.189590	0.006722
34.000000	-78.467579	-63.117584	0.016548
35.000000	77.185805	-55.551259	0.007477
36.000000	69.078270	-25.652462	0.005786
37.000000	75.879242	77.557841	0.003861
38.000000	63.394182	-31.834891	0.009139
39.000000	57.585803	9.635842	0.008831
40.000000	75.911323	66.765925	0.004571
41.000000	80.090364	18.618054	0.003636
42.000000	-65.657493	69.146524	0.013404
43.000000	-68.500122	84.875546	0.042598
44.000000	-72.695568	5.084301	0.004363
45.000000	-72.362147	-36.065818	0.032006
46.000000	-74.886904	71.082480	0.059641
47.000000	-64.879162	62.035469	0.044982
48.000000	-73.371342	71.266770	0.007716
49.000000	59.489403	-6.006385	0.005972
50.000000	88.608780	-2.105451	0.014544
51.000000	-73.761370	-85.845775	0.009534
52.000000	85.729235	-11.855827	0.010146
53.000000	-69.879436	70.570809	0.016601
54.000000	71.125332	4.018515	0.007269
55.000000	60.810369	65.958989	0.008267
56.000000	87.301615	-76.149682	0.005369
57.000000	-61.649552	75.871927	0.000590
58.000000	79.876371	2.211446	0.002928
59.000000	-64.718041	-88.807738	0.005311
60.000000	57.765719	-6.499723	0.006340
61.000000	64.152538	26.004111	0.001924
62.000000	67.236941	71.978867	0.007908
63.000000	-79.103193	-71.049675	0.001327
64.000000	66.833502	-32.695201	0.015439
65.000000	-74.192946	-61.726385	0.002820
66.000000	81.186147	-41.491621	0.004535
67.000000	80.938924	-47.126863	0.005565
68.000000	70.697835	-32.327480	0.011769
69.000000	88.978713	58.853379	0.001710
70.000000	-71.597456	84.200393	0.010778
71.000000	-75.838188	-63.027187	0.009568
72.000000	61.551470	25.866253	0.014993
73.000000	40.825363	-64.943719	0.002460
74.000000	-58.149649	-74.472626	0.029981
75.000000	-87.787618	-21.874807	0.003271
76.000000	45.392553	74.900568	0.003490
77.000000	88.351747	35.779871	0.002591
78.000000	38.204969	-50.197836	0.004369
79.000000	-78.084014	82.727325	0.009226
80.000000	-68.145086	-18.752881	0.001549
81.000000	43.486731	-6.430697	0.004766
82.000000	-87.414007	83.915986	0.008819
83.000000	70.439182	45.548673	0.006923
84.000000	-75.469014	-44.088517	0.002510
85.000000	69.413430	34.571345	0.011547
86.000000	46.678065	85.850861	0.003428
87.000000	-84.495525	-34.311191	0.004827
88.000000	82.601260	-39.684664	0.004291
89.000000	67.608357	85.228956	0.004199
90.000000	64.025730	-50.001735	0.006460
91.000000	28.805719	-32.349571	0.001794
92.000000	-89.001530	-53.179140	0.003459
93.000000	63.939105	70.268932	0.003139
94.000000	-85.194090	48.297166	0.001409
95.000000	60.162132	-24.535898	0.008467
96.000000	55.903803	55.779837	0.022706
97.000000	56.475893	13.005405	0.011594
98.000000	61.296014	62.535265	0.002252
99.000000	85.585024	-76.180003	0.053138
100.000000	57.810703	33.184973	0.006138
101.000000	-74.100880	-89.104894	0.004510
102.000000	78.460713	6.707217	0.017155
103.000000	85.380283	-39.071046	0.004965
104.000000	87.546820	49.765135	0.004966
105.000000	55.703545	-45.072833	0.005006
106.000000	67.010741	74.394532	0.008455
107.000000	78.728575	-36.463724	0.018330
108.000000	16.197381	27.175368	0.015649
109.000000	42.045574	-38.809551	0.006338
110.000000	41.178569	-54.490922	0.004047
111.000000	66.878137	73.022451	0.004464
112.000000	48.108294	4.285531	0.002461
113.000000	54.988287	-29.162946	0.003545
114.000000	72.110068	-57.838221	0.005947
115.000000	31.975937	35.948526	0.003104
116.000000	85.227257	-80.577180	0.002013
117.000000	-71.805614	87.365536	0.022341
118.000000	76.022826	-25.129422	0.002771
119.000000	-80.688878	80.702588	0.002149
120.000000	89.454504	23.474102	0.007466
121.000000	47.222964	63.880392	0.001253
122.000000	75.018820	4.491228	0.007686
123.000000	49.178057	46.281295	0.003038
124.000000	69.222283	-16.301360	0.010963
125.000000	86.122251	-73.401682	0.000929
126.000000	70.523466	0.157363	0.012799
127.000000	84.773517	3.628342	0.002551
128.000000	80.419324	68.383881	0.019815
129.000000	87.928681	26.825788	0.002698
130.000000	-86.264341	19.784467	0.004525
131.000000	72.543310	-33.573760	0.005183
132.000000	-87.111439	-63.203614	0.001415
133.000000	68.177606	-47.474794	0.008192
134.000000	87.040357	-37.168399	0.002735
135.000000	69.304432	-51.353596	0.023890
136.000000	52.665774	-74.750053	0.004179
137.000000	40.422036	-37.777374	0.523194
138.000000	-77.481251	68.200426	0.029855
139.000000	63.568197	89.550552	0.006933
140.000000	79.595677	-68.408856	0.002322
141.000000	67.150947	32.128945	0.019970
142.000000	49.797780	-14.542359	0.005726
143.000000	87.034441	83.737617	0.007704
144.000000	-70.777042	-85.126917	0.004236
145.000000	89.030903	50.636212	0.006998
146.000000	-86.490941	-17.590767	0.001799
147.000000	-81.867151	59.968296	0.003019
148.000000	76.705476	-16.041031	0.039517
149.000000	43.081384	-53.852923	0.014372
150.000000	-37.986507	-82.399129	0.004675
151.000000	86.362418	82.725584	0.003532
152.000000	70.414781	43.269814	0.009113
153.000000	83.628061	1.399523	0.003007
154.000000	-65.707484	-89.697060	0.002491
155.000000	58.781104	-20.424549	0.020804
156.000000	47.894191	-32.282764	0.005090
157.000000	75.351580	-2.021120	0.013112
158.000000	39.897379	-75.412271	0.002379
159.000000	-79.830688	-21.826038	0.000891
160.000000	84.713347	18.737908	0.002228
161.000000	-88.307044	-34.334968	0.068577
162.000000	-47.718846	70.123555	0.007780
163.000000	50.939409	-17.852444	0.007450
164.000000	-59.977174	-62.765123	0.024701
165.000000	68.506546	-80.281477	0.020578
166.000000	72.558484	-42.355743	0.125305
167.000000	-80.409553	55.775220	0.002868
168.000000	-60.324651	-60.070716	0.014442
169.000000	82.480537	7.537910	0.003767
170.000000	35.304432	-18.072845	0.005001
171.000000	-53.243511	-46.367927	0.003778
172.000000	-73.476568	-86.053215	0.006665
173.000000	52.512727	-50.073637	0.006200
174.000000	70.576381	-81.109505	0.010123
175.000000	79.383347	51.198042	0.027436
176.000000	85.435719	70.667074	0.004726
177.000000	57.148061	-33.340237	0.006587
178.000000	69.274497	-60.138397	0.015668
179.000000	-89.850318	-13.047065	0.001357
180.000000	-90.128258	52.073357	0.003010
181.000000	77.943735	60.356572	0.008406
182.000000	85.273599	-79.753636	0.002941
183.000000	-57.723529	-50.455600	0.003983
184.000000	47.528636	29.662076	0.008560
185.000000	71.807054	33.864241	0.014332
186.000000	74.142129	44.914843	0.003141
187.000000	-86.258614	6.844641	0.002015
188.000000	-74.344528	26.763426	0.045716
189.000000	74.491000	-46.757081	0.012271
190.000000	88.668591	-14.325741	0.003030
191.000000	72.939409	-62.669077	0.006732
192.000000	83.593318	-84.249287	0.003829
193.000000	84.640875	3.632885	0.002159
194.000000	77.854962	86.105438	0.002505
195.000000	-89.001903	-12.918463	0.001934
196.000000	44.172275	-53.884931	0.007571
197.000000	54.068374	-45.956486	0.059026
198.000000	-73.093142	-8.962393	0.001868
199.000000	78.841088	-19.593371	0.006564
200.000000	-60.024063	65.084229	0.005356
201.000000	-88.459220	-31.598585	0.002365
202.000000	88.512969	10.532814	0.003605
203.000000	38.625788	-54.069961	0.009998
204.000000	-83.331409	-50.374562	0.002927
205.000000	88.546160	25.608464	0.002933
206.000000	-80.684917	-76.780665	0.019738
207.000000	-72.893338	75.829628	0.008265
208.000000	58.097918	-44.155723	0.007549
209.000000	-59.981824	65.489403	0.007864
210.000000	-60.242365	-30.918710	0.004334
211.000000	85.444052	-89.033159	0.003998
212.000000	52.281154	-17.770161	0.016669
213.000000	53.527374	36.035502	0.002179
214.000000	88.978539	-11.698968	0.014771
215.000000	79.767672	-16.622274	0.029696
216.000000	79.348742	1.921466	0.005429
217.000000	-66.167873	-87.726439	0.012040
218.000000	86.189881	-50.701169	0.010983
219.000000	51.551470	45.696899	0.002119
220.000000	-84.132855	-87.551470	0.005021
221.000000	45.145320	17.570822	0.004181
222.000000	52.572501	-13.475943	0.006512
223.000000	58.685652	60.114983	0.002582
224.000000	-88.892888	-53.186868	0.005110
225.000000	78.676318	-10.651357	0.008533
226.000000	88.581310	38.801260	0.001156
227.000000	81.980620	84.870578	0.004237
228.000000	-81.166619	-29.342151	0.001598
229.000000	-84.296455	-23.177115	0.001297
230.000000	60.775910	-7.809243	0.009653
231.000000	87.667675	-58.495538	0.004912
232.000000	-83.432188	-73.640525	0.001662
233.000000	40.885691	-15.719436	0.005108
234.000000	-84.227630	61.998265	0.002809
235.000000	36.951194	50.241036	0.014433
236.000000	-83.026057	-23.620661	0.002144
237.000000	67.694250	62.075629	0.009700
238.000000	28.026971	-31.614204	0.062197
239.000000	-85.608638	74.495644	0.002087
240.000000	-62.984555	58.137712	0.010355
241.000000	-73.022204	-56.433852	0.094791
242.000000	67.143372	-30.533093	0.008980
243.000000	56.608780	76.429976	0.000684
244.000000	-67.406366	-57.527137	0.005181
245.000000	-80.068448	-50.024063	0.002587
246.000000	-85.773553	-83.406366	0.006534
247.000000	65.058242	-40.730239	0.006287
248.000000	-78.108575	-4.737886	0.003154
249.000000	62.951161	42.975810	0.024527
250.000000	-71.991157	59.389644	0.008588
251.000000	74.194386	-15.145001	0.020477
252.000000	71.162985	-14.887001	0.007473
253.000000	-62.446842	-52.422509	0.010614
254.000000	-82.832386	80.818235	0.003241
255.000000	72.857909	38.587729	0.013864
256.000000	74.335001	-27.721789	0.002242
257.000000	58.241626	-7.245084	0.002752
258.000000	60.788745	-36.545277	0.014128
259.000000	73.185805	8.961035	0.012154
260.000000	-70.893371	5.696329	0.001278
261.000000	-85.761370	-43.297467	0.002655
262.000000	60.490980	-11.377319	0.002506
263.000000	67.617657	88.090703	0.006647
264.000000	48.917772	-55.693095	0.022942
265.000000	-50.274668	-46.757163	0.022581
266.000000	87.233136	1.260790	0.002762
267.000000	66.958802	-23.471797	0.008750
268.000000	49.894344	3.492351	0.007161
269.000000	48.830510	-30.562323	0.003746
270.000000	85.364194	61.042237	0.004447
271.000000	50.495650	-57.707427	0.012916
272.000000	-86.240061	-88.589426	0.001623
273.000000	-71.735713	-54.257865	0.000991
274.000000	82.189756	-78.409553	0.002634
275.000000	58.977656	-57.217335	0.005637
276.000000	82.154259	69.940885	0.003809
277.000000	-80.707546	21.365171	0.000364
278.000000	74.038054	51.923998	0.010987
279.000000	-82.264915	-75.723509	0.130320
280.000000	83.089882	-77.009083	0.002365
281.000000	36.451385	44.788657	0.003010
282.000000	44.673415	-89.421101	0.002286
283.000000	-26.634399	-59.916758	0.001523
284.000000	-60.732798	-75.573954	0.000807
285.000000	-66.733284	83.766000	0.003793
286.000000	-80.031704	74.045574	0.011247
287.000000	32.251996	18.128205	0.020408
288.000000	79.793130	-87.218842	0.077533
289.000000	82.371697	16.386626	0.002429
290.000000	60.383842	45.282045	0.020025
291.000000	53.066425	-88.912146	0.005315
292.000000	66.648887	67.813008	0.003755
293.000000	-86.200446	-27.588215	0.001218
294.000000	78.018176	26.125068	0.001369
295.000000	45.202585	-90.912654	0.005467
296.000000	54.733225	41.409928	0.002759
297.000000	80.045608	14.292516	0.016853
298.000000	52.117607	-36.276505	0.028702
299.000000	-82.315356	70.815364	0.013118
300.000000	59.852091	70.807690	0.011949
301.000000	60.404318	89.582208	0.001231
302.000000	-26.862068	-56.878521	0.000211
303.000000	58.954152	54.075401	0.102502
304.000000	68.605871	-32.602749	0.006481
305.000000	-84.674111	-86.948731	0.001919
306.000000	90.256593	-57.902043	0.003343
307.000000	-58.722203	31.366474	0.001667
308.000000	85.153830	-39.297515	0.005831
309.000000	70.922435	37.684683	0.015250
310.000000	86.860759	-85.066933	0.005034
311.000000	74.466439	-28.269269	0.013471
312.000000	57.311153	55.425494	0.034154
313.000000	82.616334	-49.311511	0.007408
314.000000	70.085560	83.167635	0.005614
315.000000	-83.374251	-23.534657	0.003267
316.000000	77.272751	11.924370	0.004608
317.000000	79.536169	-47.184067	0.005860
318.000000	75.395510	-49.206605	0.021143
319.000000	-69.613249	30.298449	0.024536
320.000000	64.424008	-34.652363	0.006212
321.000000	52.696143	44.575405	0.004335
322.000000	-84.463831	-26.434761	0.005547
323.000000	-84.046791	83.059929	0.002855
324.000000	73.792000	17.167614	0.001891
325.000000	59.178024	71.286613	0.034469
326.000000	54.848609	-19.803967	0.001368
327.000000	51.398500	-49.799689	0.005267
328.000000	81.963633	-76.533379	0.003045
329.000000	72.922484	78.218946	0.002578
330.000000	47.936202	-81.092657	0.005246
331.000000	53.104956	74.628779	0.003429
332.000000	67.854962	-29.244620	0.007882
333.000000	56.608901	5.851517	0.007279
334.000000	-85.715855	-49.896182	0.004264
335.000000	51.524006	45.978880	0.006535
336.000000	84.833381	-7.476568	0.001670
337.000000	53.404635	83.615045	0.001562
338.000000	75.170524	-41.456569	0.004175
339.000000	-73.553211	14.785754	0.002603
340.000000	-67.568492	-60.719033	0.004542
341.000000	43.822536	35.146297	0.003452
342.000000	-23.432149	-63.725834	0.000359
343.000000	61.963646	-62.968415	0.003082
344.000000	-74.007679	-82.658744	0.007331
345.000000	-58.019380	82.413511	0.009723
346.000000	71.693957	-80.911141	0.012732
347.000000	-68.096230	11.973067	0.003448
348.000000	43.267223	35.645456	0.003851
349.000000	-85.707484	67.362633	0.003239
350.000000	37.049495	-0.728408	0.006261
351.000000	82.506546	38.090403	0.006596
352.000000	-46.378729	11.724438	0.002709
353.000000	-80.707599	45.939144	0.004328
354.000000	-86.505968	-35.366718	0.001167
355.000000	-79.798008	-41.421593	0.001670
356.000000	71.477339	47.234877	0.004519
357.000000	52.033404	-87.391258	0.014403
358.000000	-59.459593	79.847394	0.113723
359.000000	-66.792771	-74.589426	0.000993
360.000000	70.048478	-15.793378	0.003500
361	grain not analyzable
362.000000	27.585803	-5.260797	0.010443
363.000000	68.322818	32.795136	0.009197
364.000000	72.798357	-46.780621	0.003207
365.000000	62.080910	-86.538095	0.006642
366.000000	-79.651123	-9.366731	0.002312
367.000000	-64.307784	-29.934617	0.012719
368.000000	-73.959076	17.920636	0.001123
369.000000	67.523986	40.211711	0.005712
370	grain not analyzable
371.000000	72.874014	-48.819897	0.014225
372.000000	70.978500	79.542878	0.018121
373.000000	80.287833	53.163091	0.007158
374.000000	73.943755	-0.518064	0.007217
375.000000	57.102090	27.282502	0.003418
376.000000	80.433248	53.398924	0.009738
377.000000	77.136108	-51.037842	0.020074
378.000000	56.564908	50.807690	0.002995
379.000000	41.725070	81.521536	0.004094
380.000000	43.291195	-49.779690	0.009725
381.000000	38.500333	57.741622	0.002530
382.000000	-87.513683	11.170651	0.003928
383.000000	81.292401	8.819849	0.002966
384.000000	89.325909	-33.820615	0.002164
385.000000	58.913243	-59.808167	0.020244
386.000000	57.335314	26.628185	0.588651
387.000000	53.220141	-57.846863	0.003886
388.000000	-54.137499	76.387974	0.005817
389.000000	65.943735	32.710438	0.010281
390.000000	89.637582	-23.820615	0.001384
391.000000	-86.877884	27.059103	0.002508
392.000000	79.460251	24.427589	0.001802
393.000000	88.648887	79.803686	0.002493
394.000000	37.457699	-3.403621	0.004080
395.000000	75.032748	89.216431	0.003605
396.000000	39.254884	-27.079763	0.005117
397.000000	83.972946	28.927167	0.014417
398.000000	79.312084	-82.202292	0.010625
399.000000	55.408833	-73.381028	0.008631
400.000000	74.552584	34.547954	0.055526
401.000000	-63.048839	-88.088957	0.030873
402.000000	68.212349	-35.201922	0.011665
403.000000	64.129979	-45.575998	0.007978
404.000000	19.931552	-0.788175	0.007645
405.000000	47.058435	-18.741170	0.004894
406.000000	75.807054	-76.167820	0.005169
407.000000	64.113010	-34.448046	0.009570
408.000000	65.802463	62.127921	0.010577
409.000000	33.992321	32.246183	0.003661
410.000000	-86.571463	48.776421	0.004282
411.000000	-53.630029	48.488130	0.001334
412.000000	84.676285	51.484671	0.002869
413.000000	82.591894	57.421433	0.002668
414.000000	42.217259	86.579237	0.003291
415.000000	-85.543917	-26.686175	0.005051
416.000000	69.350483	20.705470	0.003102
417.000000	68.302979	-17.820780	0.019872
418.000000	87.657212	-84.800271	0.003845
419.000000	56.258508	44.287866	0.002755
420.000000	87.792000	36.621066	0.003061
421.000000	57.451779	-33.362865	0.008075
422.000000	-67.798022	-18.540667	0.004547
423.000000	58.966056	69.454683	0.011265
424.000000	-80.318227	72.968130	0.005579
425.000000	72.914843	24.745544	0.002760
426.000000	45.570309	59.446975	0.006707
427.000000	78.281154	28.885691	0.003045
428.000000	72.424002	10.243280	0.002315
429.000000	80.722675	-13.100244	0.029036
430.000000	-84.088697	27.269581	0.003463
431.000000	-60.137553	-48.710416	0.007525
432.000000	-54.953782	50.313215	0.000211
433.000000	78.540353	-60.815234	0.017137
434.000000	-83.986507	-55.707484	0.001651
435.000000	-72.324651	-35.249855	0.013638
436.000000	82.348877	-11.009122	0.004910
437.000000	-76.339878	-12.639635	0.505543
438.000000	88.219000	-8.733290	0.003117
439.000000	-79.778183	-25.604008	0.002093
440.000000	-59.891706	-83.553158	0.000766
441.000000	69.294195	-42.972991	0.005425
442.000000	88.648887	72.228511	0.006197
443.000000	84.547921	40.907309	0.003173
444.000000	37.842590	-35.943809	0.009332
445.000000	68.650628	-68.613260	0.013821
446.000000	34.478797	-61.316622	0.016595
447.000000	71.637582	34.258508	0.005134
448.000000	79.871742	21.175221	0.007275
449.000000	59.590453	54.015141	0.002377
450.000000	68.214350	-19.524287	0.007333
451.000000	72.981404	13.454650	0.006008
452.000000	68.955926	51.661895	0.004417
453.000000	67.755315	-37.036602	0.008629
454.000000	-87.595682	-17.145021	0.003905
455.000000	74.292516	-69.841091	0.003857
456.000000	56.661178	55.360679	0.002837
457.000000	61.047949	57.129455	1.028112
458.000000	-82.291772	-87.954426	0.002607
459.000000	59.818256	81.812795	0.001376
460.000000	70.941828	8.281187	0.006715
461.000000	49.904932	-54.638913	0.002355
462.000000	-79.041198	41.671634	0.006595
463.000000	89.257436	67.911516	0.002668
464.000000	71.827551	-17.770596	0.003030
465.000000	81.822901	-13.556067	0.025853
466.000000	57.547682	62.862538	0.002672
467.000000	41.355398	33.717223	0.007915
468.000000	-72.550191	20.408882	0.001581
469.000000	-86.627029	49.977717	0.001803
470.000000	56.604097	89.150927	0.000935
471.000000	83.072166	-50.888694	0.013906
472.000000	72.065803	-28.817332	0.005312
473.000000	-69.991157	75.108509	0.017406
474.000000	-73.565622	56.887891	0.006056
475.000000	43.082781	-14.391375	0.012894
476.000000	74.555575	-38.036387	0.003894
477.000000	67.674220	56.805944	0.008643
478.000000	89.439504	-16.477177	0.001225
479.000000	80.386751	72.007102	0.002209
480.000000	81.202585	-82.763092	0.008223
481.000000	89.971287	31.767459	0.001937
482.000000	78.563168	-83.366712	0.005557
483.000000	81.025235	-89.491992	0.008406
484.000000	-87.835317	63.040812	0.001299
485.000000	-89.704575	-59.681673	0.005610
486.000000	-78.354971	-57.623658	0.001514
487.000000	-85.488856	-68.889945	0.002921
488.000000	49.362758	57.236343	0.000469
489.000000	89.847181	-12.681578	0.000769
490.000000	67.292434	-72.587569	0.002853
491.000000	-71.314228	-89.353596	0.009351
492.000000	51.784282	38.068395	0.004244
493.000000	68.740428	-32.363514	0.007296
494.000000	83.648025	-34.934084	0.002658
495.000000	32.733258	39.131363	0.000878
496.000000	-71.420397	56.356836	0.011733
497.000000	-54.782409	48.652833	0.011811
498.000000	-83.006532	-53.499546	0.005531
499.000000	-81.009370	36.507974	0.005600
500.000000	-77.183473	57.301822	0.002646
501.000000	-39.432182	-32.949343	0.005895
502.000000	61.896249	30.214350	0.006501
503.000000	46.930076	31.137879	0.463774
504.000000	76.278245	41.764589	0.003540
505.000000	68.875228	-52.669568	0.014171
506.000000	-49.194051	63.089144	0.015498
507.000000	50.284237	47.644332	0.003028
508.000000	61.057237	13.838188	0.005787
509.000000	74.678026	2.690242	0.004166
510.000000	-68.888829	80.782314	0.002815
511.000000	63.146297	-52.533147	0.005467
512.000000	-87.694151	-54.269126	0.025930
513.000000	-73.363667	-23.207045	0.003337
514.000000	82.197295	79.087172	0.002404
515.000000	60.491000	87.012080	0.007593
516.000000	79.989151	-39.459599	0.009583
517.000000	60.793362	32.266873	0.005017
518.000000	-70.448530	-88.367136	0.006039
519.000000	66.860759	-42.008796	0.004766
520.000000	57.980620	-12.757603	0.004619
521.000000	75.620593	63.269706	0.001931
522.000000	62.352014	-36.415269	0.021026
523.000000	73.684644	45.554884	0.005387
524.000000	32.486317	50.663500	0.000833
525.000000	77.660155	-67.052898	0.006871
526.000000	75.150941	-34.338138	0.005729
527.000000	77.173427	-44.076754	0.005393
528.000000	-68.147909	55.394327	0.015391
529.000000	53.640471	49.134094	0.002548
530.000000	83.799554	-53.181732	0.000791
531.000000	38.325727	24.339636	0.002631
532.000000	57.033126	51.884704	0.003734
533.000000	88.713347	57.117280	0.001753
534.000000	85.943755	-29.966770	0.001893
535.000000	74.694892	-14.422476	0.004423
536.000000	62.466439	-90.232468	0.026734
537.000000	78.793395	14.439685	0.000906
538.000000	62.555527	-34.021120	0.064241
539.000000	52.189437	-1.239140	0.002665
540.000000	86.201939	-2.903555	0.002349
541.000000	53.284847	-43.089802	0.006268
542.000000	83.181640	84.265423	0.004211
543.000000	29.712713	57.721939	0.002865
544.000000	61.856556	-14.461750	0.003858
545.000000	63.680033	-80.685995	0.008276
546.000000	63.494038	62.832710	0.013115
547.000000	-80.011596	-11.491714	0.001870
548.000000	63.548561	-0.521335	0.005255
549.000000	73.743180	-9.961913	0.001704
550.000000	73.029812	48.063745	0.005277
551.000000	-60.684336	80.745636	0.005690
552.000000	83.871742	52.822918	0.002784
553.000000	71.418094	-40.345605	0.008579
554.000000	69.041974	-17.436799	0.002502
555.000000	72.315336	-54.181590	0.026205
556.000000	66.508286	8.801260	0.005591
557.000000	36.302979	17.871834	0.006078
558.000000	68.938919	-85.957296	0.007390
559.000000	-73.067020	-81.565394	0.003024
560.000000	56.250872	-55.184297	0.003151
561.000000	33.126713	4.040909	0.003893
562.000000	-66.145033	76.538627	0.003904
563.000000	-85.257360	70.356572	0.003388
564.000000	-53.687567	-59.473161	0.008875
565.000000	84.644237	-30.194738	0.003767
566.000000	-84.713359	76.919526	0.005048
567.000000	53.773480	-13.613108	0.003755
568.000000	-88.799108	-36.419392	0.000978
569.000000	28.521320	-28.246014	0.003756
570.000000	82.631529	6.116259	0.004259
571.000000	75.755363	-16.076002	0.002722
572.000000	51.153759	-82.795526	0.005607
573.000000	78.219000	15.815347	0.002551
574.000000	85.222322	8.624129	0.001104
575.000000	36.238630	-1.241717	0.001061
576.000000	81.501619	10.307623	0.003399
577.000000	-64.014730	86.061153	0.009529
578.000000	-83.473697	-4.531924	0.002907
579.000000	-87.487031	-74.568050	0.014526
580.000000	85.032748	61.273599	0.003375
581.000000	73.041995	34.501545	0.006827
582.000000	-79.086931	-38.828993	0.004290
583.000000	53.628288	-61.541008	0.020295
584.000000	60.682748	82.394479	0.002912
585.000000	58.913210	85.966697	0.001365
586.000000	54.676285	69.854103	0.001381
587.000000	88.085540	68.960576	0.006646
588.000000	43.084580	14.270697	0.006282
589.000000	62.933019	63.687804	0.006707
590.000000	56.160286	3.140488	0.108545
591.000000	40.511229	-29.202566	0.005609
592.000000	63.178110	-19.767566	0.006231
593.000000	25.961893	54.535649	0.003297
594.000000	-59.378895	-65.951836	0.007855
595.000000	65.622334	-73.919090	0.009045
596.000000	72.753136	77.689366	0.020357
597.000000	64.307569	-16.847563	0.017192
598.000000	-83.974270	-61.209514	0.000993
599.000000	70.742591	81.076926	0.019023
600.000000	83.859591	88.665856	0.019229
601.000000	53.948559	-53.519604	0.002905
602.000000	77.993615	79.382250	0.003494
603.000000	-90.208000	52.665702	0.006204
604.000000	73.400140	-46.309896	0.009120
605.000000	60.932980	-44.038765	0.006641
606.000000	74.276504	-73.692338	0.002354
607.000000	51.765980	18.486833	0.007152
608.000000	81.034494	-31.059500	0.002368
609.000000	-49.753757	81.358216	0.007947
610.000000	-77.194090	72.250780	0.010445
611.000000	-65.974270	-70.785271	0.019397
612.000000	-57.854929	-70.607113	0.000373
613.000000	46.528043	45.081305	0.003932
614.000000	71.185838	30.093273	0.003266
615.000000	69.867130	64.148083	0.019051
616.000000	83.797780	-28.028761	0.011011
617.000000	77.765980	-87.830886	0.004650
618.000000	65.395510	-51.036515	0.009367
619.000000	62.374654	-12.483094	0.002425
620.000000	-60.838682	-27.632986	0.016437
621.000000	48.767207	30.410785	0.002988
622.000000	34.028639	4.615160	0.006465
623.000000	69.787371	14.988008	0.004377
624.000000	72.337910	17.838371	0.000764
625.000000	-89.112529	-83.800613	0.003834
626.000000	87.082489	-61.114222	0.004223
627.000000	-78.992217	79.926237	0.010876
628.000000	67.876371	63.442341	0.001889
629.000000	82.426878	-30.897748	0.002476
630.000000	85.155571	62.902626	0.001124
631.000000	71.280649	30.523061	0.023132
632.000000	50.857124	-49.245369	0.006749
633.000000	81.440580	-30.833825	0.005097
634.000000	55.896255	81.845853	0.002152
635.000000	-69.635895	33.585024	0.002948
636.000000	29.844373	-22.626045	0.001081
637.000000	-61.600326	-72.913780	0.015262
638.000000	44.093273	62.463622	0.008433
639.000000	23.082807	-64.440304	0.001764
640.000000	82.995214	50.841055	0.002686
641.000000	-82.448530	-10.905187	0.011556
642.000000	86.065836	59.613054	0.001707
643.000000	88.021047	76.890315	0.010170
644.000000	-89.585272	44.196351	0.005803
645.000000	60.160038	-56.890187	0.004040
646.000000	-59.689468	-28.162644	0.026050
647.000000	52.073396	-80.686149	0.007479
648.000000	65.597968	20.443879	0.017952
649.000000	-79.870021	-81.583585	0.002006
650.000000	46.601260	74.317134	0.084297
651.000000	60.813590	-78.224070	0.012403
652.000000	64.132834	-37.119312	0.007113
653.000000	59.832127	84.255604	0.002923
654.000000	65.106769	12.572501	0.042821
655.000000	-62.193444	65.948998	0.009512
656.000000	66.498554	-69.929054	0.004220
657.000000	82.584219	-88.512151	0.001694
658.000000	84.910159	41.389697	0.002747
659.000000	-88.220183	-63.969674	0.001899
660.000000	72.040924	85.903803	0.005111
661.000000	-79.778183	-54.498381	0.002742
662.000000	84.411839	1.824594	0.035290
663.000000	-47.132080	-86.224599	0.002097
664.000000	76.535718	65.827530	0.001062
665.000000	21.889859	-62.391961	0.032101
666.000000	60.963573	-53.923613	0.003842
667.000000	62.327540	-58.998151	0.003519
668.000000	56.555634	53.789382	0.002554
669.000000	-65.048428	55.525891	0.010224
670.000000	81.627222	11.320838	0.061316
671.000000	77.277314	-83.151744	0.040679
672.000000	-61.867151	-71.912539	0.017915
673.000000	75.072166	-69.077516	0.006495
674.000000	71.674220	66.996934	0.006475
675.000000	75.190488	58.284145	0.002763
676.000000	-90.912882	-19.194051	0.001060
677.000000	63.847181	-20.708729	0.003397
678.000000	38.120477	35.140663	0.002890
679.000000	28.998558	7.835036	0.008127
680.000000	57.267256	32.274219	0.001398
681.000000	82.596577	-45.682692	0.004862
682.000000	-83.159119	-65.161516	0.001681
683.000000	69.495129	38.742591	0.009059
684.000000	-73.067020	-18.827417	0.005752
685.000000	-80.439256	-58.063798	0.001032
686.000000	68.327414	84.995508	0.006582
687.000000	-81.461373	-42.332995	0.004701
688.000000	73.820030	67.370219	0.002861
689.000000	89.217672	71.777232	0.009378
690.000000	82.339651	39.274458	0.003917
691.000000	65.018666	80.951249	0.006232
692.000000	37.703545	67.567067	0.004252
693.000000	75.738530	-15.272642	0.007036
694.000000	69.464881	38.068746	0.002423
695.000000	-46.796410	43.358276	0.010042
696.000000	-81.946872	-37.899212	0.003909
697.000000	37.590766	-30.423350	0.001945
698.000000	68.898015	73.247345	0.010252
699.000000	63.741386	-58.498355	0.014621
700.000000	-79.072833	62.085714	0.003193
701.000000	-68.060895	64.348877	0.006284
702.000000	-76.237152	83.317098	0.009711
703.000000	77.228312	8.945304	0.003796
704.000000	39.180122	-7.095441	0.017087
705.000000	81.371230	-45.306707	0.003381
706.000000	-81.558971	-10.728412	0.002375
707.000000	53.488577	55.847468	0.005476
708.000000	62.456083	52.995208	0.005161
709.000000	45.319519	-41.850191	0.009269
710.000000	60.038054	-49.546874	0.004127
711.000000	82.177606	40.090364	0.003388
712.000000	-50.865800	-67.596275	0.006715
713.000000	71.528636	48.111629	0.005399
714.000000	88.588903	60.008354	0.036161
715.000000	-74.834073	-25.966557	0.006011
716.000000	83.496870	-62.506034	0.003426
717.000000	55.628321	-51.900125	0.006966
718.000000	75.380370	75.469824	0.002818
719.000000	78.789358	-15.086790	0.025083
720.000000	-87.841091	68.030326	0.011468
721.000000	84.002909	-1.997057	0.042301
722.000000	86.327447	65.466655	0.011044
723.000000	84.389621	23.507831	0.004134
724.000000	57.512194	15.392113	0.005089
725.000000	-84.547303	56.152766	0.002338
726.000000	72.997944	43.000371	0.002093
727.000000	-90.530629	70.096144	0.002710
728.000000	82.061153	-81.951522	0.003620
729.000000	66.483447	-51.367030	0.001983
730.000000	79.844364	40.532847	0.004130
731.000000	-84.602817	-21.456690	0.007610
732.000000	67.792000	-77.234075	0.010176
733.000000	-90.373069	66.005939	0.002953
734.000000	-89.914460	45.501619	0.102117
735.000000	79.654342	-20.051582	0.001628
736.000000	-63.299174	57.372903	0.001279
737.000000	88.656441	-49.824946	0.003188
738.000000	-86.916807	-50.708563	0.002888
739.000000	84.778161	-89.663306	0.002351
740.000000	39.530680	-3.360554	0.011680
741.000000	58.933184	-33.714229	0.001573
742.000000	69.140846	-30.913780	0.003669
743.000000	79.185805	-30.033478	0.004479
744.000000	71.307335	52.160266	0.005099
745.000000	86.644237	-71.299648	0.001381
746.000000	77.196640	75.918916	0.012504
747.000000	78.105438	90.189789	0.002316
748.000000	49.402957	25.719647	0.003368
749.000000	74.941828	-73.814802	0.004526
750.000000	-74.604490	-88.301384	0.003407
751.000000	42.189881	-81.057546	0.002843
752.000000	50.873137	30.992483	0.006208
753.000000	71.859612	84.618162	0.050431
754.000000	85.289551	84.887891	0.013530
755.000000	-75.291620	64.756127	0.018260
756.000000	66.446789	8.804885	0.011634
757.000000	63.153830	10.515508	0.010702
758.000000	-82.024063	83.948559	0.001487
759.000000	-66.200446	-74.172449	0.001969
760.000000	61.679682	86.972866	0.447543
761.000000	-60.287122	-41.142097	0.007574
762.000000	58.493870	-47.746050	0.004366
763.000000	-80.160266	-41.825231	0.004567
764.000000	83.469459	-70.773276	0.003894
765.000000	56.538666	-7.490766	0.003752
766.000000	68.117621	58.980454	0.002088
767.000000	52.810402	53.012167	0.002243
768.000000	55.697639	-32.063956	0.111961
769.000000	70.623975	-28.038481	0.006162
770.000000	73.513688	-25.894369	0.010302
771.000000	82.764096	-67.879894	0.001806
772.000000	-82.631674	13.202585	0.013101
773.000000	60.291719	-27.296603	0.010798
774.000000	67.545691	-41.651090	0.003289
775.000000	58.716054	1.872398	0.001962
776.000000	80.952845	1.599467	0.001275
777.000000	-70.359582	-75.548528	0.010722
778.000000	74.214089	-71.902082	0.005193
779.000000	86.498554	52.160000	0.006521
780.000000	-86.169560	-59.653912	0.002026
781.000000	-82.271894	-73.741667	0.003529
782.000000	53.687533	24.893365	0.002987
783.000000	84.473993	63.777581	0.001172
784.000000	51.530376	45.162985	0.006880
785.000000	46.990917	25.073723	0.005267
786.000000	87.886795	-29.994148	0.001395
787.000000	69.835084	-48.172416	0.005340
788.000000	81.741386	-66.602764	0.002344
789.000000	46.644204	66.367242	0.003049
790.000000	37.395490	28.308532	0.025828
791.000000	-67.223579	10.424235	0.015329
792.000000	54.501670	44.780804	0.000899
793.000000	56.105598	-45.223932	0.003598
794.000000	80.840934	-79.936608	0.002229
795.000000	-79.223579	-45.494246	0.020531
796.000000	55.770596	2.169579	0.009682
797.000000	-88.296417	-45.886849	0.124070
798.000000	73.072166	-34.296422	0.003125
799.000000	68.423969	-40.167873	0.008285
800.000000	70.665510	9.901676	0.008345
801.000000	-79.605749	-38.496542	0.004240
802.000000	-82.036387	-4.812649	0.007531
803.000000	67.879242	-1.527104	0.002800
804.000000	54.507833	-14.301944	0.037908
805.000000	86.491000	-24.142961	0.001776
806.000000	65.802463	45.620647	0.006897
807.000000	-81.665047	-36.587097	0.003508
808.000000	72.825827	-38.487176	0.006232
809.000000	55.220542	-41.286796	0.011268
810.000000	68.868804	8.409407	0.001511
811.000000	85.158824	48.708521	0.002905
812.000000	45.355279	-14.720577	0.001958
813.000000	-65.909636	-82.745420	0.017087
814.000000	-84.851751	-40.244406	0.005839
815.000000	55.948559	42.960576	0.003868
816.000000	-85.398740	-38.306541	0.000666
817.000000	37.846153	-32.310667	0.002322
818.000000	72.576415	-4.150494	0.000676
819.000000	-66.500294	1.587987	0.009189
820.000000	-14.038122	-89.948574	0.039718
821.000000	48.285837	-14.974631	0.007246
822.000000	18.316433	79.385115	0.019854
823.000000	-71.573122	61.384023	0.008421
824.000000	-73.484160	71.820030	0.003788
825.000000	51.936235	-17.499726	0.011818
826.000000	47.227069	88.598212	0.001163
827.000000	-85.444473	59.676318	0.005425
828.000000	70.261276	58.843573	0.003351
829.000000	69.693689	-30.639120	0.003412
830.000000	-87.311498	-75.033161	0.001272
831.000000	59.038544	55.463103	0.004963
832.000000	86.137446	-75.942209	0.000915
833.000000	56.515912	-18.276259	0.002571
834.000000	-87.436866	60.231415	0.006573
835.000000	-86.214317	-25.632899	0.021230
836.000000	90.174769	-15.559024	0.001820
837.000000	51.740559	40.755695	0.001527
838.000000	74.821177	6.226732	0.002295
839.000000	-79.822322	66.953361	0.002390
840.000000	68.460719	-39.585818	0.005082
841.000000	83.143335	78.380938	0.003647
842.000000	-90.676697	1.528950	0.002118
843.000000	43.294127	-63.334631	0.045899
844.000000	77.341242	61.158761	0.003178
845.000000	84.547993	-36.409268	0.030568
846.000000	-89.452007	-15.685595	0.008479
847.000000	-82.634491	-26.261432	0.003534
848.000000	70.977206	-5.818077	0.042051
849.000000	81.430370	-23.652616	0.004968
850.000000	39.066590	-13.548528	0.002591
851.000000	81.953209	82.463530	0.006048
852.000000	-72.688015	61.250110	0.023845
853.000000	81.943735	-77.942209	0.004075
854.000000	59.375933	16.491812	0.003260
855.000000	44.318327	53.047543	0.003336
856.000000	74.001169	-73.439775	0.005205
857.000000	67.551417	56.093273	0.004295
858.000000	56.330570	23.574175	0.015332
859.000000	72.347136	11.802622	0.004868
860.000000	-86.019380	-85.019546	0.012164
861.000000	57.372188	12.930799	0.002353
862.000000	-86.815490	54.780534	0.002669
863.000000	73.481921	6.872784	0.013617
864.000000	-78.359529	82.870125	0.003690
865.000000	73.841503	11.988180	0.002658
866.000000	59.543950	-55.951537	0.014378
867.000000	45.480080	-4.500114	0.002474
868.000000	44.197522	-49.786542	0.002725
869.000000	79.956113	34.371712	0.001625
870.000000	84.114664	-85.249773	0.001561
871.000000	-82.332345	-30.760845	0.002585
872.000000	66.451385	-81.082107	0.009591
873.000000	-82.378783	65.891679	0.011342
874.000000	60.330531	58.728374	0.002367
875.000000	83.608357	-46.407383	0.086418
876.000000	83.543917	-47.254417	0.005209
877.000000	45.807686	22.572462	0.002966
878.000000	87.053592	-84.033337	0.001934
879.000000	67.452697	-3.084977	0.015026
880.000000	55.657251	66.342734	0.005698
881.000000	82.142129	-48.792738	0.025151
882.000000	79.344166	80.567851	0.002169
883.000000	45.688018	-13.839714	0.002207
884.000000	56.577151	5.962013	0.006829
885.000000	-73.359158	75.618197	0.002828
886.000000	-87.942209	-61.889986	0.000595
887.000000	64.676285	56.438742	0.010148
888.000000	51.272490	-46.500055	0.011519
889.000000	84.801299	-49.224250	0.002501
890.000000	63.073762	64.558738	0.002049
891.000000	-76.915785	-64.404372	0.004322
892.000000	82.149662	-62.908377	0.004700
893.000000	71.284901	-83.969181	0.066915
894.000000	80.570721	-50.892888	0.000885
895.000000	-78.041017	76.842796	0.004862
896.000000	82.001169	49.454504	0.004449
897.000000	-44.364179	-12.530102	0.001202
898.000000	87.747756	33.128507	0.001546
899.000000	78.588936	45.403305	0.014452
900.000000	86.145032	-29.687573	0.009973
901.000000	67.767720	45.812510	0.007913
902.000000	-85.359125	-53.976681	0.002040
903.000000	55.224492	-18.710221	0.001481
904.000000	77.877028	-4.431576	0.002500
905.000000	57.026076	-56.143168	0.002259
906.000000	77.217638	84.566575	0.009425
907.000000	-82.950384	-64.973305	0.001030
908.000000	87.435020	-24.977002	0.006921
909.000000	80.520562	-47.690225	0.001373
910.000000	71.571585	-36.144979	0.003387
911.000000	53.616196	-0.347319	0.003065
912.000000	75.956113	42.702567	0.004262
913.000000	80.332044	71.148104	0.003434
914.000000	66.565001	21.631845	0.004146
915.000000	56.740899	-17.051730	0.005146
916.000000	86.662870	1.644257	0.010949
917.000000	-67.731029	-36.847531	0.003435
918.000000	-85.949742	-6.377719	0.002134
919.000000	48.730355	54.468876	0.006919
920.000000	85.689294	-55.969641	0.002424
921.000000	53.125279	-6.227949	0.005687
922.000000	62.273561	-87.687573	0.006612
923.000000	-71.388349	-47.900071	0.004121
924.000000	61.439769	-36.714871	0.003983
925.000000	66.307662	-3.820350	0.003998
926.000000	-79.311532	-69.967866	0.030180
927.000000	82.718030	-44.535670	0.000442
928.000000	43.570807	-44.178761	0.005972
929.000000	-69.218896	-84.531074	0.004598
930.000000	-90.446857	-4.690538	0.010581
931.000000	72.661178	-82.666064	0.005183
932.000000	50.776387	-1.262092	0.003977
933.000000	43.922258	50.678098	0.023515
934.000000	-88.108575	-79.563621	0.041677
935.000000	71.101481	-75.798867	0.002191
936.000000	75.194714	13.607619	0.009123
937.000000	48.036313	38.053200	0.045378
938.000000	52.601227	-1.891499	0.004986
939.000000	69.881514	-53.807916	0.054895
940.000000	73.118140	42.197556	0.003991
941.000000	73.911303	-33.733939	0.002351
942.000000	-79.364605	-63.956534	0.001083
943.000000	-89.269733	-74.772479	0.003399
944.000000	74.947084	-85.581026	0.007740
945.000000	-80.978574	-78.609366	0.002895
946.000000	-52.438820	-86.684164	0.007137
947.000000	77.110349	-82.472176	0.007579
948.000000	62.310653	-28.410092	0.004287
949.000000	-59.713989	-82.125155	0.002855
950.000000	61.041985	-53.266667	0.001762
951.000000	-89.652669	30.768394	0.002523
952.000000	65.437677	-61.351904	0.005490
953.000000	71.267840	-71.839787	0.007672
954.000000	79.350370	69.086956	0.040507
955.000000	-71.785650	-16.569776	0.007854
956.000000	83.464243	59.207429	0.000719
957.000000	43.564517	-3.271790	0.000556
958.000000	84.214089	-19.169529	0.001322
959.000000	64.466634	59.415142	0.002580
960.000000	49.956113	-60.625217	0.002044
961.000000	-58.053215	83.906833	0.001724
962.000000	41.330723	-6.757661	0.003935
963.000000	-87.648253	-12.318260	0.005294
964.000000	-75.645082	-46.656081	0.001580
965.000000	-85.342151	90.211537	0.059856
966.000000	88.370112	19.019613	0.002294
967.000000	71.287946	60.329053	0.003140
968.000000	89.135926	-29.449015	0.007631
969.000000	-74.802065	-39.661949	0.004242
970.000000	83.452677	-22.504459	0.002824
971.000000	-80.137784	55.689453	0.003020
972.000000	75.886795	0.018176	0.001612
973.000000	86.653199	60.082922	0.002076
974.000000	-60.352028	-44.212311	0.043890
975.000000	-75.311498	-47.822954	0.004267
976.000000	78.540620	36.339635	0.001867
977.000000	84.013526	-0.493731	0.075539
978.000000	-74.078500	-78.513719	0.000500
979.000000	-85.246831	-7.071046	0.032423
980.000000	81.452817	-23.239037	0.002163
981.000000	77.479297	78.535265	0.033329
982.000000	64.137464	-59.174206	0.001801
