Thin Section: 	C:\Ice Data\2017-02-24-Fri\11.04 1119  VTS SPICE

Results: 	C:\Ice Results\2017-02-24-Fri\11.04 1119  VTS SPICE\2017-03-07-Tue, 14.45

Sequence Angles: 
xi	phi inner
0	0
45	0
45	-45
45	-90
45	-135
45	-180
45	-225
45	-270
45	-315

Threshold: 
45.000

Grain #		theta		phi	Rsquared

0.000000	47.463668	-46.553246	0.006397
1.000000	69.427413	-68.463249	0.001401
2.000000	52.025696	47.936235	0.002610
3.000000	64.332044	-9.459599	0.018717
4.000000	88.705476	-85.768552	0.012623
5.000000	66.943608	52.350288	0.005808
6.000000	79.689307	67.916445	0.003156
7.000000	88.793395	76.898015	0.001169
8.000000	39.830122	-51.967294	0.012440
9.000000	53.630246	-31.007117	0.010153
10.000000	81.022998	56.350759	0.000975
11.000000	17.779817	19.427321	0.008891
12.000000	58.925426	14.035469	0.027022
13.000000	59.049790	-58.053519	0.007463
14.000000	53.481974	27.742407	0.176416
15.000000	71.683871	78.830877	0.003000
16.000000	73.483782	77.403305	0.002981
17.000000	37.297031	-17.545744	0.013063
18.000000	79.870034	-78.417787	0.005333
19.000000	35.580400	-58.354704	0.008112
20.000000	66.486317	69.625471	0.003251
21.000000	81.778076	-38.842636	0.002179
22.000000	62.850388	71.569064	0.003984
23.000000	69.996519	25.380438	0.000679
24.000000	45.725037	-7.812850	0.002095
25.000000	46.152805	-58.781091	0.001207
26.000000	81.516592	-60.145194	0.027561
27.000000	58.640983	43.477573	0.001879
28.000000	49.416703	23.963287	0.004109
29.000000	66.129979	-53.097374	0.007544
30.000000	48.910291	-33.807516	0.014414
31.000000	52.681089	7.431988	0.003345
32.000000	62.446789	-62.558883	0.007929
33.000000	32.175272	-11.434521	0.002498
34.000000	-67.288034	71.471768	0.004827
35.000000	67.132853	-69.911761	0.050296
36.000000	75.489475	-59.146741	0.002488
37.000000	31.389032	-39.887362	0.108733
38.000000	68.374742	-57.027134	0.001656
39.000000	89.619890	28.827886	0.002531
40.000000	59.169940	-60.243163	0.007526
41.000000	43.805333	49.464969	0.004913
42.000000	67.968296	-47.616158	0.016839
43.000000	55.528225	-7.729435	0.003159
44.000000	27.983524	8.057791	0.004139
45.000000	65.864188	83.577524	0.002792
46.000000	51.453256	13.396709	0.006448
47.000000	72.383881	38.117835	0.009622
48.000000	-75.228263	-80.274426	0.002147
49.000000	65.936202	56.911939	0.005426
50.000000	59.936235	-29.094470	0.003636
51.000000	76.206622	-35.865425	0.005086
52.000000	47.269581	28.082690	0.004597
53.000000	61.905901	2.110333	0.024995
54.000000	75.713690	53.725467	0.015961
55.000000	59.394612	6.486018	0.007867
56.000000	62.416415	-57.830688	0.046277
57.000000	46.720934	-23.456743	0.004069
58.000000	76.212349	11.825931	0.008020
59.000000	-89.456536	84.575392	0.006311
60.000000	80.364105	-64.844376	0.027477
61.000000	58.325727	20.250872	0.007746
62.000000	46.021047	-11.189319	0.029371
63.000000	65.785630	-73.891532	0.227299
64.000000	77.055551	80.954637	0.006821
65.000000	60.535790	60.123575	0.005617
66.000000	-87.006101	-71.664960	0.001557
67.000000	64.608780	69.963672	0.004353
68.000000	48.753136	25.899212	0.000947
69.000000	51.813606	-24.945000	0.004488
70.000000	69.010214	49.462257	0.002663
71.000000	40.088449	32.547622	0.004250
72.000000	79.135838	-75.503718	0.000891
73.000000	59.288183	60.556171	0.006898
74.000000	77.254858	84.027804	0.001547
75.000000	75.871780	71.999913	0.007293
76.000000	62.295386	-45.838188	0.010779
77.000000	-74.765123	78.508319	0.011829
78.000000	-88.217564	-55.832174	0.026681
79.000000	82.660719	-86.947848	0.003051
80.000000	83.430224	-70.414922	0.001672
81.000000	57.711137	-42.234054	0.003003
82.000000	55.089144	41.700414	0.005727
83.000000	59.543689	40.100948	0.038697
84.000000	87.854576	-82.993888	0.002790
85.000000	81.712878	-84.207913	0.001134
86.000000	60.085632	50.963485	0.009842
87.000000	29.198220	-54.882724	0.009237
88	grain not analyzable
89.000000	-85.924864	-89.063985	0.002344
90.000000	50.379197	-28.534925	0.006656
91.000000	59.642159	-61.234075	0.006949
92.000000	71.143783	46.592379	0.013483
93.000000	90.295425	65.072204	0.001393
94.000000	87.067951	61.708566	0.012671
95.000000	57.632106	-38.355478	0.003770
96.000000	86.737908	-68.069685	0.002289
97.000000	37.899120	42.803007	0.012327
98.000000	48.584219	-18.582785	0.021571
99.000000	60.971039	-19.077457	0.008614
100.000000	63.232312	41.946644	0.004901
101.000000	30.147942	-13.078720	0.006442
102.000000	55.714007	51.015458	0.038937
103.000000	-88.550140	86.122710	0.090249
104.000000	44.541171	18.692337	0.032878
105.000000	-85.994148	-73.249773	0.013853
106.000000	73.269581	-40.155723	0.002882
107.000000	-86.105491	-82.157324	0.000698
108.000000	52.235136	29.782905	0.004537
109.000000	73.827530	-82.629781	0.002615
110.000000	50.720704	9.786544	0.004191
111.000000	87.885055	75.801202	0.017300
112.000000	63.611712	-87.518226	0.194728
113.000000	66.810402	43.010774	0.005160
114.000000	79.015478	-48.666553	0.002160
115.000000	47.283970	-55.932012	0.046984
116.000000	36.253683	7.341256	0.011273
117.000000	79.547537	-87.590501	0.004595
118.000000	78.221943	-87.454193	0.040041
119.000000	59.923998	51.313825	0.002519
120.000000	70.901040	-72.789325	0.004199
121.000000	-89.323682	84.957628	0.002072
122.000000	28.180548	-43.980209	0.003367
123.000000	57.971287	-25.595682	0.015620
124.000000	59.975937	-27.867151	0.021635
125.000000	-57.104043	80.792583	0.002986
126.000000	60.611772	-82.489042	0.003222
127.000000	57.243560	-23.924404	0.015256
128.000000	56.212349	49.252893	0.002123
129.000000	78.330410	50.934759	0.002682
130.000000	46.068746	-73.279066	0.008823
131.000000	-68.584979	85.474736	0.033122
132.000000	47.504475	44.135459	0.003633
133.000000	80.608780	-21.306707	0.005465
134.000000	47.289497	-23.874839	0.004012
135.000000	83.420983	-76.510419	0.002843
136.000000	72.700813	-58.854621	0.000322
137.000000	-33.010824	24.693332	0.219031
138.000000	65.059914	-70.986335	0.017056
139.000000	73.200264	51.247085	0.002107
140.000000	77.420983	35.338564	0.019731
141.000000	50.908560	21.554163	0.003591
142.000000	52.315162	-57.462151	0.003011
143.000000	47.622638	14.276584	0.002432
144.000000	58.045608	-66.912953	0.006247
145.000000	38.164722	11.259174	0.003934
146.000000	77.867145	-76.750016	0.017433
147.000000	81.822901	-63.177115	0.005018
148.000000	51.445091	5.163218	0.005568
149.000000	46.793307	-37.765230	0.006761
150.000000	70.793161	74.088542	0.003143
151.000000	69.859559	-25.280229	0.044434
152.000000	-63.106755	77.785683	0.013867
153.000000	-77.286707	79.199714	0.022885
154.000000	48.327540	-27.906760	0.007043
155.000000	63.971287	54.235726	0.004652
156.000000	68.560225	-58.788121	0.010165
157.000000	23.091623	19.657212	0.002452
158.000000	56.152625	-36.962307	0.036997
159.000000	-78.480570	66.221682	0.009136
160.000000	50.033404	-76.389816	0.013150
161.000000	41.172849	-85.889628	0.307499
162.000000	66.454342	-45.543931	0.001548
163.000000	52.120564	-37.204054	0.007407
164.000000	61.372956	57.587775	0.009515
165.000000	69.565341	-77.781317	0.007921
166.000000	57.539039	-25.543652	0.009273
167.000000	53.936202	-88.832386	0.034605
168.000000	53.075054	-27.348946	0.007907
169.000000	67.903803	-44.235411	0.003700
170.000000	41.611692	9.414084	0.005540
171.000000	57.353299	-54.702387	0.032197
172.000000	76.564908	88.658181	0.001556
173.000000	54.801069	-6.819264	0.002968
174.000000	68.253704	-52.856493	0.017015
175.000000	70.550864	-59.984356	0.003892
176.000000	52.339831	-14.614087	0.006449
177.000000	51.460905	-80.830837	0.052595
178.000000	60.838064	69.916219	0.003400
179.000000	67.464774	-45.545691	0.005540
180.000000	82.167592	44.495683	0.006252
181.000000	60.765925	-50.333508	0.020200
182.000000	58.172995	-43.851892	0.003250
183.000000	59.143459	-37.134417	0.002464
184.000000	74.401925	71.030179	0.002558
185.000000	51.460251	43.252028	0.002046
186.000000	75.624353	63.575679	0.003814
187.000000	43.242788	38.195062	0.002455
188.000000	44.115914	13.227179	0.005975
189.000000	-86.187518	-88.040978	0.009407
190.000000	39.052558	-49.875741	0.007051
191.000000	70.045574	-76.279622	0.076984
192.000000	44.671323	-15.233099	0.003326
193.000000	79.693459	89.207132	0.003626
194.000000	-79.548615	-77.057369	0.010580
195.000000	87.501571	-89.343472	0.004320
196.000000	-82.890467	-82.622133	0.000535
197.000000	53.384188	56.905569	0.002327
198.000000	73.612423	-38.557274	0.068438
199.000000	39.146297	-28.371209	0.005043
200.000000	70.085540	-65.583532	0.009894
201.000000	75.175153	-54.481542	0.026080
202.000000	89.571100	-68.045178	0.001434
203.000000	76.194439	-67.934197	0.003899
204.000000	85.286545	-86.005482	0.009418
205.000000	75.681773	58.090101	0.004298
206.000000	48.760390	4.179597	0.003343
207.000000	44.955787	-36.618808	0.003287
208.000000	63.129550	27.244475	0.006697
209.000000	59.703583	-76.822613	0.031554
210.000000	68.693185	67.867118	0.001564
211.000000	-86.172449	-65.019546	0.000749
212.000000	75.936235	84.830471	0.002279
213.000000	60.523553	52.728278	0.323658
214.000000	52.532847	-89.692256	0.010425
215.000000	64.503183	-48.112992	0.020967
216.000000	62.818186	34.873137	0.013360
217.000000	79.240690	-67.271392	0.001118
218.000000	53.363796	28.053167	0.004815
219.000000	78.061153	75.234910	0.000980
220.000000	59.454510	-6.620441	0.037422
221.000000	70.854443	33.378451	0.004719
222.000000	-89.961946	81.799554	0.001739
223.000000	-87.061306	80.080545	0.004626
224.000000	-81.998831	-83.897432	0.001339
225.000000	49.217089	-57.627704	0.002744
226.000000	57.845440	-44.406784	0.004418
227.000000	54.192839	62.992322	0.002521
228.000000	-89.557841	73.536330	0.000959
229.000000	55.123809	50.728245	0.004390
230.000000	75.488411	62.835560	0.004601
231.000000	59.879242	56.815331	0.006924
232.000000	72.705476	-50.634458	0.006106
233.000000	64.315303	36.531107	0.009006
234.000000	64.142076	-36.622379	0.010610
235.000000	46.768867	2.658871	0.006217
236.000000	-73.729289	-88.942942	0.002046
237.000000	80.954152	-74.718374	0.002348
238.000000	41.507744	-14.502178	0.001612
239.000000	52.249273	64.267995	0.002860
240.000000	-85.004400	86.498520	0.004324
241.000000	57.234877	-22.031616	0.026114
242.000000	54.483500	32.262069	0.003605
243.000000	77.442341	-77.635895	0.004383
244.000000	-86.760473	83.052181	0.002834
245.000000	-74.500122	85.239329	0.013877
246.000000	65.689294	-42.676895	0.006716
247.000000	59.387956	75.659484	0.004539
248.000000	42.237030	54.501275	0.063769
249.000000	55.420983	-41.254538	0.003356
250.000000	44.567851	-4.622047	0.002105
251.000000	49.607512	-51.874632	0.005505
252.000000	-70.226500	78.729060	0.004057
253.000000	58.865895	46.665856	0.002009
254.000000	71.883925	56.968096	0.001782
255.000000	46.971299	-3.274403	0.004214
256.000000	-83.021461	-90.210532	0.196555
257.000000	57.257484	72.058249	0.010051
258.000000	75.896249	30.376288	0.006155
259.000000	69.519356	-24.080109	0.005463
260.000000	87.896249	-66.725509	0.001580
261.000000	52.498500	-46.888374	0.004911
262.000000	51.077839	47.412618	0.002632
263.000000	56.885652	-66.717988	0.009106
264.000000	62.157129	74.364159	0.003790
265.000000	63.050688	-4.376362	0.004853
266.000000	75.906673	-43.154334	0.002183
267.000000	37.815347	-21.628309	0.023205
268.000000	57.239527	-45.452066	0.002190
269.000000	69.397197	43.498682	0.010676
270.000000	74.268932	-80.988045	0.003814
271.000000	62.644204	-39.178823	0.004296
272.000000	61.222322	-10.018268	0.013387
273.000000	40.897895	74.217796	0.005198
274.000000	20.286092	-69.662496	0.005792
275.000000	83.911303	-86.301393	0.003754
276.000000	49.526084	-6.117562	0.005798
277.000000	59.761781	-76.458827	0.011813
278.000000	-87.139248	-80.582204	0.021192
279.000000	49.936202	-2.442212	0.001677
280.000000	39.269847	-61.379872	0.007578
281.000000	72.022826	70.862533	0.006627
282.000000	76.226447	56.050258	0.002780
283.000000	74.371712	-47.595682	0.020896
284.000000	74.868804	54.370145	0.007320
285.000000	-79.351080	64.130297	0.009758
286.000000	-82.789346	-85.617159	0.000589
287.000000	88.038054	87.111273	0.003228
288.000000	72.302979	-38.853504	0.004505
289.000000	25.753622	30.538627	0.033311
290.000000	49.971287	-19.623659	0.001946
291.000000	64.508286	-75.494617	0.306689
292.000000	73.596227	-17.572894	0.000546
293.000000	48.750233	34.006332	0.002842
294.000000	56.604131	-87.428655	0.113671
295.000000	-80.428900	86.191833	0.002679
296.000000	74.322856	67.205629	0.009352
297.000000	72.560225	-65.690510	0.004227
298.000000	76.471122	41.341122	0.016765
299.000000	81.026902	-52.992576	0.005196
300.000000	61.931552	-10.812421	0.004100
301.000000	58.676318	1.438044	0.004296
302.000000	66.305849	-60.447174	0.004519
303.000000	50.560264	48.421470	0.003595
304.000000	87.971287	-67.524287	0.001039
305.000000	-72.056265	81.239527	0.010964
306.000000	71.034494	81.491361	0.004602
307.000000	74.733291	-61.927449	0.025704
308.000000	37.409246	9.346460	1.282058
309.000000	45.928687	30.978593	0.001904
310.000000	32.688643	-30.591146	0.034138
311.000000	81.416354	-59.026674	0.009558
312.000000	70.540401	-68.457213	0.008587
313.000000	56.160266	-73.099805	0.009052
314.000000	53.803183	-33.584038	0.005342
315.000000	-89.218929	-52.021120	0.004100
316.000000	75.770630	81.190314	0.003416
317.000000	-74.217226	81.099230	0.004609
318.000000	62.451385	-53.936695	0.005267
319.000000	61.165927	-18.567904	0.003763
320.000000	53.662355	-11.484792	0.003902
321.000000	76.618195	58.810594	0.003638
322.000000	46.535757	-1.548387	0.003619
323.000000	60.690242	3.325909	0.005626
324.000000	82.471350	-59.131987	0.024960
325.000000	79.672479	34.804794	0.004587
326.000000	51.078197	59.612558	0.004809
327.000000	45.504475	21.857060	0.003856
328.000000	85.836777	80.572495	0.003757
329.000000	34.322856	-30.293660	0.012955
330.000000	57.028032	-49.319403	0.024332
331.000000	74.853259	-72.315995	0.002471
332.000000	57.775187	84.423969	0.008405
333.000000	48.214161	-12.851804	0.004282
334.000000	74.401415	84.943602	0.060152
335.000000	55.495129	14.211765	0.002117
336.000000	54.335040	-24.221817	0.216504
337.000000	80.302940	86.945348	0.011217
338.000000	76.480537	52.393861	0.002434
339.000000	86.584253	89.034124	0.003364
340.000000	65.919348	27.442321	0.004792
341.000000	-82.516192	-63.672514	0.001577
342.000000	62.781071	63.018315	0.013077
343.000000	44.860315	61.781717	0.004235
344.000000	70.926471	73.451886	0.002634
345.000000	59.075054	18.414781	0.002522
346.000000	63.680033	13.193842	0.013049
347.000000	62.100788	-48.208000	0.010679
348.000000	59.750713	82.218913	0.006113
349.000000	67.521082	74.248422	0.000932
350.000000	54.518378	-30.891560	0.026763
351.000000	-78.084014	-89.064962	0.004276
352.000000	82.458972	58.478005	0.008256
353.000000	45.012064	-10.095008	0.006912
354.000000	81.876371	70.018143	0.002195
355.000000	-85.206605	81.844823	0.023193
356.000000	23.499706	-21.757184	0.016462
357.000000	-81.946892	84.126848	0.001983
358.000000	52.414695	-61.231837	0.007703
359.000000	-84.688015	80.007102	0.004435
360.000000	-32.102621	-83.271776	0.005532
361.000000	45.212177	-38.653759	0.008890
362.000000	45.397236	40.686390	0.003830
363.000000	44.631529	0.640542	0.004095
364.000000	83.545691	-69.857871	0.001539
365.000000	-82.019380	35.301609	0.018673
366.000000	-74.192941	87.950174	0.114779
367.000000	59.123809	16.150634	0.012893
368.000000	58.169333	39.498682	0.010819
369.000000	62.604097	53.054319	0.005435
370.000000	29.876425	24.801260	0.006920
371.000000	56.908419	-0.505842	0.002974
372.000000	73.028032	58.917752	0.030188
373.000000	43.287804	54.458215	0.502828
374.000000	43.629801	65.522823	0.001776
375.000000	35.254591	1.843016	0.006301
376.000000	84.845738	75.600311	0.002980
377.000000	86.053108	-66.705805	0.008758
378.000000	49.879281	-0.908198	0.003360
379.000000	59.311985	18.023285	0.006199
380.000000	65.094652	-88.734836	0.004993
381.000000	72.142076	-59.254456	0.014094
382.000000	53.218368	11.389015	0.004507
383.000000	86.339597	-79.934197	0.002694
384.000000	34.510917	43.824443	0.003092
385.000000	52.080949	-83.804000	0.005920
386.000000	-81.906766	78.001202	0.001729
387.000000	59.034873	42.036014	0.012410
388.000000	59.222268	-27.924404	0.011777
389.000000	69.807652	-62.584970	0.001841
390.000000	62.110014	47.259210	0.012179
391.000000	84.446842	-67.907625	0.000706
392.000000	70.781071	-4.431629	0.003552
393.000000	63.864188	-57.640438	0.007476
394.000000	58.282745	48.923745	0.014110
395.000000	70.278245	-80.063765	0.005173
396.000000	62.507867	51.929108	0.001481
397.000000	24.673415	35.587122	0.011194
398.000000	63.605453	-11.166498	0.002095
399.000000	-82.006703	86.164683	0.009191
400.000000	-90.403773	-77.218896	0.002346
401.000000	38.661091	47.894035	0.002900
402.000000	47.663631	34.113151	0.000841
403.000000	57.501520	23.983524	0.007778
404.000000	-38.177114	-54.733038	0.014521
405.000000	63.583304	2.886315	0.025627
406.000000	-81.954426	79.654342	0.002953
407.000000	75.906673	49.836777	0.005103
408.000000	-86.924679	-76.696433	0.001535
409.000000	49.622334	-23.031904	0.005783
410.000000	71.678870	-62.593523	0.007703
411.000000	42.650610	-13.668310	0.055550
412.000000	70.201939	28.436379	0.003687
413.000000	73.850090	1.360913	0.007903
414.000000	-86.028713	-71.738622	0.001030
415.000000	65.980620	14.564908	0.007264
416.000000	69.556100	59.571585	0.013876
417.000000	76.065836	-73.588215	0.003652
418.000000	51.143408	-45.172432	0.003355
419.000000	72.154259	-83.277359	0.072656
420.000000	-56.696260	-83.444878	0.009614
421.000000	-56.548307	80.346837	0.001820
422.000000	-71.468893	79.326014	0.006925
423.000000	-79.568531	77.569991	0.012561
424.000000	67.173481	84.466667	0.006685
425.000000	52.638319	30.163587	0.009065
426.000000	51.017573	58.188195	0.001228
427.000000	86.404318	-89.092657	0.002367
428.000000	-86.451486	-57.807161	0.003184
429.000000	69.428537	-70.841260	0.002974
430.000000	82.001169	55.610098	0.002525
431.000000	-82.010586	-75.820615	0.001734
432.000000	-76.574420	-77.109538	0.005596
433.000000	60.246150	-46.404903	0.012115
434.000000	47.652654	4.108347	0.005672
435.000000	56.018176	-55.129422	0.003999
436.000000	59.074935	-53.509299	0.087248
437.000000	15.934461	-8.900210	0.435614
438.000000	40.683839	26.468531	0.003763
439.000000	51.249907	74.100313	0.034548
440.000000	50.746592	-37.144484	0.010106
441.000000	75.433113	47.371661	0.003518
442.000000	36.057791	-83.874932	0.020800
443.000000	-85.371342	-74.468320	0.008357
444.000000	88.082690	87.886795	0.002277
445.000000	-78.824847	73.931240	0.009245
446.000000	46.937663	18.518378	0.001630
447.000000	68.426911	-31.820084	0.008066
448.000000	71.716911	64.503358	0.002356
449.000000	80.693152	58.517455	0.040266
450.000000	69.531593	-55.488771	0.007634
451.000000	17.966555	-6.910942	0.020198
452.000000	63.864188	13.242397	0.039724
453.000000	80.693293	80.885461	0.005369
454.000000	-74.589426	-89.981791	0.004515
455.000000	58.122251	-30.046757	0.012828
456.000000	-85.024771	84.608780	0.006309
457.000000	88.722675	65.832180	0.004992
458.000000	53.269847	-43.568864	0.003370
459.000000	87.082983	80.206889	0.053564
460.000000	-90.624141	-81.424595	0.004619
461.000000	82.616280	-81.242126	0.004900
462.000000	-86.043887	-63.511909	0.001364
463.000000	-88.634511	-46.145086	0.005079
464.000000	48.897874	-17.554109	0.002255
465.000000	64.572501	47.509072	0.050963
466.000000	43.882151	-9.999496	0.003740
467.000000	88.174735	-83.416910	0.007151
468.000000	59.829125	-29.230010	0.005213
469.000000	56.297166	44.441029	0.002051
470.000000	51.926941	51.425666	0.003385
471.000000	78.460659	-67.773500	0.009598
472.000000	-84.439303	-60.435968	0.001051
473.000000	55.897379	-36.937075	0.006066
474.000000	51.151208	22.167385	0.004300
475.000000	-72.892159	-70.977501	0.003822
476.000000	43.540149	-9.032634	0.003099
477.000000	57.871742	17.084209	0.008591
478.000000	52.540440	28.803379	0.004364
479.000000	71.020585	-78.011787	0.007648
480.000000	59.400140	-28.604112	0.006050
481.000000	-87.426528	77.933331	0.032749
482.000000	-85.323682	-63.782848	0.001661
483.000000	42.813536	28.314264	0.000878
484.000000	-84.868724	-71.498576	0.001872
485.000000	77.528722	64.546467	0.001602
486.000000	-59.536470	89.350483	0.008658
487.000000	85.072112	77.418074	0.001751
488.000000	68.090364	23.933365	0.001819
489.000000	-87.048757	46.570853	0.009838
490.000000	85.387924	-68.856487	0.000769
491.000000	64.185159	-60.625303	0.005407
492.000000	43.891605	-8.575386	0.004118
493.000000	55.775187	1.219412	0.003051
494.000000	55.531420	-65.603534	0.012797
495.000000	38.608780	15.931839	0.003233
496.000000	52.567818	9.073843	0.001417
497.000000	72.368755	81.883892	0.004524
498.000000	65.176729	56.726682	0.005891
499.000000	58.543257	-18.705404	0.006191
500.000000	-77.877749	59.392601	0.005134
501.000000	57.931552	4.678026	0.002369
502.000000	62.458939	-69.560765	0.009873
503.000000	73.109606	-67.765994	0.003778
504.000000	43.326348	36.869535	0.006311
505.000000	72.722675	-9.092744	0.003612
506.000000	80.503183	-83.060539	0.004768
507.000000	61.200892	-30.592065	0.010983
508.000000	84.102568	-56.783491	0.001775
509.000000	-64.705873	73.273458	0.008854
510.000000	89.400086	72.712710	0.001725
511.000000	86.965245	81.854387	0.002611
512.000000	84.053128	-88.296422	0.002441
513.000000	-79.699964	-80.341008	0.000850
514.000000	62.206569	34.013493	0.002847
515.000000	70.142076	-88.705772	0.009098
516.000000	72.362385	-69.456524	0.015520
517.000000	58.813536	-54.517864	0.001215
518.000000	71.728106	89.666666	0.002164
519.000000	54.696143	46.301032	0.001156
520.000000	62.978500	-57.563441	0.005302
521.000000	78.387012	-83.046639	0.003136
522.000000	50.411259	-37.891972	0.002584
523.000000	54.848575	-46.175001	0.016979
524.000000	65.287804	-64.610069	0.013972
525.000000	66.693293	83.242199	0.393727
526.000000	70.680915	80.209880	0.001176
527.000000	66.951161	26.681089	0.003459
528.000000	68.604097	57.265164	0.003920
529.000000	76.725584	-39.415660	0.004950
530.000000	53.220108	39.120542	0.001484
531.000000	55.134180	-42.160086	0.002793
532.000000	47.501609	13.516631	0.005031
533.000000	55.451886	-54.616833	0.004237
534.000000	74.781065	75.924031	0.000756
535.000000	58.220130	10.980372	0.042583
536.000000	48.555527	16.570742	0.001927
537.000000	69.392601	-68.454570	0.007605
538.000000	59.593318	0.625716	0.002537
539.000000	51.217638	-46.323682	0.007086
540.000000	62.374568	36.951249	0.175783
541.000000	45.254431	-45.760358	0.013779
542.000000	61.817127	-37.954392	0.003634
543.000000	77.077839	83.547735	0.003587
544.000000	52.454342	-50.471084	0.014068
545.000000	40.454483	12.456035	0.004492
546.000000	50.578773	-71.070632	0.012543
547.000000	62.256593	72.610560	0.002347
548.000000	-48.810410	77.590167	0.011545
549.000000	87.648403	84.942937	0.023214
550.000000	55.674055	7.329340	0.000675
551.000000	-47.159027	80.324471	0.001951
552.000000	44.958802	21.061906	0.004039
553.000000	82.946478	-86.716050	0.164016
554.000000	63.568230	-42.264302	0.011397
555.000000	64.930071	-84.820236	0.015530
556.000000	43.167972	-4.992294	0.001291
557.000000	73.743132	-89.199051	0.008205
558.000000	76.576666	74.088590	0.000717
559.000000	-82.655855	58.936508	0.002348
560.000000	88.374568	-82.671659	0.001096
561.000000	63.492312	86.012256	0.002958
562.000000	68.906099	-61.686133	0.002489
563.000000	45.793130	-75.643164	0.006452
564.000000	55.797747	22.768249	0.003967
565.000000	66.317044	-30.271894	0.009742
566.000000	73.879242	33.585797	0.002612
567.000000	84.746553	-79.525774	0.003678
568.000000	59.419999	-74.557726	0.008965
569.000000	61.190488	-4.537903	0.005342
570.000000	-49.376025	-82.662769	0.003838
571.000000	86.528116	75.022592	0.001431
572.000000	48.399707	49.541119	0.030137
573.000000	-81.810244	67.000224	0.002407
574.000000	-46.918565	85.431621	0.003684
575.000000	83.089124	-73.093023	0.000685
576.000000	66.145032	61.318422	0.003723
577.000000	-88.621303	75.632971	0.004095
578.000000	52.753136	3.824400	0.001415
579.000000	68.364105	-72.920421	0.004776
580.000000	59.378697	58.324862	0.003914
581.000000	54.491000	-20.694966	0.003353
582.000000	-69.234960	-79.590734	0.006614
583.000000	85.822901	13.043715	0.003258
584.000000	80.335001	-76.152819	0.001231
585.000000	80.958802	81.504616	0.002155
586.000000	43.330421	-46.494445	0.007180
587.000000	60.740812	8.489685	0.015502
588.000000	53.943741	-57.882393	0.003397
589.000000	90.404318	59.804237	0.002724
590.000000	84.446190	-79.122786	0.001135
591.000000	84.575405	-68.374615	0.003285
592.000000	40.128011	10.315303	0.002945
593.000000	69.389697	4.231130	0.040547
594.000000	51.937365	4.653570	0.002170
595.000000	51.675349	-40.498148	0.003768
596.000000	-66.989666	89.562876	0.009413
597.000000	44.808389	-48.353883	0.005294
598.000000	77.138758	45.750713	0.012816
599.000000	58.073396	-58.625091	0.023389
600.000000	69.225192	-41.556135	0.010632
601.000000	53.251995	83.061640	0.002119
602.000000	58.663961	47.365770	0.010572
603.000000	49.474021	41.219901	0.001721
604.000000	-79.761317	-69.826005	0.004342
605.000000	75.735626	15.279055	0.008479
606.000000	75.096398	65.604176	0.001242
607.000000	44.937663	4.578919	0.003732
608.000000	66.721021	-20.649579	0.043802
609.000000	63.524039	75.630380	0.007360
610.000000	52.625755	9.986454	0.002750
611.000000	68.001169	-71.699964	0.004576
612.000000	54.197295	40.668765	0.003839
613.000000	60.045574	-29.583532	0.012193
614.000000	72.013493	14.443847	0.003601
615.000000	58.683839	-19.504703	0.004737
616.000000	55.906673	63.864241	0.007409
617.000000	53.374220	75.891758	0.001088
618.000000	60.388492	-65.137467	0.011978
619.000000	78.018176	-87.184756	0.054130
620.000000	-88.701175	78.618229	0.001129
621.000000	48.495804	-35.534339	0.005109
622.000000	62.593586	76.959287	0.007432
623.000000	48.633269	68.238716	0.001975
624.000000	20.900886	3.971205	0.005107
625.000000	74.459080	-69.294964	0.004044
626.000000	-82.164916	-39.765946	0.001765
627.000000	77.197988	-80.422296	0.002451
628.000000	59.773500	78.035962	0.045792
629.000000	38.753136	-17.460870	0.005789
630.000000	33.053690	-48.653707	0.009973
631.000000	53.367181	-59.802204	0.005107
632.000000	56.932980	67.420052	0.000782
633.000000	55.698900	-7.445662	0.002675
634.000000	59.504409	78.513429	0.012232
635.000000	80.853259	88.212543	0.006135
636.000000	-88.562309	-90.923204	0.408039
637.000000	-89.283749	83.189908	0.001773
638.000000	54.120477	-10.534925	0.011225
639.000000	52.828852	-6.487092	0.002286
640.000000	76.685559	83.637562	0.002111
641.000000	60.716251	34.921246	0.005181
642.000000	58.656528	-85.428775	0.084945
643.000000	72.693152	-77.269733	0.004232
644.000000	-84.194088	-53.279066	0.029513
645.000000	66.050258	-52.382349	0.039511
646.000000	68.229404	64.468180	0.003598
647.000000	-82.655855	88.268917	0.003715
648.000000	-84.788136	66.657816	0.211534
649.000000	-80.202187	75.481608	0.025565
650.000000	-84.958059	-83.755309	0.001855
651.000000	31.800683	-9.911902	0.008711
652.000000	55.628288	2.073045	0.030953
653.000000	57.799520	71.958983	0.025558
654.000000	72.628658	-69.682638	0.004154
655.000000	33.167653	9.931984	0.368240
656.000000	63.403923	59.587775	0.009742
657.000000	-90.068448	60.694926	0.016140
658.000000	-88.298196	76.584253	0.002581
659.000000	48.399635	46.229404	0.001051
660.000000	66.761193	30.438391	0.003843
661.000000	66.616280	-58.340549	0.017525
662.000000	47.676811	-56.382681	0.002556
663.000000	38.773496	-56.251873	0.010904
664.000000	41.647972	27.262314	0.003859
665.000000	36.865583	-36.339201	0.005201
666.000000	46.426999	75.889953	0.688997
667.000000	72.244637	-81.001409	0.081828
668.000000	37.615964	27.345892	0.008479
669.000000	68.305849	-6.928879	0.000839
670.000000	23.260393	-13.768585	0.017302
671.000000	80.354879	-67.909636	0.014295
672.000000	67.956113	-87.986507	0.007801
673.000000	36.798078	-34.093234	0.006724
674.000000	-62.678735	85.084529	0.015705
675.000000	43.668281	13.478897	0.018647
676.000000	53.590732	-59.608952	0.003695
677.000000	51.738568	52.088590	0.001545
678.000000	56.941828	68.776421	0.005986
679.000000	69.292454	32.214182	0.006198
680.000000	68.576666	-41.697878	0.016224
681.000000	-86.281363	55.758340	0.016098
682.000000	71.595362	68.231415	0.004239
683.000000	44.232313	-69.637529	0.010902
684.000000	75.324148	-71.782827	0.004243
685.000000	-83.191180	-87.697725	0.002696
686.000000	69.787424	75.295868	0.002555
687.000000	-84.581959	84.895073	0.003842
688.000000	85.162985	76.517619	0.001582
689.000000	53.622334	0.300069	0.002644
690.000000	51.486618	-44.932484	0.010509
691.000000	42.322856	56.657849	0.001145
692.000000	80.157129	-83.942209	0.015436
693.000000	66.246183	-67.416910	0.009835
694.000000	77.654395	31.915953	0.003207
695.000000	76.105438	-88.192173	0.004403
696.000000	29.726332	3.365770	0.001768
697.000000	56.576660	46.015273	0.002773
698.000000	40.259697	0.126156	0.003084
699.000000	-89.969620	-82.503130	0.001436
700.000000	74.261378	80.815331	0.002306
701.000000	35.365542	60.776088	0.001517
702.000000	58.229389	-82.489009	0.003756
703.000000	55.225747	57.957476	0.490384
704.000000	70.312394	-73.880706	0.001524
705.000000	80.302979	-52.983296	0.005529
706.000000	58.342540	-51.122234	0.002661
707.000000	55.540819	29.257664	0.000703
708.000000	77.143459	-63.835084	0.007346
709.000000	77.492292	71.445284	0.002462
710.000000	46.688522	40.693293	0.003463
711.000000	67.075054	-66.149199	0.003263
712.000000	80.538660	58.624129	0.003717
713.000000	44.446702	33.668931	0.007728
714.000000	67.609664	-57.642019	0.138782
715.000000	47.562756	36.999361	0.035953
716.000000	63.126766	68.137571	0.021108
717.000000	40.421896	44.982290	0.003141
718.000000	42.291758	-49.591132	0.004462
719.000000	-86.088677	66.722641	0.005864
720.000000	56.468393	-33.251343	0.003208
721.000000	79.437691	75.179818	0.027426
722.000000	50.478889	24.983439	0.004631
723.000000	87.996519	-82.140441	0.005481
724.000000	86.798078	-73.872660	0.002421
725.000000	66.258508	-55.437995	0.070085
726.000000	71.109606	-36.969908	0.003437
727.000000	69.143340	29.616105	0.002705
728.000000	44.304169	-23.520274	0.062860
729.000000	45.613438	-12.240286	0.009200
730.000000	76.498500	54.298778	0.003749
731.000000	75.903803	80.327501	0.001366
732.000000	62.650628	-45.695160	0.005847
733.000000	41.424215	-34.093360	0.007534
734.000000	-83.058172	-82.018129	0.002227
735.000000	86.179385	-82.708762	0.002356
736.000000	77.017768	56.611772	0.003607
737.000000	76.593634	-35.677182	0.002055
738.000000	-80.719749	-78.440115	0.001401
739.000000	86.761193	-80.209493	0.002056
740.000000	58.822918	44.739682	0.004602
741.000000	78.065803	-57.137467	0.163810
742.000000	51.809726	-11.443970	0.001717
743.000000	72.209439	88.281607	0.002565
744.000000	43.705817	-5.109505	0.002835
745.000000	-80.076002	-79.877749	0.001213
746.000000	60.300016	-53.746142	0.043414
747.000000	70.394392	-46.684110	0.022569
748.000000	43.883925	-68.938345	0.004877
749.000000	44.469348	-4.629093	0.003525
750.000000	56.999838	72.732095	0.008389
751.000000	-81.835317	-72.148169	0.001189
752.000000	51.603781	1.034528	0.004557
753.000000	58.145032	-31.241717	0.068251
754.000000	60.278245	-45.484160	0.004240
755.000000	84.688522	70.155284	0.002895
756.000000	80.334953	56.978593	0.015652
757.000000	78.628658	-57.304298	0.013687
758.000000	-89.177082	88.610468	0.001316
759.000000	71.701804	57.175207	0.001354
760.000000	60.702567	66.149629	0.016553
761.000000	79.891599	55.128453	0.003009
762.000000	70.085540	-40.610356	0.003638
763.000000	56.951161	16.279521	0.002044
764.000000	42.868804	24.863383	0.002958
765.000000	63.440580	-40.845975	0.008900
766.000000	83.070425	-49.681827	0.001886
767.000000	52.742591	-16.130723	0.008548
768.000000	-90.108401	-82.481667	0.001855
769.000000	59.311912	38.224673	0.008230
770.000000	70.771737	-24.511423	0.001148
771.000000	-77.536470	-70.259691	0.000606
772.000000	61.267840	-64.516536	0.009041
773.000000	79.269847	29.665032	0.001493
774.000000	58.217220	-53.848645	0.012302
775.000000	83.105335	-87.146741	0.004722
776.000000	74.161779	-31.406332	0.001667
777.000000	83.193358	58.789566	0.004102
778.000000	58.602968	-30.545409	0.010985
779.000000	66.784095	-38.340549	0.004199
780.000000	57.210922	-30.769051	0.010404
781.000000	75.472295	57.336319	0.006802
782.000000	31.556047	17.590505	0.003901
783.000000	80.149662	43.325889	0.031057
784.000000	73.868838	56.038054	0.003386
785.000000	88.335001	-82.824799	0.001150
786.000000	77.896249	-55.169562	0.002972
787.000000	33.386696	-38.137446	0.003500
788.000000	51.837993	-51.927275	0.003282
789.000000	78.229442	-74.270261	0.001741
790.000000	-88.197576	-79.977141	0.001150
791.000000	47.679999	83.113285	0.003001
792.000000	72.558484	63.255884	0.045830
793.000000	-88.583700	-83.321902	0.001864
794.000000	58.526303	57.765946	0.006081
795.000000	69.980620	-47.857924	0.003911
796.000000	88.870545	72.425695	0.001683
797.000000	34.060700	9.919070	0.046253
798.000000	66.640842	-80.643877	0.011153
799.000000	78.825827	52.379126	0.008902
800.000000	43.870054	26.456069	0.003000
801.000000	77.708228	71.155571	0.014965
802.000000	86.436119	61.933365	0.001821
803.000000	61.748972	37.679979	0.013727
804.000000	72.347136	0.878084	0.007369
805.000000	70.110068	44.960576	0.016117
806.000000	-67.246831	-89.191851	0.002246
807.000000	66.325727	-69.737007	0.004086
808.000000	72.152538	-64.739229	0.003801
809.000000	44.330356	2.012237	0.003873
810.000000	74.748453	89.237221	0.001499
811.000000	32.036313	-31.496817	0.004582
812.000000	79.284901	85.131436	0.009827
813.000000	-39.501359	-78.505963	0.005260
814.000000	79.447170	-64.498214	0.154168
815.000000	53.084209	-44.540813	0.010842
816.000000	76.090364	63.645116	0.003170
817.000000	59.111347	19.494032	0.005160
818.000000	56.040924	-52.160266	0.004218
819.000000	81.390860	87.227979	0.002142
820.000000	42.636284	-3.255170	0.005550
821.000000	68.990917	-46.123277	0.002014
822.000000	70.080910	61.928681	0.003615
823.000000	-87.214198	-86.240008	0.003301
824.000000	65.543950	-69.319756	0.013295
825.000000	46.865442	1.415860	0.001306
826.000000	53.380509	28.454256	0.004684
827.000000	47.679999	-39.700728	0.006479
828.000000	26.584219	-5.164419	0.013718
829.000000	59.234877	67.254580	0.002531
830.000000	74.416415	39.669416	0.014414
831.000000	70.045608	-48.240061	0.022702
832.000000	66.713347	-85.082215	0.007933
833.000000	53.401011	60.723925	0.002414
834.000000	74.661091	-61.682725	0.004098
835.000000	88.332097	-70.353158	0.001520
836.000000	88.238683	27.744852	0.000748
837.000000	43.733885	-11.287004	0.002646
838.000000	-40.946408	-86.548375	0.001061
839.000000	71.122136	62.675968	0.010557
840.000000	83.035673	59.240822	0.003271
841.000000	64.633249	-64.015499	0.012027
842.000000	69.590447	51.767687	0.013006
843.000000	74.451472	-43.371694	0.002387
844.000000	52.056017	-30.206367	0.005456
845.000000	35.854947	-0.502777	0.003360
846.000000	76.668644	-55.685595	0.035863
847.000000	60.905689	-8.626976	0.003404
848.000000	85.277362	54.351975	0.043788
849.000000	83.531593	74.475893	0.001181
850.000000	65.852091	31.491248	0.002961
851.000000	52.229442	-38.508586	0.003473
852.000000	74.983363	58.773796	0.001182
853.000000	47.563393	39.930152	0.002645
854.000000	35.637692	2.563401	0.004050
855.000000	73.963613	63.143335	0.012389
856.000000	67.787356	32.725651	0.003518
857.000000	68.307590	41.182668	0.008790
858.000000	68.226447	-70.824832	0.006379
859.000000	52.038054	59.219379	0.003584
860.000000	31.918895	-8.977408	0.005671
861.000000	-89.117530	-86.158308	0.001420
862.000000	83.548514	-56.320001	0.003239
863.000000	55.482135	-38.844195	0.003453
864.000000	58.893365	-8.967531	0.014876
865.000000	72.287833	-46.338138	0.019358
866.000000	-90.167873	-45.204831	0.003441
867.000000	-86.832380	-81.226204	0.007123
868.000000	64.022826	45.115903	0.014416
869.000000	64.511229	-48.429711	0.009948
870.000000	70.550864	-52.419425	0.005154
871.000000	74.382068	-57.744024	0.004715
872.000000	-52.507708	-85.761085	0.000951
873.000000	47.004317	-8.071795	0.002930
874.000000	77.583284	-72.216791	0.006829
875.000000	72.126848	-57.917364	0.028804
876.000000	52.633429	38.404271	0.001489
877.000000	-89.749167	85.079579	0.002579
878.000000	69.011146	-66.481456	0.005591
879.000000	66.236976	-38.613338	0.003175
880.000000	61.915986	70.253683	0.009180
881.000000	64.547993	-64.723704	0.004568
882.000000	39.087047	46.203665	0.011296
883.000000	47.549397	62.570856	0.001829
884.000000	65.281944	-44.611742	0.008667
885.000000	58.214350	83.900899	0.033561
886.000000	46.310479	19.392834	0.002617
887.000000	53.471265	2.664606	0.005111
888.000000	70.865475	68.312433	0.001993
889.000000	36.386751	-14.453479	0.002793
890.000000	86.648516	-37.376465	0.001910
891.000000	38.640842	66.548114	0.005432
892.000000	27.975937	14.250780	0.019412
893.000000	41.728111	5.149568	0.003908
894.000000	-89.238807	83.227092	0.006104
895.000000	56.100827	8.974534	0.001314
896.000000	57.430278	-60.820202	0.093681
897.000000	-74.071319	88.710438	0.005433
898.000000	55.876371	59.474068	0.003470
899.000000	48.127977	-48.878110	0.002238
900.000000	79.172079	-45.262322	0.012935
901.000000	45.870001	-40.105491	0.008764
902.000000	38.498593	14.255089	0.010961
903.000000	77.047910	-84.758603	0.001749
904.000000	78.750194	50.302940	0.002954
905.000000	44.293478	39.145184	0.002446
906.000000	61.844310	-53.741525	0.003788
907.000000	60.149668	-14.560297	0.017985
908.000000	80.359373	51.001849	0.002212
909.000000	42.404941	22.089412	0.002579
910.000000	58.327468	77.140604	0.007206
911.000000	73.484825	55.022658	0.005068
912.000000	32.902698	-27.560691	0.005108
913.000000	64.550810	-23.184297	0.002808
914.000000	82.201939	-86.274798	0.007392
915.000000	29.334951	5.529796	0.003569
916.000000	52.819206	56.432338	0.005216
917.000000	86.416415	89.279141	0.001946
918.000000	53.902062	5.404823	0.000570
919.000000	47.371230	-18.921120	0.001221
920.000000	46.391434	75.040303	0.000735
921.000000	50.809764	-32.607167	0.016729
922.000000	54.745583	39.331221	0.003297
923.000000	51.475598	72.446809	0.002218
924.000000	79.537915	68.485997	0.003044
925.000000	50.374654	-51.220556	0.002959
926.000000	80.995567	-62.589369	0.009773
927.000000	65.988261	-44.662067	0.006859
928.000000	72.117568	-80.540813	0.019100
929.000000	52.160299	21.988180	0.002618
930.000000	78.307590	74.475733	0.000986
931.000000	47.427520	-13.607826	0.004372
932.000000	57.937796	86.928417	0.020340
933.000000	69.309008	44.663270	0.165970
934.000000	81.770591	-73.495076	0.002034
935.000000	-83.986507	-75.374251	0.041881
936.000000	76.708367	82.296402	0.004400
937.000000	56.680968	-54.914060	0.020926
938.000000	57.684629	-42.780387	0.026809
939.000000	67.383347	-76.579881	0.005147
940.000000	58.600020	-73.598899	0.005713
941.000000	53.352592	-20.156302	0.037411
942.000000	73.971287	62.885652	0.001825
943.000000	-85.359158	-67.851362	0.004032
944.000000	-65.637636	82.745495	0.013885
945.000000	52.235276	22.483906	0.002107
946.000000	57.645068	-17.314402	0.010542
947.000000	34.404855	4.506374	0.011393
948.000000	35.387098	25.186528	0.075588
949.000000	55.911336	-67.857904	0.007023
950.000000	63.395839	-67.408897	0.001897
951.000000	51.543599	33.003100	0.001719
952.000000	73.864241	-81.741492	0.008753
953.000000	74.657788	-58.237944	0.009339
954.000000	54.078079	-31.768585	0.002794
955.000000	68.330324	-18.647506	0.005459
956.000000	-81.857871	61.313825	0.004965
957.000000	55.306244	-6.395358	0.020109
958.000000	87.123824	-69.075737	0.002059
959.000000	58.736249	-50.930873	0.010466
960.000000	51.384574	67.631798	0.006866
961.000000	48.526145	59.270582	0.002627
962.000000	51.395130	-25.352947	0.008188
963.000000	46.005852	58.658181	0.008032
964.000000	46.636212	15.081857	0.002427
965.000000	40.290688	8.372315	0.005769
966.000000	84.122251	65.605521	0.007292
967.000000	57.958983	-55.833504	0.025465
968.000000	54.515508	80.878137	0.003479
969.000000	47.996519	44.073357	0.002347
970.000000	70.018176	75.410574	0.004029
971.000000	79.563633	-17.706489	0.003503
972.000000	54.735460	1.275822	0.003801
973.000000	83.516592	-73.907703	0.003143
974.000000	17.225172	11.378552	0.000975
975.000000	80.075170	-54.182873	0.001707
976.000000	61.430224	-40.451439	0.118017
977.000000	83.988174	-74.896141	0.001852
978.000000	47.050688	25.417481	0.002170
979.000000	67.440514	-46.339631	0.116945
980.000000	69.368392	-83.187167	0.001842
981.000000	60.753097	-51.122267	0.005310
982.000000	77.153850	86.710159	0.008662
983.000000	83.588356	-86.981685	0.011211
984.000000	-67.817711	-81.244674	0.001391
985.000000	84.680968	-76.464481	0.002546
986.000000	66.821177	-20.231449	0.002588
987.000000	-79.360261	78.893014	0.004848
988.000000	88.788778	-87.471797	0.005081
989.000000	51.211966	5.048375	0.001987
990.000000	81.595362	33.020128	0.000393
991.000000	46.221943	79.904580	0.599928
992.000000	53.679999	-85.242181	0.020256
993.000000	85.449907	-72.597979	0.001812
994.000000	72.868804	-78.882082	0.006389
995.000000	62.700826	40.374443	0.004627
996.000000	-81.879523	84.016435	0.002681
997.000000	88.266061	85.112999	0.002926
998.000000	15.348795	16.238689	0.000896
999.000000	55.140352	-53.163979	0.015790
1000.000000	-87.684664	-89.114188	0.002766
1001.000000	70.231097	-10.210903	0.008090
1002.000000	54.414695	-14.797518	0.001609
1003.000000	63.972946	-0.953415	0.003142
1004.000000	70.376341	89.306185	0.002570
1005.000000	65.684629	-51.524021	0.006821
1006.000000	52.110160	61.722530	0.003496
1007.000000	86.431508	51.404635	0.002663
1008.000000	-78.969151	87.745398	0.006694
1009.000000	53.324168	-47.633797	0.003378
1010.000000	48.399075	80.127678	0.002563
1011.000000	50.221870	-49.346502	0.004076
1012.000000	57.267840	51.205542	0.101846
1013.000000	17.272751	16.872352	0.002506
1014.000000	80.919493	-59.265001	0.002490
1015.000000	64.917772	-2.242680	0.002363
1016.000000	84.631529	-45.939281	0.002465
1017.000000	53.084334	-15.467060	0.002460
1018.000000	58.256593	52.115210	0.008132
1019.000000	59.076961	-8.278081	0.008485
1020.000000	83.264970	64.137571	0.003878
1021.000000	70.164683	60.062474	0.002135
1022.000000	82.204849	72.856594	0.001453
1023.000000	54.793395	-39.694963	0.007175
1024.000000	64.399674	-44.125184	0.018271
1025.000000	48.783423	35.642961	0.001329
1026.000000	77.176182	-51.049992	0.796561
1027.000000	57.958983	29.607281	0.001496
1028.000000	-82.944623	-88.227027	0.003732
1029.000000	84.253704	81.123877	0.001724
1030.000000	50.431682	10.966550	0.002150
1031.000000	-80.351996	-82.742303	0.009672
1032.000000	73.255743	76.720230	0.002156
1033.000000	70.868717	-9.204678	0.008110
1034.000000	88.925393	82.510858	0.007822
1035.000000	68.975689	-52.476826	0.004182
1036.000000	57.767720	18.243280	0.039988
1037.000000	-81.672494	16.675791	0.133614
1038.000000	-63.557841	66.877467	0.068386
1039.000000	73.675349	-16.587569	0.021522
1040.000000	75.920636	71.822901	0.000590
1041.000000	61.075054	-3.242866	0.015197
1042.000000	42.685657	-0.473012	0.016438
1043.000000	-87.687606	63.983524	0.002160
1044.000000	64.640842	-2.333016	0.003691
1045.000000	42.201939	47.553158	0.002172
1046.000000	65.397183	55.467946	0.006538
1047.000000	79.126713	-67.714699	0.003092
1048.000000	77.703583	85.155836	0.001530
1049.000000	47.796465	-10.614527	0.036498
1050.000000	66.640842	54.381996	0.004818
1051.000000	62.217032	-62.672065	0.051631
1052.000000	69.407680	-16.209049	0.004726
1053.000000	-58.785232	66.256820	0.010478
1054.000000	49.229996	2.149896	0.005042
1055.000000	53.519788	-10.882227	0.013150
1056.000000	-72.031704	-87.181765	0.002019
1057.000000	-81.625432	82.038393	0.010428
1058.000000	87.226933	54.199036	0.001587
1059.000000	76.350007	87.306364	0.088695
1060.000000	69.041941	55.797534	0.004151
1061.000000	36.211219	-22.980512	0.001109
1062.000000	81.903803	-66.056211	0.017141
1063.000000	50.816494	88.288828	0.000826
1064.000000	29.213564	20.687387	0.001059
1065.000000	70.478797	-58.824793	0.006138
1066.000000	23.094585	-24.735908	0.009310
1067.000000	39.455601	-28.488956	0.003583
1068.000000	46.414761	1.486731	0.002049
1069.000000	80.078079	-56.446717	0.005385
1070.000000	67.096398	69.154078	0.098985
1071.000000	46.073396	-4.763112	0.000734
1072.000000	80.451472	77.637568	0.001947
1073.000000	86.132868	-79.762916	0.001943
1074.000000	41.028780	-7.686273	0.004571
1075.000000	81.368392	-44.563632	0.004559
1076.000000	74.266028	-51.720180	0.000510
1077.000000	71.416300	-55.447236	0.007718
1078.000000	41.931552	-21.051715	0.001720
1079.000000	64.056083	39.105335	0.000020
1080.000000	69.195052	60.268971	0.000789
1081.000000	71.035356	31.155408	0.000786
1082.000000	76.648887	-55.151777	0.002575
1083.000000	50.442406	-19.907340	0.012869
1084.000000	31.418204	-70.837308	0.034359
1085.000000	82.190002	-88.302993	0.007100
1086.000000	48.538807	-23.474939	0.007028
1087.000000	51.545696	40.783621	0.003687
1088.000000	77.737671	69.838134	0.000414
1089.000000	50.725617	47.367375	0.008342
1090.000000	80.596577	-77.595397	0.034106
1091.000000	60.342734	5.004439	0.002389
1092.000000	37.508087	-29.031624	0.004002
1093.000000	34.923827	36.887961	0.002548
1094.000000	65.911342	42.281174	0.001220
1095.000000	57.408800	22.653166	0.005613
1096.000000	74.172275	84.244637	0.011218
1097.000000	87.960763	-62.167873	0.009601
1098.000000	71.029498	66.980106	0.001841
1099.000000	42.290775	-31.199105	0.003088
1100.000000	53.809726	-33.476918	0.002648
1101.000000	56.803924	39.184240	0.000566
1102.000000	89.251238	87.402664	0.122464
1103.000000	85.547528	66.551434	0.000815
1104.000000	83.533333	-75.196960	0.006876
1105.000000	73.494032	-68.187523	0.010009
1106.000000	64.674227	34.202491	0.002697
1107.000000	59.980620	10.850349	0.004629
1108.000000	59.183418	53.135563	0.020869
1109.000000	-66.071319	-85.398812	0.006344
1110.000000	83.172056	85.314977	0.005137
1111.000000	81.457782	61.727327	0.000124
1112.000000	36.917932	0.329984	0.001673
1113.000000	53.445263	-20.278432	0.004832
1114.000000	54.918281	30.699596	0.001251
1115.000000	49.889053	27.468190	0.005757
1116.000000	45.237786	3.536417	0.016619
1117.000000	-89.850371	-49.865338	0.001610
1118.000000	-82.634636	-78.232280	0.005131
1119.000000	85.067686	-87.834500	0.005034
1120.000000	54.414869	-38.733273	0.001128
1121.000000	63.253158	43.657311	0.000416
1122.000000	-72.883564	85.970867	0.003455
1123.000000	55.469730	0.602776	0.008576
