Thin Section: 	C:\Ice Data\2017-07-14-Fri\11.54 SPICE 878 VTS

Results: 	C:\Ice Results\2017-07-14-Fri\11.54 SPICE 878 VTS\2017-07-17-Mon, 15.31

Sequence Angles: 
xi	phi inner
0	0
45	0
45	-45
45	-90
45	-135
45	-180
45	-225
45	-270
45	-315

Threshold: 
45.000

Grain #		theta		phi	Rsquared

0.000000	29.484825	-20.577305	0.000045
1.000000	-41.206605	-87.299187	0.005602
2.000000	-64.621303	69.236888	0.005650
3.000000	46.768867	-40.233139	0.009385
4.000000	54.478763	81.489722	0.003842
5.000000	-16.542148	2.240119	0.024373
6.000000	-17.526007	14.209726	0.007957
7.000000	85.975937	-84.710455	0.001025
8.000000	-17.501461	15.561263	0.185412
9.000000	-42.792453	58.125214	0.001479
10.000000	54.535757	-55.996221	0.006275
11.000000	-37.867339	72.105477	0.001158
12.000000	59.495825	66.248281	0.006395
13.000000	-75.957296	52.142076	0.093958
14.000000	-80.281309	52.281187	0.021306
15.000000	-31.729082	-64.931076	0.730537
16.000000	-64.996900	-85.326552	0.007372
17.000000	-72.517919	27.851199	0.260471
18.000000	61.041941	69.523141	0.007275
19.000000	-73.499726	-81.511909	0.147205
20.000000	-79.211222	77.998778	0.004073
21.000000	32.315162	83.575431	0.002858
22.000000	-40.261432	-64.755558	0.004229
23.000000	83.377600	89.567067	0.020373
24.000000	39.041941	43.554163	0.023951
25.000000	-52.598696	84.461070	0.000737
26.000000	76.048517	-1.082248	0.791551
27.000000	29.481893	57.218476	0.001157
28.000000	37.443418	-74.110628	0.004895
29.000000	-38.495591	76.233341	0.003046
30.000000	-62.987114	71.757036	0.010163
31.000000	-46.152780	77.046765	0.008702
32.000000	12.005852	47.799554	0.021345
33.000000	-59.146741	85.125781	0.013305
34.000000	-65.926643	-55.487031	0.029490
35.000000	65.061713	-79.802619	0.003324
36.000000	41.151013	25.592758	0.005900
37.000000	29.356209	61.279113	0.059719
38.000000	-72.113199	-48.088605	0.002016
39.000000	76.085540	-80.362384	0.004336
40.000000	-30.383640	-32.539749	0.076648
41.000000	-60.264374	85.943789	0.052890
42.000000	69.943774	-70.770125	0.005061
43.000000	-70.039237	84.238630	0.003833
44.000000	30.149668	80.975582	0.041317
45.000000	74.636225	-32.522741	0.003238
46.000000	88.631529	-82.688509	0.021671
47.000000	-35.652810	72.893332	0.042085
48.000000	78.244637	-73.823253	0.003800
49.000000	-26.974765	81.705609	0.000684
50.000000	-0.867168	-66.914495	0.191100
51.000000	-80.093327	83.983524	0.003769
52.000000	63.537910	-75.249806	0.006403
53.000000	44.125068	-68.637400	0.005380
54.000000	3.758252	51.223012	0.096403
55.000000	14.478622	57.007644	0.013468
56.000000	36.295425	34.167520	0.006099
57.000000	-84.554841	83.537910	0.007462
58.000000	85.200892	-87.891532	0.002625
59.000000	61.837940	-80.979057	0.094234
60.000000	-75.439775	78.045574	0.005190
61.000000	-34.369932	-57.563563	0.009488
62.000000	-41.758428	-75.653675	0.003640
63.000000	-20.010849	-9.583565	0.003445
64.000000	-73.134558	-88.809619	0.058169
65.000000	-39.351146	69.282051	0.001264
66.000000	-77.862554	70.364159	0.001322
67.000000	18.663961	43.946785	0.002656
68.000000	-80.400869	70.131990	0.001443
69.000000	52.936184	-72.147464	0.001551
70.000000	-33.114309	-44.383358	0.005255
71.000000	-62.160319	-62.832332	0.004210
72.000000	54.668765	-87.494125	0.002474
73.000000	28.998417	-88.839514	0.002007
74.000000	-88.266082	-68.386510	0.001063
75.000000	31.416354	-42.212311	0.008060
76.000000	22.581217	-57.691268	0.205214
77.000000	36.620984	74.187117	0.006754
78.000000	46.660740	-10.425873	0.003840
79.000000	55.752221	-75.596047	0.001629
80.000000	33.763076	-9.854767	0.005413
81.000000	13.457699	-34.250365	0.388527
82.000000	27.417709	81.291606	0.002964
83.000000	20.167592	-48.614719	0.020539
84.000000	34.115914	76.840210	0.007085
85.000000	-71.741492	-75.024350	0.001236
86.000000	38.703756	83.043989	0.049917
87.000000	-36.953458	29.735944	0.002298
88.000000	-30.908252	80.185856	0.004724
89.000000	-62.456311	75.385193	0.007806
90.000000	-71.104894	56.742640	0.002174
91.000000	-36.912543	84.199725	0.000349
92.000000	55.291020	-52.587642	0.002784
93.000000	21.271612	-17.894886	0.094577
94.000000	61.593357	89.058949	0.212004
95.000000	72.604097	-89.548615	0.006550
96.000000	-50.187523	66.934721	0.004230
97.000000	68.564908	74.428565	0.003834
98.000000	28.132849	-21.154334	0.005314
99.000000	-11.956166	25.462604	0.017101
100.000000	-89.217189	59.998298	0.002026
101.000000	15.588707	61.455655	0.016170
102.000000	49.170524	64.840244	0.004526
103.000000	-74.167873	-61.149684	0.007084
104.000000	35.560697	74.269198	0.008054
105.000000	-72.335234	72.520490	0.007654
106.000000	-71.519463	89.422671	0.081707
107.000000	27.886781	-83.743159	0.001275
108.000000	17.141667	23.720716	0.011169
109.000000	-77.814841	-70.003481	0.001298
110.000000	32.155532	-4.907324	1.104878
111.000000	-34.713108	-87.022882	0.004933
112.000000	37.408833	-89.327397	0.006738
113.000000	-18.384036	-66.093027	0.003315
114.000000	-56.072556	83.884384	0.005706
115.000000	-43.036463	55.154097	0.004769
116.000000	66.194386	-22.084047	0.006030
117.000000	88.045608	56.354879	0.006275
118.000000	-66.853637	75.562756	0.758717
119.000000	81.023349	60.160038	0.003250
120.000000	37.671688	53.765486	0.001298
121.000000	-73.479842	87.553617	0.002465
122.000000	77.472274	71.894509	0.001655
123.000000	21.373042	-42.103712	0.012314
124.000000	-31.839962	-61.223579	0.013472
125.000000	81.321259	-67.056398	0.001015
126.000000	26.636192	-5.124433	0.008044
127.000000	28.147942	24.157222	0.021509
128.000000	58.325727	55.939265	0.061252
129.000000	-46.886543	-55.170766	0.087450
130.000000	19.413483	23.073896	0.006962
131.000000	-73.571402	70.960576	0.002512
132.000000	-7.765961	-85.079879	0.066047
133.000000	86.186939	-66.039257	0.110167
134.000000	-53.386449	-66.338743	0.265341
135.000000	79.963613	65.434907	1.233132
136.000000	-27.436866	-64.663421	0.008720
137.000000	29.745751	49.363410	0.008459
138.000000	52.359475	69.449907	0.012478
139.000000	-78.759344	42.044350	0.001732
140.000000	71.207214	87.165116	0.002409
141.000000	-38.839654	-36.188030	0.003696
142.000000	41.303137	-59.170059	0.004763
143.000000	-16.769405	-36.824277	0.000759
144.000000	54.954152	72.515541	0.089944
145.000000	19.857871	-35.664819	0.008423
146.000000	-42.057985	-80.807453	0.008381
147.000000	42.830280	82.150944	0.448278
148.000000	-78.060895	58.785836	0.001593
149.000000	-73.271392	-88.355743	0.001867
150.000000	33.978880	87.328852	0.040431
151.000000	83.010161	-24.169110	0.003967
152.000000	-41.763004	33.343216	0.003655
153.000000	-83.728159	56.885812	1.277877
154.000000	69.457414	87.224791	0.003217
155.000000	85.770591	78.158909	0.002035
156.000000	41.726332	81.852151	0.647685
157.000000	88.219000	78.058249	0.010484
158.000000	37.336724	39.057484	0.005363
159.000000	82.268932	68.753580	0.074430
160.000000	30.362385	-30.231130	0.009175
161.000000	62.785754	-62.324544	0.007067
162.000000	-84.364158	82.399707	0.003186
163.000000	-86.917532	-88.866751	0.004534
164.000000	68.663961	65.882580	0.002671
165.000000	6.252176	78.916883	0.177951
166.000000	38.005852	-63.036553	0.014710
167.000000	57.437691	78.999838	0.005815
168.000000	43.288183	-58.250683	0.030357
169.000000	31.121205	-36.665459	0.004907
170.000000	25.524006	-59.867198	0.004966
171.000000	19.173427	8.708367	0.003389
172.000000	55.533280	-89.209514	0.006004
173.000000	51.223012	52.977582	0.005312
174.000000	23.324168	-58.875398	0.001563
175.000000	-74.655855	81.859597	0.003582
176.000000	47.592380	61.323218	0.004294
177.000000	60.753136	-57.842604	0.009583
178.000000	51.681222	74.964878	0.007264
179.000000	71.375740	-56.227418	0.015705
180.000000	-85.726439	-88.995479	0.008291
181.000000	59.845440	-81.482566	0.013741
182.000000	-52.007628	-22.200480	0.725932
183.000000	-32.515241	58.913122	0.003571
184.000000	-36.833623	15.292978	0.007097
185.000000	57.867145	63.318356	0.005254
186.000000	46.144985	-58.659689	0.003518
187.000000	-67.501480	-49.428634	0.005462
188.000000	40.040963	64.090282	0.976889
189.000000	76.169333	-71.865371	0.001395
190.000000	39.691685	46.075987	0.401488
191.000000	8.666991	41.598473	0.825093
192.000000	-21.045848	-19.553529	0.000782
193.000000	33.558111	45.161970	0.031489
194.000000	-31.166619	-74.778939	0.013314
195.000000	64.998417	-83.674152	0.008346
196.000000	18.579569	15.939265	0.008834
197.000000	-20.490962	40.770110	0.005131
198.000000	-43.269733	42.816041	0.004320
199.000000	71.254527	80.965226	0.224690
200.000000	-28.809512	-63.413547	0.017233
201.000000	-68.779458	49.185785	0.005072
202.000000	-85.121829	81.400354	0.002422
203.000000	-48.964944	67.556366	0.048917
204.000000	-31.058172	-88.033478	0.002840
205.000000	53.085803	-83.432162	0.002720
206.000000	-71.432182	83.640954	0.002609
207.000000	17.787371	18.174702	0.004290
208.000000	38.913102	40.205056	0.007307
209.000000	37.140835	-55.654158	0.007772
210.000000	-72.636204	71.175488	0.004621
211.000000	-60.200446	19.956113	0.028126
212.000000	-41.476621	16.688049	0.013565
213.000000	-77.585219	84.661211	0.017297
214.000000	36.454289	44.683412	0.004257
215.000000	-55.198931	81.049542	0.003111
216.000000	77.195046	-75.778183	0.002563
217.000000	-63.750907	-85.326693	0.011993
218.000000	-74.031704	88.980454	0.004372
219.000000	-64.419605	83.923998	0.009064
220.000000	88.576666	66.530986	0.003169
221.000000	-62.276719	76.765837	0.024443
222.000000	-40.643524	11.871681	0.891917
223.000000	-76.123575	-58.445116	0.001525
224.000000	-38.715944	78.232763	0.009152
225.000000	-79.074607	86.554910	0.001110
226.000000	-86.128258	75.940885	0.001827
227.000000	49.914245	80.604437	0.006711
228.000000	66.665856	72.258508	0.004005
229.000000	25.958983	-9.109698	0.009075
230.000000	41.687566	2.567818	0.004071
231.000000	-77.536345	-12.678495	0.342316
232.000000	-89.929514	72.934721	0.002649
233.000000	22.379197	-12.539588	0.016673
234.000000	88.371697	81.341122	0.003417
235.000000	-45.365562	-80.819013	0.005413
236.000000	-52.271609	-79.546064	0.000675
237.000000	25.490931	-32.273976	0.000759
238.000000	72.065803	-54.953415	0.002161
239.000000	-25.459555	37.018393	0.203016
240.000000	-71.082248	79.861603	0.075196
241.000000	-54.795356	-84.003808	0.020811
242.000000	27.985270	-15.873152	0.006830
243.000000	69.652601	-51.916851	0.008986
244.000000	-51.622355	-79.743180	0.001625
245.000000	-32.668399	-26.955406	1.021678
246.000000	39.741439	-68.897802	0.006316
247.000000	-44.759310	67.735698	0.007697
248.000000	53.254484	-73.389517	0.003498
249.000000	-48.469266	84.473679	0.005384
250.000000	40.811532	-7.346022	0.005781
251.000000	-23.126546	82.731332	0.007978
252.000000	-45.334298	-88.752920	0.001577
253.000000	-77.830667	-71.551471	0.007434
254.000000	81.377621	84.593668	0.001674
255.000000	26.888595	-86.508887	0.010502
256.000000	-79.926643	-72.522661	0.612812
257.000000	69.906673	82.380938	0.001919
258.000000	19.193358	23.057116	0.005909
259.000000	59.085751	10.750991	0.043870
260.000000	30.942401	-7.993090	0.006887
261.000000	67.915986	-77.882399	0.005921
262.000000	-58.631608	-80.967091	0.008887
263.000000	-28.016476	58.488091	0.007188
264.000000	57.477324	46.936474	0.012573
265.000000	-56.971968	-87.762863	0.116280
266.000000	89.328732	-66.798260	0.002908
267.000000	54.224780	-73.524406	0.006301
268.000000	-72.518031	-80.338138	0.003232
269.000000	36.548081	55.781325	0.002706
270.000000	28.036172	-4.016153	0.007568
271.000000	41.031128	53.840803	0.015500
272.000000	-69.681827	-88.766360	0.034538
273.000000	46.930076	70.546784	0.007556
274.000000	70.538627	-74.865593	0.003103
275.000000	-79.642212	-89.019628	0.003085
276.000000	-84.226500	-78.257865	0.002618
277.000000	-59.299174	59.555834	0.016686
278.000000	64.408968	-84.800271	0.004418
279.000000	46.200340	-77.962239	0.006493
280.000000	39.062007	76.579968	0.000832
281.000000	-54.462090	-89.102024	0.002505
282.000000	50.833381	-53.953595	0.046234
283.000000	38.621138	-15.881548	0.002575
284.000000	81.452817	69.977585	0.003421
285.000000	40.654316	54.982098	0.003500
286.000000	57.623411	84.732588	0.007785
287.000000	-88.515175	79.693492	0.001341
288.000000	-56.456083	84.333280	0.006384
289.000000	14.429488	-9.895299	0.488449
290.000000	72.518749	80.019791	0.004749
291.000000	30.893332	38.011440	0.009658
292.000000	-70.984576	75.817445	0.083604
293.000000	19.425638	-12.279261	0.302497
294.000000	-57.981824	-83.354055	0.006658
295.000000	50.169405	80.913122	0.002069
296.000000	14.813503	-30.254743	0.019835
297.000000	55.113771	81.873840	0.003176
298.000000	46.021047	74.745544	0.002291
299.000000	-11.755377	-29.652200	0.104022
300.000000	21.433166	41.183397	0.000458
301.000000	-54.796914	65.014298	0.030001
302.000000	67.543950	-86.848846	0.004341
303.000000	-39.775222	87.593502	0.004641
304.000000	72.206569	80.960576	0.003789
305.000000	35.075054	71.324536	0.010415
306.000000	-43.949703	65.804417	0.015738
307.000000	-68.264341	60.508319	0.002994
308.000000	-25.613249	-40.065856	0.011905
309.000000	57.705193	76.641653	0.025978
310.000000	57.664805	80.486482	0.023319
311.000000	28.236910	-50.743375	0.011048
312.000000	-2.388686	79.642164	0.228109
313.000000	32.010502	46.572462	0.006020
314.000000	-83.524287	-88.750103	0.003486
315.000000	-26.140441	-60.884010	0.009208
316.000000	-65.473664	88.413863	0.006738
317.000000	14.197349	73.884191	0.126015
318.000000	25.988208	38.815277	0.004111
319.000000	-72.003481	-66.471317	0.003373
320.000000	52.076266	54.064547	0.003565
321.000000	62.404318	-64.445116	0.009406
322.000000	80.971000	-69.536470	0.000806
323.000000	46.224706	-58.064064	0.125408
324.000000	62.623975	-64.019374	0.007343
325.000000	37.628321	-68.986465	0.005931
326.000000	17.625418	42.395528	0.021660
327.000000	77.013118	82.765460	0.003300
328.000000	-26.132855	-59.224742	0.002839
329.000000	55.248190	60.132802	0.063443
330.000000	-19.121829	-62.438539	0.009686
331.000000	82.149682	80.504957	0.008262
332.000000	52.512517	-82.204192	0.011117
333.000000	17.922258	-48.141751	0.003894
334.000000	-37.211255	-57.227214	0.006411
335.000000	12.282730	18.693293	0.028660
336.000000	77.440580	69.143142	0.004148
337.000000	-67.166619	-68.175142	0.004437
338.000000	63.167614	87.678870	0.002829
339.000000	-58.212644	90.810402	0.814338
340.000000	33.333309	73.559272	0.005865
341.000000	51.153850	-46.363297	0.000831
342.000000	-68.189264	-6.687430	0.999498
343.000000	-25.039173	-71.893531	0.349778
344.000000	58.813503	-75.746224	0.007499
345.000000	23.805313	-54.204843	0.002570
346.000000	-39.326585	82.560351	0.000677
347.000000	37.548600	-64.048565	0.003373
348.000000	18.558518	29.931872	0.114848
349.000000	-16.424216	-18.184594	0.006241
350.000000	-12.579070	-78.849156	0.027232
351.000000	-9.503187	-65.096626	0.043990
352.000000	78.458939	-82.120666	0.002110
353.000000	-83.042474	54.986213	0.046462
354.000000	22.949987	58.114233	0.000157
355.000000	22.705476	57.036588	0.478381
356.000000	-68.683319	-72.110175	0.003862
357.000000	32.507974	0.539709	0.003114
358.000000	-79.738622	81.430278	0.001575
359.000000	50.382068	-48.060735	0.022685
360.000000	-75.441516	53.125352	0.003644
361.000000	-53.814681	75.938333	0.005775
362.000000	51.488045	-66.616618	0.009108
363.000000	44.394251	-47.854929	0.002852
364.000000	61.971287	78.778161	0.006381
365.000000	78.386751	88.587729	0.005938
366.000000	-84.982232	84.742591	0.012317
367.000000	82.836251	-80.774775	0.009884
368.000000	52.295054	55.690609	0.014839
369.000000	32.828852	-10.623206	0.009193
370.000000	-44.666168	-80.726706	0.005404
371.000000	24.391342	45.681773	0.003742
372.000000	-53.847462	-81.028840	0.004954
373.000000	57.032748	28.543431	0.018514
374.000000	-32.599860	-79.548347	0.971820
375.000000	48.236996	-81.598300	0.002577
376.000000	23.395510	20.535244	0.063147
377.000000	-82.858234	-88.247048	0.081887
378.000000	38.815305	87.785597	0.005379
379.000000	34.036313	89.038760	0.001677
380.000000	85.735659	-88.903555	0.004195
381.000000	-80.031704	81.454504	0.016340
382.000000	-52.262728	80.548081	0.017006
383.000000	55.802409	-81.126863	0.008006
384.000000	18.676285	23.533826	0.027825
385.000000	62.636192	86.157309	0.122251
386.000000	-45.916180	-49.303372	0.003824
387.000000	6.013493	-70.481667	0.060448
388.000000	62.616280	52.128152	0.048178
389.000000	41.964618	-60.675305	1.062825
390.000000	-12.671341	-64.231328	0.008733
391.000000	52.812880	-73.102941	0.002233
392.000000	25.559004	39.912135	0.003438
393.000000	26.088449	48.932980	0.000035
394.000000	-83.426243	-21.085157	0.014740
395.000000	-45.246864	72.478784	0.002335
396.000000	49.408833	-71.253474	0.001993
397.000000	52.940611	-77.790294	0.006915
398.000000	-66.671274	-20.220097	0.009773
399.000000	60.816494	39.729720	0.015224
400.000000	-51.241399	87.152932	0.001310
401.000000	-82.885838	-69.289841	0.002076
402.000000	38.947084	-57.900018	0.006262
403.000000	59.992321	40.226500	0.032047
404.000000	42.140388	-31.974231	0.001035
405.000000	70.604097	53.758393	0.006454
406.000000	-88.341008	-1.989498	0.002269
407.000000	22.451385	3.330978	0.001535
408.000000	49.588707	-88.414796	0.002507
409.000000	-46.531452	76.514603	0.004797
410.000000	20.300108	64.932479	0.000041
411.000000	84.523432	-82.113836	0.001807
412.000000	52.202616	-60.696631	0.021506
413.000000	49.928681	-88.775938	0.002521
414.000000	60.374568	-86.893037	0.018465
415.000000	27.496485	-85.599610	0.013268
416.000000	-53.919051	-80.853476	0.001639
417.000000	43.319950	30.061695	0.003409
418.000000	33.443418	-39.456569	0.001269
419.000000	53.416354	87.742300	0.002137
420.000000	61.010334	39.850318	0.015469
421.000000	64.085540	-84.493870	0.004010
422.000000	86.411839	-73.377155	0.005042
423.000000	-20.315317	-86.219865	0.555557
424.000000	-45.974270	78.557267	0.001205
425.000000	26.993468	-83.919422	0.013652
426.000000	31.280271	70.474253	0.005768
427.000000	26.917752	3.347897	0.009917
428.000000	-6.671202	-28.746677	0.057933
429.000000	29.475598	-9.462464	0.004468
430.000000	70.653498	44.765837	0.001539
431.000000	46.407228	-62.110648	0.008996
432.000000	-51.501446	-83.279450	0.001566
433.000000	-86.809598	-52.256628	0.001890
434.000000	29.556067	29.963826	0.018161
435.000000	31.778130	-38.851630	0.002411
436.000000	39.422800	-82.269995	0.013372
437.000000	64.608780	72.315303	0.007593
438.000000	84.105438	-72.824779	0.001322
439.000000	77.899120	72.830438	0.004627
440.000000	-43.946872	-70.627029	0.005151
441.000000	35.200370	-42.380375	1.122160
442.000000	58.125068	-47.607885	0.971568
443.000000	19.310691	16.740535	0.002353
444.000000	49.352494	-80.515221	0.004569
445.000000	75.469418	83.401794	0.001678
446.000000	64.776421	-79.973141	0.007731
447.000000	39.185805	29.015762	0.005615
448.000000	-28.692665	-85.176285	0.008033
449.000000	-35.743354	36.762098	0.010987
450.000000	-73.053489	-74.818105	0.001357
451.000000	-43.697021	47.802711	0.004447
452.000000	73.082468	-70.294183	0.008234
453.000000	43.185805	-45.835578	0.504385
454.000000	24.458939	64.097957	0.004179
455.000000	34.157168	-11.526665	0.011603
456.000000	-14.088677	18.975630	0.013063
457.000000	39.548778	-86.987357	0.016033
458.000000	-53.738583	74.342648	0.063955
459.000000	-31.203384	-69.710103	0.008047
460.000000	-87.174173	-77.878812	0.082235
461.000000	50.056083	76.880690	0.000717
462.000000	-53.224185	17.998763	0.001503
463.000000	-53.074574	74.172449	0.039581
464.000000	-67.874932	41.661862	0.005801
465.000000	64.740812	46.760777	0.006175
466.000000	-51.799607	-13.069387	0.208157
467.000000	-71.447416	85.427354	0.003042
468.000000	77.987671	-82.923205	0.007313
469.000000	72.337910	-80.012324	0.616524
470.000000	87.410580	-75.331268	0.002077
471.000000	-48.162007	-42.354679	0.001233
472.000000	27.956080	60.785836	0.003278
473.000000	43.980620	67.481936	0.006306
474.000000	28.439289	-77.464581	0.010590
475.000000	-24.974838	-24.291970	0.002601
476.000000	53.070372	1.333688	0.001965
477.000000	-57.986507	72.825788	0.016711
478.000000	56.964635	55.242455	0.005525
479.000000	-82.324651	37.851903	0.001545
480.000000	-76.646608	57.360913	0.002721
481.000000	-79.469014	88.127393	0.002559
482.000000	-61.456729	71.972979	0.017557
483.000000	-21.573089	66.006298	0.000792
484.000000	50.683824	65.728097	0.009377
485.000000	18.068779	-3.065241	0.015406
486.000000	-67.735713	49.488094	0.003605
487.000000	59.851831	75.216542	0.005221
488.000000	44.524211	83.374077	0.002337
489.000000	-75.111439	76.253743	0.001380
490.000000	73.141594	-71.386116	0.001784
491.000000	-81.527137	64.532760	0.004863
492.000000	-88.868709	86.618195	0.002384
493.000000	70.640875	-79.902043	0.003103
494.000000	-54.777678	65.373030	0.027571
495.000000	38.093132	45.852149	0.003870
496.000000	66.142129	78.557267	0.007244
497.000000	61.988174	-56.847246	0.007494
498.000000	53.407452	-52.477000	0.002527
499.000000	78.532847	74.149629	0.001251
500.000000	87.337933	68.790486	0.000651
501.000000	-56.306541	-73.971714	0.002401
502.000000	-56.399988	-69.552330	0.556607
503.000000	-76.794512	89.647127	0.003180
504.000000	70.050258	86.805910	0.372734
505.000000	32.005852	-51.623712	0.004797
506.000000	24.302940	37.039139	0.003964
507.000000	74.273561	71.669416	0.002141
508.000000	88.828818	89.603409	0.034881
509.000000	-71.139188	43.192440	0.023494
510.000000	-58.944629	68.543257	0.005216
511.000000	46.734999	-66.800238	0.002487
512.000000	32.129790	-80.527318	0.007039
513.000000	-88.628770	45.743198	0.009848
514.000000	66.473993	53.543917	0.004285
515.000000	-64.970209	-67.981331	0.002949
516.000000	37.513688	-74.478759	0.007341
517.000000	34.201939	-67.865371	0.007286
518.000000	-1.163749	67.874825	0.053312
519.000000	-46.463831	-60.811591	0.013322
520.000000	-42.437379	74.793107	0.635375
521.000000	-19.536431	-79.010060	0.005985
522.000000	45.257436	-88.212570	0.001720
523.000000	41.951469	-59.655714	0.001633
524.000000	56.217220	67.103880	0.014385
525.000000	-20.507688	-85.664881	0.007892
526.000000	38.618114	76.067335	0.002675
527.000000	-56.500221	82.633342	0.012627
528.000000	-73.203701	77.943915	0.006171
529.000000	27.125332	43.795822	0.002362
530.000000	-83.056431	80.650628	0.002639
531.000000	-78.954928	64.367035	0.018325
532.000000	13.842623	21.367408	0.011893
533.000000	-90.059115	67.565374	0.001290
534.000000	-86.992748	38.154312	0.001512
535.000000	61.703545	38.189756	0.004134
536.000000	43.722167	57.575451	0.000777
537.000000	41.828062	-56.731424	0.388965
538.000000	-74.789829	73.509039	0.001708
539.000000	16.748486	54.493551	0.006252
540.000000	62.278245	11.365364	0.002505
541.000000	23.538973	56.134841	0.236823
542.000000	16.813536	8.771512	0.184086
543.000000	-89.557841	-81.278793	0.003565
544.000000	74.473993	-67.311478	0.006390
545.000000	-18.905348	-67.674122	0.009479
546.000000	32.008843	23.903803	0.014060
547.000000	-71.536431	78.652242	0.056186
548.000000	-51.577719	21.382515	0.000803
549.000000	34.570809	34.050469	0.008625
550.000000	-83.286653	74.780718	0.002568
551.000000	87.628321	-43.254505	0.003802
552.000000	79.883925	-66.462070	0.004197
553.000000	45.583232	81.448088	0.000510
554.000000	34.813536	7.494037	0.006152
555.000000	60.857849	83.242397	0.004617
556.000000	-76.180003	-88.269024	0.002834
557.000000	16.304268	46.688741	0.007601
558.000000	69.891425	42.157129	0.001852
559.000000	-40.448790	-88.472673	0.009535
560.000000	41.151013	-65.911410	0.005231
561.000000	-39.014651	-89.385008	0.003388
562.000000	46.132888	61.202812	0.002076
563.000000	-66.923258	75.148190	0.005931
564.000000	85.583284	-86.194546	0.004338
565.000000	28.152538	-9.416592	0.001649
566.000000	26.526303	73.607599	0.004390
567.000000	-31.600326	88.870883	0.004056
568.000000	82.261417	81.750719	0.024059
569.000000	-41.238807	66.413433	0.005689
570.000000	18.056050	29.790541	0.005248
571.000000	-73.735713	-85.036481	0.023023
572.000000	-42.625266	81.638213	0.002203
573.000000	-5.689347	86.261504	0.060855
574.000000	80.458939	-29.687288	0.001020
575.000000	-21.807302	6.478817	0.000898
576.000000	18.005852	57.481936	0.005255
577.000000	47.830440	-87.632899	0.002903
578.000000	20.463569	-79.436275	0.002976
579.000000	78.458939	-29.553990	0.002280
580.000000	-66.303134	-87.860906	0.006774
581.000000	53.100946	-73.696079	0.002287
582.000000	87.096392	-72.075969	0.000807
583.000000	77.775241	-64.394499	0.002085
584.000000	-82.982232	83.991117	0.004869
585.000000	63.161318	-88.040495	0.015675
586.000000	16.633342	33.788791	0.060919
587.000000	85.859559	61.755396	0.001489
588.000000	69.954339	73.770402	0.001384
589.000000	-76.347432	-47.577578	0.002211
590.000000	54.955893	72.544997	0.010776
591.000000	-45.111367	60.267733	0.050735
592.000000	54.305895	51.247487	0.683096
593.000000	-78.598120	-80.474220	0.002056
594.000000	10.824053	-32.527923	0.039951
595.000000	25.243560	-20.701237	0.002862
596.000000	32.648536	-4.188549	0.006285
597.000000	-48.147909	89.513736	0.010751
598.000000	41.830440	-16.856401	0.001219
599.000000	51.180272	61.646321	0.011512
600.000000	43.387903	47.729101	0.003089
601.000000	-31.799607	87.861603	0.015170
602.000000	18.140481	-62.450395	0.005706
603.000000	34.053108	66.258475	0.005123
604.000000	32.673202	77.408228	0.534823
605.000000	16.776387	14.083149	0.002998
606.000000	14.969871	-47.559937	0.014657
607.000000	71.570024	-70.503130	0.001889
608.000000	-70.242452	-85.788342	0.002755
609.000000	71.980620	35.216509	0.002802
610.000000	-36.668405	-71.891499	0.006087
611.000000	-87.231166	-48.498215	0.003437
612.000000	22.656108	1.887687	0.006994
613.000000	21.993615	45.728106	0.001078
614.000000	-52.730414	65.210138	0.007939
615.000000	41.091748	17.398428	0.007283
616.000000	70.656407	-66.277833	0.001903
617.000000	49.857818	49.392834	0.088554
618.000000	41.928681	21.128453	0.002811
619.000000	46.056017	52.847511	0.004284
620.000000	65.594879	-76.767850	0.004435
621.000000	59.091697	-52.995652	0.006486
622.000000	-40.021120	65.706487	0.001589
623.000000	-11.351113	-65.033029	0.023896
624.000000	25.911303	48.186972	0.008338
625.000000	-37.956166	-56.068409	0.005690
626.000000	-85.166619	81.007924	0.072049
627.000000	-32.449787	30.383150	0.823145
628.000000	-20.949506	-86.564808	0.001076
629.000000	-51.201922	85.056802	0.002958
630.000000	50.429449	15.910246	0.009888
631.000000	49.735665	52.403779	0.047370
632.000000	-63.817711	-83.793464	0.006966
633.000000	-8.979767	43.468424	0.044535
634.000000	-86.167820	80.734999	0.004496
635.000000	3.622334	-78.765896	0.052216
636.000000	80.740461	66.152292	0.002891
637.000000	58.234054	42.231130	0.001566
638.000000	80.347136	-78.833590	0.002980
639.000000	-17.305578	-12.860074	0.018913
640.000000	77.924037	70.507867	0.001317
641.000000	45.649643	68.463763	0.004706
642.000000	79.064564	-83.577544	0.011382
643.000000	-44.312908	-38.725451	0.015902
644.000000	-53.677144	63.948878	0.027686
645.000000	73.637582	-63.616158	0.001171
646.000000	22.468252	45.761521	0.002306
647.000000	52.080949	82.850214	0.003217
648.000000	69.072166	-52.652421	0.001597
649.000000	47.364128	69.223188	0.003676
650.000000	-62.893297	84.603120	0.008699
651.000000	68.359529	-51.272642	0.087055
652.000000	81.637535	-85.415474	0.027319
653.000000	74.263158	-75.157204	0.008115
654.000000	66.640842	-52.634437	0.002597
655.000000	-32.010531	42.033404	0.001130
656.000000	-9.363842	-52.942926	0.054399
657.000000	85.911303	-86.686347	0.015458
658.000000	-34.422470	74.090703	0.006715
659.000000	-51.807161	62.475913	0.017176
660.000000	44.773517	68.776088	0.001470
661.000000	-58.134596	85.015017	0.009557
662.000000	88.798078	-72.227418	0.049061
663.000000	54.172255	82.628658	0.002971
664.000000	-76.563632	57.365683	0.005805
665.000000	53.891431	36.531292	0.004793
666.000000	-27.166586	-90.516966	0.028874
667.000000	83.341256	-88.208000	0.043788
668.000000	46.808940	65.958969	0.007955
669.000000	-40.016470	-83.186464	0.008627
670.000000	-72.063765	-84.844429	0.007530
671.000000	-54.988854	76.169599	0.005537
672.000000	-40.293513	64.194652	0.002519
673.000000	48.511196	-72.750455	0.004341
674.000000	83.516485	61.684683	0.001730
675.000000	-85.877802	-73.882379	0.004131
676.000000	49.834092	-78.021100	0.112807
677.000000	75.903770	38.934754	0.002105
678.000000	46.588990	-48.103041	0.200238
679.000000	69.759992	88.680930	0.002750
680.000000	80.033230	57.689307	0.020793
681.000000	58.152538	-72.604329	0.002893
682.000000	-35.684697	49.581339	0.022954
683.000000	37.510172	-48.099841	0.022607
684.000000	67.975937	-45.341819	0.004596
685.000000	-78.539769	-72.337924	0.003972
686.000000	51.911342	77.073984	0.004528
687.000000	32.315182	81.006499	0.005508
688.000000	-76.267244	-73.998798	0.003354
689.000000	79.433113	76.862592	0.036119
690.000000	78.300069	74.847446	0.030498
691.000000	74.734999	61.357884	0.010212
692.000000	32.838064	76.893869	0.003484
693.000000	54.526303	66.128205	0.035993
694.000000	47.345896	-50.949473	0.001637
695.000000	68.307569	-85.511909	0.029879
696.000000	-22.693491	37.169557	0.157801
697.000000	-71.894562	-83.024370	0.007191
698.000000	22.244410	-82.959457	0.011915
699.000000	32.816494	83.399262	0.004658
700.000000	-54.169110	-80.807681	0.002293
701.000000	-84.123575	-78.935441	0.001778
702.000000	69.205488	-81.989039	0.005343
703.000000	38.518623	60.392765	0.655842
704.000000	-76.252244	-87.566752	0.004455
705.000000	87.464741	86.431649	0.664998
706.000000	50.005852	-79.873152	0.003178
707.000000	84.268971	75.623638	0.061094
708.000000	35.204644	54.055751	0.002613
709.000000	61.738530	-60.614912	0.005058
710.000000	80.879974	-80.692576	0.004261
711.000000	-42.202187	84.085228	0.008617
712.000000	-24.987800	72.043393	0.002938
713.000000	-9.143871	78.052673	0.006192
714.000000	-81.259101	-76.985155	0.002470
715.000000	78.389655	0.060401	0.041294
716.000000	-31.314382	-51.469385	0.007915
717.000000	-90.615977	45.158708	0.001400
718.000000	40.848575	-60.599473	0.003073
719.000000	-74.354449	-57.081624	0.003588
720.000000	-10.821734	-76.278285	0.041394
721.000000	28.354918	63.032452	0.004385
722.000000	66.206569	-87.027187	0.018135
723.000000	-42.301067	77.242715	0.006299
724.000000	35.219418	-40.469326	0.007472
725.000000	86.757853	47.108948	0.074192
726.000000	12.656249	24.522597	0.164150
727.000000	-69.223579	88.160286	0.400271
728.000000	37.790047	-79.979247	0.000929
729.000000	-48.903323	-74.464658	0.004799
730.000000	-49.264150	-52.945738	0.024852
731.000000	-50.080646	-78.320691	0.004662
732.000000	32.005852	59.759992	0.035628
733.000000	89.815347	81.804150	0.036335
734.000000	-81.640525	82.396732	0.002977
735.000000	-48.748058	-56.461611	0.001804
736.000000	4.290775	-4.354632	0.114248
737.000000	51.316734	89.453181	0.000561
738.000000	-38.463100	60.309098	0.004172
739.000000	48.202616	50.382257	0.003084
740.000000	-64.802012	76.890462	0.009937
741.000000	-18.307784	80.462529	0.003553
742.000000	42.560284	-88.411752	1.151002
743.000000	30.120564	71.873840	0.004936
744.000000	53.096611	-78.619670	0.001640
745.000000	-61.115363	50.695072	0.003629
746.000000	66.426964	-64.530275	0.013526
747.000000	-71.998831	77.804204	0.001604
748.000000	-46.157410	-78.063726	0.000942
749.000000	41.306195	-74.913924	0.019949
750.000000	77.876425	-5.889932	1.235177
751.000000	51.984767	-89.302083	0.002527
752.000000	-53.174173	87.469824	0.001404
753.000000	27.314063	63.222061	0.000085
754.000000	31.640471	77.807287	0.003960
755.000000	-71.189406	-73.112448	0.005566
756.000000	75.787371	80.535718	0.003268
757.000000	14.446774	40.739131	0.006305
758.000000	-69.533333	83.482081	0.032122
759.000000	32.065803	46.713341	0.006148
760.000000	-58.374843	-77.794924	0.013472
761.000000	61.378523	-82.256067	0.007156
762.000000	85.906673	-56.516338	0.001201
763.000000	-7.619425	47.965441	0.008405
764.000000	-30.394262	52.119846	0.011856
765.000000	-13.435697	-82.387215	0.216345
766.000000	-84.214616	-82.772392	0.000749
767.000000	67.780102	-80.728354	0.015672
768.000000	66.804170	-86.076280	0.007599
769.000000	49.587412	-8.471577	0.004262
770.000000	-48.431717	-76.974620	0.001963
771.000000	-5.629996	-38.466487	0.077938
772.000000	-83.578422	80.714624	0.000739
773.000000	-13.043256	-70.041913	0.001284
774.000000	29.442327	34.555634	0.001191
775.000000	75.883925	-77.897519	0.233577
776.000000	-77.914313	-82.685995	0.825378
777.000000	73.965393	-80.963818	0.007134
778.000000	27.885486	-81.561630	0.006438
779.000000	-5.107088	-79.348300	0.032445
780.000000	-85.054426	86.431157	0.001933
781.000000	79.694469	66.305970	0.000909
782.000000	36.048517	3.117918	0.001904
783.000000	-66.569485	59.712731	0.007509
784.000000	78.018176	-37.314441	0.003328
785.000000	67.228678	69.050390	0.031382
786.000000	35.553482	-76.076516	0.001177
787.000000	-22.703011	69.890166	0.000789
788.000000	-44.162905	63.736655	0.004748
789.000000	-54.686003	-87.014409	0.012086
790.000000	67.054506	-62.796866	0.007552
791.000000	80.768423	-51.572942	0.002355
792.000000	76.565765	64.055197	0.365963
793.000000	-28.239518	49.519508	0.001159
794.000000	28.971127	10.555741	0.257357
795.000000	40.983397	69.504839	0.417988
796.000000	13.969585	17.758636	0.019549
797.000000	76.745265	81.943915	0.002091
798.000000	7.499706	55.374962	0.039586
799.000000	-40.374810	-80.209720	0.003260
800.000000	-56.905415	-85.548367	0.000742
801.000000	65.870034	62.633342	0.187558
802.000000	-68.374843	-84.399988	0.004368
803.000000	-76.933101	80.264521	0.001132
804.000000	-41.380603	63.639129	0.005449
805.000000	68.100827	-11.016637	0.298528
806.000000	11.440601	-56.108395	0.003392
807.000000	32.276612	68.575875	0.018558
808.000000	-70.347432	-83.522015	0.014459
809.000000	62.785754	87.010034	0.003150
810.000000	88.593673	78.870883	0.000877
811.000000	-66.145033	89.229908	0.004753
812.000000	-41.501500	85.585485	0.002707
813.000000	79.256852	88.708400	0.001552
814.000000	60.838185	-68.122919	0.036016
815.000000	18.400205	-79.476354	0.002169
816.000000	36.568968	6.532494	0.001828
817	grain not analyzable
818.000000	-80.340516	58.463817	0.001351
819.000000	-39.851999	75.168403	0.000390
820.000000	81.069246	88.825827	0.004620
821.000000	-76.519317	-69.326770	0.001060
822.000000	57.000371	-67.229890	0.004122
823.000000	-72.521681	70.773107	0.004686
824.000000	62.548938	81.776843	0.000912
