Thin Section: 	C:\Ice Data\2017-03-09-Thu\14.07 1418   VTS SPICE

Results: 	C:\Ice Results\2017-03-09-Thu\14.07 1418   VTS SPICE\2017-03-13-Mon, 12.02

Sequence Angles: 
xi	phi inner
0	0
45	0
45	-45
45	-90
45	-135
45	-180
45	-225
45	-270
45	-315

Threshold: 
45.000

Grain #		theta		phi	Rsquared

0.000000	45.303567	34.444563	0.007792
1.000000	50.160286	-61.283896	0.001869
2.000000	66.914843	-61.479477	0.003012
3.000000	57.629801	72.373385	0.009290
4.000000	72.065836	-36.382349	0.003597
5.000000	58.463710	-25.518632	0.185565
6.000000	-70.394499	88.782899	0.013705
7.000000	65.252840	86.228325	0.011160
8.000000	55.844310	2.795136	0.001347
9.000000	36.180548	-16.575231	0.005181
10.000000	68.152538	-68.654108	0.007240
11.000000	50.209478	-3.408106	0.001167
12.000000	80.488130	79.472695	0.002766
13.000000	71.046523	-52.545223	0.004198
14.000000	75.256262	-46.669077	0.002482
15.000000	60.515879	-72.365077	0.002557
16.000000	65.195031	52.897204	0.036617
17.000000	67.230233	-30.792216	0.006054
18.000000	50.965230	12.340458	0.001709
19.000000	48.209478	27.974217	0.001571
20.000000	68.234000	-87.109544	0.003159
21.000000	64.621138	-26.117654	0.008237
22.000000	52.993826	13.265794	0.001344
23.000000	53.017768	1.548546	0.029832
24.000000	70.938924	-62.826399	0.008861
25.000000	67.175174	64.956265	0.002781
26.000000	62.137479	83.755363	0.017153
27.000000	66.825860	-52.048903	0.009970
28.000000	55.108532	28.260216	0.016939
29.000000	53.155576	-26.083834	0.002956
30.000000	49.915992	-38.110175	0.002143
31.000000	55.104492	-52.250147	0.028054
32.000000	82.157168	79.585084	0.004999
33.000000	40.945508	43.147594	0.000837
34.000000	68.810594	-60.678741	0.120812
35.000000	60.862592	12.825237	0.055960
36.000000	82.234054	66.675189	0.003087
37.000000	56.628779	-52.304261	0.004348
38.000000	62.271962	-77.228933	0.009953
39.000000	44.197381	3.427413	0.002580
40.000000	38.325727	-17.673412	0.007017
41.000000	52.640842	47.607566	0.002224
42.000000	84.382101	-83.521554	0.001652
43.000000	49.114879	16.592418	0.002378
44.000000	-89.657460	-84.711797	0.004857
45.000000	45.276337	17.259235	0.001046
46.000000	59.108624	-83.047781	0.012667
47.000000	85.392601	69.128540	0.002200
48.000000	79.401827	-70.264374	0.006544
49.000000	73.389697	71.535006	0.003471
50.000000	58.132849	29.076828	0.009209
51.000000	47.370133	24.137446	0.008162
52.000000	47.793130	39.664134	0.018162
53.000000	76.833381	61.956152	0.002265
54.000000	-84.318744	79.693318	0.000789
55.000000	71.401833	62.727905	0.002884
56.000000	74.946386	57.235215	0.011822
57.000000	51.963646	48.428619	0.000949
58.000000	39.652601	-18.607166	0.003379
59.000000	52.507867	38.545830	0.004271
60.000000	66.057791	-41.381805	0.087721
61.000000	45.428422	57.349411	0.002431
62.000000	61.770591	-66.394532	0.006125
63.000000	73.193358	-58.909845	0.257305
64.000000	57.069017	-74.577575	0.005487
65.000000	65.903770	-54.923205	0.003635
66.000000	63.387903	61.838689	0.169260
67.000000	50.700826	-29.217335	0.002178
68.000000	86.700793	-76.008796	0.001872
69.000000	-86.113205	-71.724659	0.002540
70.000000	65.067735	64.730037	0.002936
71.000000	63.067735	44.945324	0.005404
72.000000	-81.528917	-87.394162	0.000930
73.000000	58.757853	0.027969	0.058940
74.000000	66.057791	1.876392	0.005202
75.000000	-88.766864	-82.569509	0.004226
76.000000	73.389644	-70.151006	0.001704
77.000000	80.975689	-63.691435	0.001020
78.000000	74.873487	-68.036295	0.002104
79.000000	64.531107	59.660349	0.003030
80.000000	59.799554	-74.968415	0.002577
81.000000	69.025235	-83.795065	0.002589
82.000000	41.818256	-38.258728	0.003653
83.000000	42.484683	39.485455	0.035801
84.000000	58.608780	-6.772801	0.001862
85.000000	47.453049	-11.234480	0.041465
86.000000	-88.217226	-79.563654	0.026257
87.000000	84.134629	88.662831	0.016738
88.000000	-77.206605	87.395839	0.008426
89.000000	68.665681	-68.733269	0.004428
90.000000	32.781071	-12.681207	0.010075
91.000000	38.053128	-13.648025	0.006751
92.000000	45.987671	-37.452046	0.003852
93.000000	58.080910	65.807074	0.006059
94.000000	65.439220	-28.628702	0.003334
95.000000	70.801266	70.608868	0.001418
96.000000	59.102139	82.750266	0.007845
97.000000	-83.117252	-80.227630	0.000762
98.000000	47.489403	70.725666	0.352518
99.000000	55.506216	-42.462090	0.096246
100.000000	51.705817	-73.564094	0.011912
101.000000	61.449735	70.497370	0.005825
102.000000	81.903803	85.888575	0.003592
103.000000	69.119212	66.137710	0.001282
104.000000	80.297166	-84.903608	0.002253
105.000000	29.536189	4.159967	0.006764
106.000000	52.708643	-42.863914	0.004456
107.000000	85.157616	-73.857745	0.017678
108.000000	51.651756	32.883324	0.004483
109.000000	39.089882	-3.131987	0.001983
110.000000	74.350007	-75.545570	0.012695
111.000000	74.656407	71.652763	0.002735
112.000000	77.687553	-76.043848	0.003976
113.000000	54.598236	-37.751410	0.009153
114.000000	58.053141	77.128453	0.008276
115.000000	63.736789	-67.940103	0.013630
116.000000	65.185838	-57.156778	0.001775
117.000000	56.898015	26.234267	0.120197
118.000000	54.117607	56.324862	0.002461
119.000000	43.262417	-52.100836	0.002267
120.000000	70.483447	55.714128	0.004264
121.000000	73.920636	-62.048570	0.001916
122.000000	71.876425	-79.067865	0.006204
123.000000	58.748453	27.388323	0.009964
124.000000	69.767720	52.540401	0.003491
125.000000	66.261417	-63.513529	0.034515
126.000000	24.478797	2.309862	0.007557
127.000000	71.577524	-67.489934	0.002743
128.000000	53.033900	15.046077	0.001940
129.000000	23.074058	-1.614544	1.556753
130.000000	41.652601	0.770144	0.001626
131.000000	69.404697	62.586081	0.003801
132.000000	46.261737	65.787342	1.034066
133.000000	61.746015	-52.687517	0.004594
134.000000	58.234054	39.406477	0.012908
135.000000	-59.906727	0.295458	1.042099
136.000000	-75.681794	86.313523	0.002525
137.000000	58.919174	18.788127	0.039891
138.000000	58.362451	40.621105	0.014468
139.000000	70.670506	81.135920	0.004236
140.000000	68.943602	60.938919	0.039565
141.000000	58.021047	-64.466720	0.006643
142.000000	68.878137	-34.310667	0.002530
143.000000	37.133234	-3.034242	0.006257
144.000000	44.784062	-44.918657	0.003328
145.000000	71.134180	78.738898	0.008512
146.000000	60.065803	-50.091547	0.000849
147.000000	74.414781	61.563795	0.000504
148.000000	70.922435	-39.119343	0.002967
149.000000	76.488091	78.515840	0.007368
150.000000	48.922435	48.990384	0.006279
151.000000	71.972946	46.211219	0.004505
152.000000	46.391434	-27.770416	0.000918
153.000000	78.628692	-87.999463	0.004120
154.000000	65.936202	-67.746317	0.006655
155.000000	-78.197576	73.755309	0.003007
156.000000	61.598007	-63.989006	0.008872
157.000000	84.339597	-73.337169	0.000959
158.000000	66.621105	-62.310513	0.017887
159.000000	59.943735	63.829223	0.003456
160.000000	39.988174	13.394294	0.004348
161.000000	88.110068	-75.401682	0.001301
162.000000	64.204881	-77.871795	0.021451
163.000000	71.383347	-75.247338	0.005167
164.000000	46.431594	28.783621	0.002434
165.000000	50.625716	70.280279	0.000339
166.000000	82.938924	80.873137	0.001023
167.000000	49.195606	12.975364	0.005507
168.000000	51.687553	49.135820	0.013327
169.000000	32.851485	1.119227	0.024871
170.000000	71.755342	-70.762253	0.002391
171.000000	52.730037	-34.856937	0.008217
172.000000	77.923998	-56.777717	0.000282
173.000000	42.391434	-6.681291	0.001217
174.000000	64.169333	-87.660370	0.009140
175.000000	50.160072	6.369073	0.002104
176.000000	59.464815	-33.959848	0.011611
177.000000	-88.757603	79.239527	0.002159
178.000000	56.625788	15.074122	0.015309
179.000000	29.909562	-4.458986	0.005488
180.000000	53.733021	-14.210053	0.003612
181.000000	76.428598	77.827551	0.001468
182.000000	76.290742	58.937663	0.002169
183.000000	56.515912	-51.617737	0.002128
184.000000	49.824978	-16.763059	0.004447
185.000000	40.563168	12.860933	0.001028
186.000000	67.637562	-43.454949	0.019748
187.000000	49.689312	38.751156	0.002433
188.000000	60.446842	46.386946	0.011931
189.000000	59.839734	74.480537	0.001671
190.000000	46.276524	-29.570024	0.001526
191.000000	48.581349	-16.045661	0.046251
192.000000	78.750227	78.996650	0.007322
193.000000	68.428598	-44.728412	0.017461
194.000000	75.697154	80.315182	0.010124
195.000000	57.504475	-47.210434	0.001531
196.000000	69.799520	-43.877802	0.001970
197.000000	70.475733	76.018143	0.006557
198.000000	-89.183506	79.214854	0.001942
199.000000	71.514780	63.494318	0.001109
200.000000	-81.464243	86.300108	0.002444
201.000000	39.165927	-22.185908	0.006035
202.000000	75.993615	81.784467	0.007429
203.000000	66.018176	18.351747	0.006770
204.000000	76.246183	-86.674111	0.050510
205.000000	85.075001	-86.130844	0.003903
206.000000	56.194386	48.505416	0.002666
207.000000	63.357950	28.995528	0.003105
208.000000	59.274501	20.713122	0.013903
209.000000	56.439289	-20.705766	0.002539
210.000000	83.449809	-74.915791	0.000785
211.000000	-90.569776	-83.514813	0.005241
212.000000	54.315303	50.820474	0.004612
213.000000	70.845738	-76.201939	0.009210
214.000000	48.685739	-38.028654	0.003853
215.000000	55.578654	39.370258	0.002003
216.000000	75.075054	-85.788268	0.001614
217.000000	17.467718	30.467170	0.004921
218.000000	60.144985	54.890374	0.013740
219.000000	-90.885784	72.480576	0.001953
220.000000	50.613551	-9.486797	0.002884
221.000000	79.523986	-89.986556	0.008406
222.000000	79.351580	-89.218842	0.008589
223.000000	59.900899	-75.588161	0.009770
224.000000	79.385088	-75.746263	0.003051
225.000000	61.445091	14.187117	0.016536
226.000000	46.679349	-34.789769	0.007720
227.000000	88.078040	-87.802658	0.001874
228.000000	47.637568	39.152899	0.001888
229.000000	53.721574	-40.502831	0.001747
230.000000	83.596260	90.040822	0.003213
231.000000	65.035673	-55.503751	0.005278
232.000000	67.059929	-56.565126	0.006684
233.000000	47.787403	68.875228	0.002568
234.000000	70.757819	-80.149629	0.009626
235.000000	59.273116	-30.962621	0.065153
236.000000	53.726332	-52.652343	0.002671
237.000000	47.576955	36.199354	0.003771
238.000000	45.172669	36.261471	0.001626
239.000000	53.971293	-68.698233	0.006336
240.000000	55.446753	-35.999584	0.002603
241.000000	63.678870	-66.434572	0.013325
242.000000	63.556047	-40.966853	0.001129
243.000000	56.005852	-22.341008	0.008396
244.000000	59.605468	63.943735	0.005353
245.000000	41.798785	57.561992	0.363178
246.000000	44.596577	59.417766	0.002085
247.000000	66.512969	-55.494584	0.002345
248.000000	-83.726405	-87.974270	0.000935
249.000000	-90.197576	74.270658	0.002368
250.000000	66.211219	-54.103784	0.003226
251.000000	69.958983	42.564908	0.005646
252.000000	80.048478	-74.725769	0.004070
253.000000	90.045608	-77.543937	0.001536
254.000000	35.556100	-11.520618	0.026279
255.000000	62.157129	39.239527	0.012081
256.000000	50.510950	-63.970968	0.695093
257.000000	58.379197	-30.008829	0.005487
258.000000	44.970547	26.660719	0.029270
259.000000	55.360859	-19.902043	0.003588
260.000000	-89.114309	78.543310	0.011241
261.000000	80.865895	63.759992	0.001904
262.000000	49.001462	-5.099114	0.012205
263.000000	50.042704	47.723281	0.002656
264.000000	77.392601	-71.309670	0.001554
265.000000	73.126713	-85.408897	0.004855
266.000000	-81.215938	87.762178	0.005460
267.000000	53.983524	-20.827736	0.008190
268.000000	40.680935	-8.635389	0.003185
269.000000	51.852091	23.844310	0.003112
270.000000	56.281154	32.885320	0.008674
271.000000	41.152711	-7.864622	0.002833
272.000000	60.025730	-21.721755	0.008448
273.000000	36.189881	-7.236203	0.010744
274.000000	77.469459	-84.634563	0.002738
275.000000	74.768828	31.370047	0.003845
276.000000	81.131291	36.309490	0.005799
277.000000	43.193967	16.823715	0.001655
278.000000	43.283553	15.889352	0.003314
279.000000	58.132849	75.750713	0.008810
280.000000	55.085306	47.941664	0.002921
281.000000	75.115909	-54.871401	0.002357
282.000000	68.868804	-54.535066	0.006565
283.000000	73.344112	89.827623	0.077060
284.000000	-80.386993	67.475997	0.020829
285.000000	87.324168	76.194704	0.001134
286.000000	89.928681	-69.297433	0.001892
287.000000	44.105385	-18.820236	0.001220
288.000000	56.865442	-47.398773	0.003037
289.000000	62.057791	3.654428	0.013863
290.000000	63.723281	-54.259744	0.009397
291.000000	77.020479	-76.400041	0.003919
292.000000	69.864241	82.867216	0.003697
293.000000	51.149200	43.064651	0.002384
294.000000	72.625716	-30.164916	0.001640
295.000000	60.374601	-54.243129	0.007613
296.000000	45.315300	31.329678	0.001364
297.000000	43.802409	78.653219	0.001880
298.000000	55.122136	75.139144	0.013588
299.000000	73.799554	-73.516592	0.004162
300.000000	57.856741	75.659025	0.059708
301.000000	57.227713	81.022592	0.012303
302.000000	46.279515	9.819171	0.019735
303.000000	62.226500	-76.728606	0.021477
304.000000	57.082489	-60.856627	0.009816
305.000000	47.642483	-29.497676	0.007334
306.000000	53.928681	-40.674091	0.043396
307.000000	72.804170	57.029918	0.005570
308.000000	72.715088	-74.533345	0.004177
309.000000	75.480195	63.465088	0.003102
310.000000	51.635788	48.443885	0.003164
311.000000	63.968296	-33.418657	0.003386
312.000000	58.064096	11.706400	0.001773
313.000000	70.576699	77.824978	0.005078
314.000000	62.808853	46.313235	0.008030
315.000000	64.322818	21.064559	0.031031
316.000000	69.569971	85.481989	0.002198
317.000000	60.327414	-54.769773	0.007489
318.000000	70.389621	-83.992898	0.003236
319.000000	68.078040	-8.434606	0.003996
320.000000	66.953873	-43.181814	0.004856
321.000000	81.251942	-78.483233	0.005844
322.000000	60.005852	-69.072833	0.024849
323.000000	51.725070	-54.669176	0.004486
324.000000	48.604097	-9.276255	0.002399
325.000000	57.348742	-26.918409	0.014599
326.000000	57.022331	-26.086228	0.010825
327.000000	42.351747	0.253683	0.008364
328.000000	49.457327	-5.621102	0.007693
329.000000	50.404357	-16.033445	0.002728
330.000000	-79.117218	-83.272588	0.001477
331.000000	46.725387	-10.887455	0.001403
332.000000	55.667829	-32.061526	0.007482
333.000000	-82.192348	-80.135725	0.023486
334.000000	55.266710	35.755396	0.039436
335.000000	50.930109	-41.035122	0.005695
336.000000	71.197955	-26.460733	0.020266
337.000000	65.337933	57.207229	0.006217
338.000000	88.665774	76.737908	0.001398
339.000000	67.521170	-67.675370	0.006137
340.000000	56.157168	39.466747	0.001855
341.000000	76.673415	-77.074553	0.002247
342.000000	57.321245	41.657672	0.001469
343.000000	-81.203701	-88.702552	0.001578
344.000000	58.125068	-41.450319	0.003952
345.000000	46.443939	-35.554089	0.024315
346.000000	53.652601	28.129931	0.045607
347.000000	81.859612	-85.566524	0.001928
348.000000	40.362331	-9.654856	0.004502
349.000000	83.050760	71.432096	0.001808
350.000000	78.625749	-88.852015	0.004519
351.000000	59.410313	-45.304987	0.003342
352.000000	52.756127	-6.065344	0.005213
353.000000	-90.486317	84.633269	0.011750
354.000000	55.652654	-47.669391	0.010746
355.000000	78.367062	-89.181732	0.004804
356.000000	67.617651	-60.788088	0.003788
357.000000	41.425580	-28.681379	0.000835
358.000000	43.415369	27.712114	0.267293
359.000000	-86.701223	83.774361	0.001611
360.000000	66.298295	57.440841	0.002671
361.000000	59.825757	-44.096158	0.151949
362.000000	34.192698	-26.730186	0.007151
363.000000	44.593673	-4.334038	0.246481
364.000000	72.540401	50.960543	0.004384
365.000000	75.546820	37.424028	0.003483
366.000000	53.583091	-61.097169	0.004097
367.000000	47.631192	-5.196501	0.005661
368.000000	45.303340	-9.170364	0.001523
369.000000	80.132849	52.504924	0.003501
370.000000	70.221817	-67.189373	0.005630
371.000000	71.649712	-8.437563	0.008391
372.000000	54.510878	56.972411	0.362200
373.000000	47.471400	-12.682559	0.213542
374.000000	45.416354	18.438250	0.002908
375.000000	73.775241	52.440976	0.004754
376.000000	51.622281	-0.071319	0.001379
377.000000	-85.181765	-67.776457	0.000546
378.000000	58.895106	-51.882399	0.004743
379.000000	55.034385	-19.529992	0.054601
380.000000	41.407506	-14.282690	0.008372
381.000000	61.046585	25.007325	0.009872
382.000000	-77.143871	86.729060	0.005355
383.000000	50.013493	-6.370166	0.004476
384.000000	53.883925	-48.432933	0.001643
385.000000	52.503217	-5.419804	0.003903
386.000000	65.102139	49.165257	0.003136
387.000000	37.169209	-13.874893	0.181009
388.000000	77.906673	69.658992	0.002736
389.000000	73.996519	-55.571348	0.007950
390.000000	52.161851	35.817658	0.001228
391.000000	47.984767	-32.353191	0.003119
392.000000	81.437763	80.499529	0.001663
393.000000	53.272490	-21.753778	0.001034
394.000000	-81.966750	88.231097	0.001385
395.000000	78.954152	68.575492	0.076339
396.000000	53.430230	-28.656993	0.013984
397.000000	71.272490	60.462724	0.002178
398.000000	37.810736	-24.990597	0.019102
399.000000	66.546181	-35.033523	0.002973
400.000000	65.993615	-63.065279	0.010008
401.000000	67.233136	-24.956329	0.020549
402.000000	73.220542	53.110118	0.004132
403.000000	68.585993	26.045574	0.003678
404.000000	38.419552	-54.533712	0.002656
405.000000	54.995547	-53.626780	0.001453
406.000000	71.304518	46.725705	0.019702
407.000000	64.503183	42.379251	0.032794
408.000000	43.375793	28.475947	0.074292
409.000000	64.737908	80.007872	0.004383
410.000000	-82.296422	87.674079	0.001629
411.000000	68.555493	52.416733	0.036671
412.000000	-84.406682	87.626964	0.010324
413.000000	36.501463	39.726907	0.009937
414.000000	85.407607	83.360048	0.016691
415.000000	47.402856	32.359688	0.002432
416.000000	59.666545	49.886795	0.013044
417.000000	77.603781	-68.826054	0.002279
418.000000	33.733885	-50.285561	0.032495
419.000000	75.259177	-74.059082	0.006528
420.000000	63.481936	-40.827736	0.002940
421.000000	61.661895	55.398924	0.008251
422.000000	48.886309	-37.274787	0.004356
423.000000	42.710159	-30.024145	0.005404
424.000000	75.179798	15.864188	0.001680
425.000000	71.593318	46.161812	0.004604
426.000000	60.246183	53.854962	0.135495
427.000000	56.680968	-37.282320	0.004180
428.000000	81.420983	73.802391	0.003919
429.000000	50.374547	-1.331235	0.002758
430.000000	71.822901	66.151355	0.001421
431.000000	83.114162	-50.123310	0.002070
432.000000	64.771737	-44.592494	0.002499
433.000000	49.250255	-31.626721	0.117413
434.000000	55.082489	66.486317	0.007912
435.000000	60.983397	-60.533093	0.017265
436.000000	56.246222	53.199960	0.002115
437.000000	73.985270	-89.374251	0.005145
438.000000	79.779870	71.350417	0.001044
439.000000	-90.812421	76.132849	0.002178
440.000000	67.906673	58.564908	0.005196
441.000000	72.697835	88.518432	0.001482
442.000000	52.226500	46.194439	0.003666
443.000000	86.217220	84.685613	0.001420
444.000000	73.740309	56.793389	0.003487
445.000000	-82.762214	-86.556204	0.014577
446.000000	58.938924	-47.269645	0.003536
447.000000	57.201290	51.257481	0.001707
448.000000	84.122198	-88.666697	0.004328
449.000000	47.915986	-3.635842	0.002402
450.000000	77.128453	-66.617750	0.001306
451.000000	70.480537	3.049558	0.002887
452.000000	66.624008	-70.826325	0.005724
453.000000	86.596577	-64.522226	0.006701
454.000000	70.850316	-30.918695	0.002408
455.000000	84.097918	87.469385	0.000781
456.000000	49.755348	-13.954353	0.004929
457.000000	68.246150	-57.450319	0.022798
458.000000	68.021047	39.328726	0.008165
459.000000	83.260373	-72.444798	0.000784
460.000000	58.021047	-54.903608	0.012188
461.000000	77.854962	-84.898958	0.003748
462.000000	66.414695	26.070825	0.008795
463.000000	51.819997	-43.430408	0.002366
464.000000	73.457342	79.224096	0.003197
465.000000	70.460659	71.720552	0.001501
466.000000	75.971287	57.350536	0.003238
467.000000	45.474021	-26.387784	0.004585
468.000000	79.920636	63.827551	0.002231
469.000000	56.663994	-2.518112	0.001819
470.000000	-82.036367	88.324597	0.002975
471.000000	61.348795	9.276503	0.546613
472.000000	41.469816	15.934410	0.767745
473.000000	57.630068	37.841778	0.001675
474.000000	61.577524	-73.495076	0.007960
475.000000	54.001169	-2.401999	0.002717
476.000000	49.785630	-46.886712	0.002468
477.000000	51.575750	47.521536	0.002808
478.000000	-85.817744	85.347579	0.001608
479.000000	88.658220	-83.678041	0.002093
480.000000	61.382250	4.879878	0.006830
481.000000	79.975970	-42.935388	0.001062
482.000000	47.236006	-16.611429	0.089611
483.000000	74.737941	52.763426	0.004660
484.000000	63.980620	43.854962	0.022743
485.000000	44.983363	-42.664653	0.002375
486.000000	83.292454	-81.674108	0.011890
487.000000	39.958969	0.221802	0.006715
488.000000	55.162970	-15.249767	0.010656
489.000000	81.365536	-88.197576	0.002546
490.000000	59.807658	8.853259	0.015377
491.000000	49.347381	38.972358	0.005430
492.000000	49.496657	-83.269996	0.003842
493.000000	65.953209	-59.204864	0.002008
494.000000	82.292516	75.365536	0.002769
495.000000	72.330324	-59.295449	0.003166
496.000000	44.825827	24.663270	0.001823
497.000000	-67.452099	89.222283	0.008499
498.000000	78.164683	79.386740	0.000664
499.000000	50.946478	-20.532940	0.000784
500.000000	49.733113	-23.505404	0.006134
501.000000	72.596577	8.425530	0.005503
502.000000	85.404703	75.175488	0.003455
503.000000	66.459113	47.550411	0.171552
504.000000	44.256593	25.323448	0.001889
505.000000	75.654342	59.230227	0.008515
506.000000	81.787371	-53.467327	0.001464
507.000000	53.395805	-34.828523	0.001798
508.000000	77.509059	84.006311	0.084415
509.000000	45.931552	-24.836982	0.001270
510.000000	66.419324	-48.258095	0.003840
511.000000	66.685706	-58.312219	0.342880
512.000000	79.973034	-71.254456	0.012463
513.000000	75.474015	-58.018403	0.006775
514.000000	61.915986	45.542787	0.008466
515.000000	48.125107	5.257919	0.011139
516.000000	49.032770	38.439289	0.002648
517.000000	74.526303	-64.632168	0.140434
518.000000	76.764130	-66.165808	0.017943
519.000000	59.357950	75.879242	0.005591
520.000000	64.965226	41.199676	0.003367
521.000000	74.021047	-88.896141	0.004875
522.000000	66.053108	56.857883	0.002251
523.000000	83.580400	82.589439	0.003905
524.000000	56.495591	-0.060895	0.001163
525.000000	60.821177	62.033410	0.004446
526.000000	49.755309	44.842796	0.002938
527.000000	67.565394	45.988207	0.005533
528.000000	55.277314	-5.835578	0.001961
529.000000	69.802424	-71.638799	0.011777
530.000000	65.337933	-42.184653	0.003680
531.000000	52.640131	31.698601	0.024877
532.000000	59.598001	-37.394162	0.001891
533.000000	53.548546	7.376041	0.003993
534.000000	62.114664	49.111347	0.063260
535.000000	85.988174	-72.812421	0.001499
536.000000	42.601227	-15.219229	0.002423
537.000000	59.951430	-6.674091	0.001925
538.000000	67.936235	-29.406366	0.044153
539.000000	47.736789	28.595282	0.001545
540.000000	-71.146741	85.442487	0.002400
541.000000	49.028497	5.894529	0.002104
542.000000	56.367101	40.021085	0.001263
543.000000	86.411785	-84.150812	0.002045
544.000000	74.214350	80.801260	0.001383
545.000000	79.102119	78.172363	0.000981
546.000000	47.697154	3.242199	0.001743
547.000000	87.008899	75.306610	0.032745
548.000000	36.221943	39.303340	0.003891
549.000000	53.827483	10.737875	0.003863
550.000000	60.893191	-51.276779	0.005921
551.000000	84.793428	73.740487	0.010974
552.000000	48.217220	44.722708	0.002617
553.000000	84.841088	-82.710503	0.000714
554.000000	80.042704	74.117568	0.001915
555.000000	65.762809	65.779870	0.023300
556.000000	61.919348	-53.598585	0.016149
557.000000	72.518749	-67.026728	0.004064
558.000000	63.210138	35.817658	0.008839
559.000000	40.459005	25.447170	0.002855
560.000000	61.102119	34.725617	0.011356
561.000000	55.189096	26.003467	0.012907
562.000000	56.503217	36.944028	0.005088
563.000000	45.749350	12.010961	0.167216
564.000000	68.784062	58.955141	0.004334
565.000000	78.693152	-63.955913	0.001059
566.000000	78.070486	-83.334298	0.003711
567.000000	74.411818	-71.401716	0.005167
568.000000	81.787371	81.513683	0.001566
569.000000	70.951161	55.283606	0.005409
570.000000	62.608780	39.988213	0.004545
571.000000	55.815347	46.082690	0.000681
572.000000	63.615964	41.807234	0.007316
573.000000	81.715781	-79.357385	0.002017
574.000000	43.417912	-2.571263	0.007774
575.000000	78.905569	-61.804257	0.000694
576.000000	38.934759	15.561650	0.004285
577.000000	53.070658	53.274744	0.003839
578.000000	-76.547183	-86.475478	0.000770
579.000000	70.503636	-69.511942	0.002806
580.000000	76.753169	-78.611748	0.005614
581.000000	46.220130	-40.537396	0.006711
582.000000	66.727325	77.405663	0.004191
583.000000	34.119282	13.658963	0.148997
584.000000	73.026908	-76.862068	0.106255
585.000000	63.617651	-45.684736	0.013092
586.000000	80.673376	47.055332	0.012279
587.000000	56.096177	51.335318	0.003952
588.000000	56.001202	32.581343	0.002141
589.000000	-77.917310	-81.014896	1.334394
590.000000	47.179798	21.851831	0.002080
591.000000	72.661052	61.881055	0.009171
592.000000	-50.764891	-6.093641	0.004648
593.000000	-82.291772	86.129946	0.007547
594.000000	49.513808	-32.226122	0.003357
595.000000	-90.718041	42.146759	0.008801
596.000000	69.767720	-82.973024	0.087801
597.000000	-83.603235	-29.977404	0.006453
598.000000	48.249234	-32.783023	0.006833
599.000000	55.975937	35.464809	0.002547
600.000000	80.307569	68.540368	0.005649
601.000000	74.344280	68.018143	0.002456
602.000000	78.085560	68.142076	0.001859
603.000000	-85.697060	-78.586556	0.001192
604.000000	55.003241	36.326125	0.001247
605.000000	52.870092	-5.686273	0.007692
606.000000	70.276471	61.316034	0.002657
607.000000	64.391434	-54.444798	0.007504
608.000000	77.146363	82.455961	0.003408
609.000000	58.938919	-24.155723	0.009239
610.000000	81.975937	-67.137467	0.002165
611.000000	70.422281	-81.464384	0.007559
612.000000	-89.221839	-78.195763	0.050296
613.000000	53.185805	61.079604	0.016695
614.000000	57.867130	62.388672	0.007542
615.000000	50.093234	47.431950	0.002657
616.000000	56.608511	34.798576	0.168053
617.000000	55.280649	37.078407	0.001443
618.000000	58.302979	37.007590	0.010917
619.000000	74.217259	70.962421	0.000556
620.000000	49.963652	18.394425	0.002893
621.000000	52.583046	56.035489	0.001201
622.000000	75.434854	65.649766	0.001742
623.000000	44.382388	58.580007	0.588691
624.000000	-87.623712	-69.984727	0.000494
625.000000	49.784818	-74.930326	0.002273
626.000000	49.689312	7.146492	0.003041
627.000000	84.608780	82.865583	0.000665
628.000000	62.045608	8.710438	0.028691
629.000000	80.439289	79.468548	0.002476
630.000000	57.971287	-72.577329	0.014663
631.000000	80.621066	-71.603975	0.014753
632.000000	59.214729	8.694926	0.014214
633.000000	41.247437	-54.383630	0.002519
634.000000	65.026888	-10.088517	0.001601
635.000000	61.318422	-80.737919	0.014425
636.000000	50.523432	2.720264	0.026900
637.000000	76.653537	70.413433	0.032933
638.000000	50.443832	37.366402	0.016167
639.000000	56.913122	-51.887328	0.011272
640.000000	61.371230	-43.211255	0.003104
641.000000	52.259750	-22.107990	0.020502
642.000000	77.439504	-61.157204	0.001013
643.000000	76.773478	65.187546	0.003489
644.000000	61.410313	-56.306043	0.016580
645.000000	76.722675	-78.003481	0.002174
646.000000	54.676439	-6.784749	0.009267
647.000000	75.464741	-60.120525	0.004226
648.000000	51.252840	50.027828	0.001622
649.000000	61.859630	-30.076314	0.018279
650.000000	59.596227	-30.024111	0.021973
651.000000	47.306524	-31.865191	0.015215
652.000000	34.905569	8.499231	0.004739
653.000000	85.692216	71.684803	0.000832
654.000000	68.300069	45.328726	0.027871
655.000000	87.782774	-82.318260	0.001596
656.000000	65.531572	49.526132	0.006221
657.000000	37.024263	10.089180	0.002833
658.000000	50.354690	-50.769756	0.003042
659.000000	81.307335	-60.710275	0.001404
660.000000	-88.841592	78.528043	0.002749
661.000000	86.221817	-74.197576	0.002070
662.000000	42.615166	-3.860867	0.001062
663.000000	83.936235	64.885652	0.002097
664.000000	79.520271	66.857909	0.000751
665.000000	83.175174	84.253072	0.002153
666.000000	40.053128	-2.498553	0.006053
667.000000	80.261378	-51.269684	0.003208
668.000000	51.561647	-28.741862	0.005441
669.000000	57.433047	-21.844804	0.011649
670.000000	47.897379	-10.399689	0.000845
671.000000	60.710438	-46.971372	0.011977
672.000000	69.647972	58.030419	0.002115
673.000000	44.865622	41.646064	0.002090
674.000000	69.430230	-60.693495	0.003728
675.000000	52.793395	-49.847234	0.006662
676.000000	-58.031704	-87.543937	0.001196
677.000000	55.669575	-43.191851	0.009931
678.000000	46.858063	-33.924438	0.005258
679.000000	77.042028	-59.845682	0.024826
680.000000	64.370004	-8.676750	0.003662
681.000000	57.141766	-51.743180	0.009997
682.000000	85.041974	-71.947955	0.001500
683.000000	69.052201	47.059929	0.006767
684.000000	-77.810244	-82.235411	0.002285
685.000000	86.453126	83.101075	0.009567
686.000000	89.701804	-75.139188	0.000967
687.000000	44.560318	9.799872	0.007588
688.000000	62.576436	68.595732	0.030054
689.000000	73.102053	59.733885	0.002853
690.000000	76.319947	78.957673	0.021905
691.000000	54.805719	-54.060694	0.015881
692.000000	75.524039	47.640385	0.003200
693.000000	87.178110	-58.549913	0.016219
694.000000	52.561327	14.073627	0.003417
695.000000	56.115881	-42.972919	0.005413
696.000000	78.532847	-55.957296	0.046442
697.000000	73.775241	-59.527104	0.002397
698.000000	56.992536	8.849744	0.000560
699.000000	57.599131	-47.822954	0.003564
700.000000	87.577524	-89.236979	0.001863
701.000000	58.273693	60.504533	0.005181
702.000000	39.368446	22.721021	0.002352
703.000000	56.268971	-16.276505	0.008614
704.000000	-88.288902	-84.775904	0.002541
705.000000	-71.713875	84.655914	0.004270
706.000000	71.810736	66.601227	0.002472
707.000000	53.456376	-57.504703	0.043055
708.000000	-85.822394	89.794871	0.013097
709.000000	81.190402	71.217886	0.003981
710.000000	42.901040	28.529480	0.002203
711.000000	72.579569	-64.948430	0.002916
712.000000	61.280218	-33.053401	0.003443
713.000000	77.280271	-79.708181	0.004323
714.000000	56.281154	48.114983	0.001425
715.000000	72.790486	-70.247561	0.002351
716.000000	75.648004	54.128205	0.002452
717.000000	89.911323	-58.649497	0.000300
718.000000	56.822918	68.289612	0.003871
719.000000	51.974230	-65.036481	0.011199
720.000000	44.273561	46.544997	0.003756
721.000000	45.661895	-23.817744	0.001018
722.000000	76.930076	54.055718	0.001876
723.000000	-80.683319	81.242179	0.006789
724.000000	60.238630	-56.338138	0.005822
725.000000	-48.398693	85.114864	0.002698
726.000000	57.207214	-41.583917	0.007521
727.000000	48.315303	-2.996759	0.003966
728.000000	67.507312	44.419552	0.015735
729.000000	-89.835317	81.036182	0.004711
730.000000	47.987671	37.271394	0.001373
731.000000	68.661052	-70.340975	0.001800
732.000000	66.969711	-35.983984	0.001691
733.000000	52.685652	12.254453	0.001313
734.000000	59.718657	1.664946	0.002026
735.000000	59.188708	-61.556115	0.018410
736.000000	82.057791	-54.120758	0.014548
737.000000	44.439061	-30.053532	0.001780
738.000000	33.345917	44.259851	0.003562
739.000000	48.339864	25.204653	0.001517
740.000000	87.264936	73.272771	0.002679
741.000000	38.683839	26.700460	0.005253
742.000000	60.917752	-59.879295	0.159622
743.000000	62.454463	-14.885450	0.001813
744.000000	52.809750	0.865158	0.000901
745.000000	-89.830688	88.917834	0.002784
746.000000	57.708228	-27.684736	0.004297
747.000000	-88.764785	-82.685956	0.013703
748.000000	83.479439	-67.853876	0.003119
749.000000	41.946819	-17.391220	0.001129
750.000000	90.189881	80.775750	0.007746
751.000000	69.439319	72.841022	0.005083
752.000000	64.236996	-44.611796	0.004905
753.000000	70.010502	75.899120	0.025244
754.000000	50.664552	51.749575	0.003736
755.000000	50.876763	53.970993	0.001258
756.000000	48.925393	-21.205934	0.002189
757.000000	54.508008	85.489161	0.002059
758.000000	81.371864	78.545830	0.000841
759.000000	67.239845	-85.838254	0.015100
760.000000	86.725305	-80.204770	0.002903
761.000000	37.326854	6.504795	0.002313
762.000000	60.305970	-20.687668	0.003728
763.000000	58.965743	38.488291	0.006191
764.000000	57.590510	49.172037	0.008861
765.000000	46.535790	-11.999496	0.003562
766.000000	50.620187	25.252508	0.003608
767.000000	46.913243	-30.944590	0.024899
768.000000	76.828818	-76.078234	0.004247
769.000000	89.463930	-82.508866	0.003630
770.000000	71.558072	-72.540581	0.001889
771.000000	82.841891	76.652363	0.002816
772.000000	-71.902082	-82.051407	0.290161
773.000000	51.586136	-64.070892	0.003183
774.000000	64.797362	-44.337421	0.003486
775.000000	54.307662	-34.950171	0.002413
776.000000	72.937663	-81.082599	0.084310
