Thin Section: 	C:\Ice Data\2017-03-08-Wed\13.39 1199  VTS SPICE

Results: 	C:\Ice Results\2017-03-08-Wed\13.39 1199  VTS SPICE\2017-03-13-Mon, 11.42

Sequence Angles: 
xi	phi inner
0	0
45	0
45	-45
45	-90
45	-135
45	-180
45	-225
45	-270
45	-315

Threshold: 
45.000

Grain #		theta		phi	Rsquared

0.000000	70.347243	69.030112	0.006595
1.000000	77.540780	-73.578935	0.027424
2.000000	68.680968	-15.976044	0.007886
3.000000	73.212988	-60.886229	0.004001
4.000000	-84.279569	84.845666	0.002060
5.000000	59.565326	53.562756	0.007046
6.000000	79.365401	-26.629721	0.001763
7.000000	62.745544	82.266028	0.016964
8.000000	51.671185	15.373291	0.011843
9.000000	58.902698	-5.146621	0.003132
10.000000	67.387903	-41.685575	0.003913
11.000000	60.640842	50.762469	0.002597
12.000000	75.832127	18.670506	0.001722
13.000000	71.420930	-37.492466	0.004375
14.000000	80.053108	-85.401682	0.001959
15.000000	88.093234	-84.622400	0.003273
16.000000	72.148083	79.867325	0.003862
17.000000	89.294287	-68.182322	0.000876
18.000000	75.509059	-38.360340	0.003534
19.000000	50.305849	-46.554716	0.005731
20.000000	64.591894	52.540440	0.005595
21.000000	55.407452	-51.319351	0.009175
22.000000	73.137017	-22.215215	0.000931
23.000000	67.822568	26.332590	0.005518
24.000000	87.702307	-84.592199	0.046318
25.000000	72.696143	68.224934	0.000467
26.000000	79.996519	-47.981824	0.007677
27.000000	77.891605	3.119662	0.001168
28.000000	78.347136	18.768780	0.002838
29.000000	-68.043887	-90.232541	0.003558
30.000000	81.971287	-79.640492	0.294182
31.000000	90.065803	-51.269684	0.005717
32.000000	67.307335	20.791263	0.002002
33.000000	56.841055	-46.605300	0.006172
34.000000	88.968130	-85.731068	0.032393
35.000000	-87.699931	82.529944	0.003868
36.000000	-88.820202	-61.989377	0.002741
37.000000	64.973450	-66.357523	0.010590
38.000000	74.865462	34.456210	0.015623
39.000000	68.725617	-6.920101	0.016022
40.000000	72.573757	68.460713	0.005161
41.000000	81.787403	-83.626615	0.004644
42.000000	79.117864	49.234934	0.122958
43.000000	69.636220	35.515621	0.077214
44.000000	64.995688	52.552764	0.002028
45.000000	71.620540	29.261089	0.016887
46.000000	70.937751	45.919123	0.005883
47.000000	60.459113	38.038060	0.002596
48.000000	79.347515	48.922543	0.013114
49.000000	84.971039	78.315303	0.049976
50.000000	75.669401	-3.939599	0.024467
51.000000	63.404736	55.025380	0.005924
52.000000	68.217220	-11.357330	0.002314
53.000000	70.057791	32.862566	0.010988
54.000000	76.471155	-56.651431	0.004742
55.000000	81.173460	-62.133714	0.008071
56.000000	56.560177	66.152592	0.003398
57.000000	-80.384057	-84.045681	0.084097
58.000000	66.161779	-45.072833	0.048734
59.000000	69.156668	29.311087	0.030976
60.000000	70.295386	-64.733269	0.014570
61.000000	85.569971	-89.810211	0.002220
62.000000	81.079725	-52.157695	0.000907
63.000000	56.251963	-41.375509	0.004837
64.000000	64.605910	-89.684697	0.037339
65.000000	-83.068582	-65.441636	0.002987
66.000000	58.097918	-62.657417	0.023532
67.000000	76.140355	-47.391220	0.006183
68.000000	-86.794458	88.505754	0.015107
69.000000	64.608814	47.588215	0.013866
70.000000	80.367121	1.799734	0.177269
71.000000	77.897379	76.994129	0.001985
72.000000	-85.336006	75.465141	0.002229
73.000000	71.075054	56.710930	0.003076
74.000000	76.005852	29.613054	0.005120
75.000000	59.693962	-24.488989	0.003081
76.000000	59.992551	39.413444	0.009340
77.000000	71.975970	-63.998831	0.018752
78.000000	82.857870	87.337986	0.001882
79.000000	53.034823	54.551058	0.003137
80.000000	82.411785	89.625151	0.094548
81.000000	77.920636	-66.841592	0.015452
82.000000	87.548561	-82.147909	0.021345
83.000000	74.426911	59.988213	0.006450
84.000000	81.368446	-75.859558	0.001130
85.000000	-79.874932	81.915986	0.013717
86.000000	61.409347	58.368755	0.041028
87.000000	35.903770	-32.888694	0.006994
88.000000	86.278304	80.050297	0.003437
89.000000	66.781071	-23.195345	0.001314
90.000000	68.584253	49.620768	0.021952
91.000000	64.680968	-12.060768	0.001568
92.000000	73.050760	-23.239344	0.028144
93.000000	87.445713	42.936474	0.000825
94.000000	63.819997	28.862991	0.005904
95.000000	40.466667	11.978933	0.027777
96.000000	74.292516	37.415257	0.002173
97.000000	64.511229	52.897874	0.007213
98.000000	45.697154	-35.294964	0.056944
99.000000	83.375880	46.545490	0.006887
100.000000	-86.108542	-61.317344	0.001736
101.000000	80.350007	-0.085614	0.011856
102.000000	-67.758500	-71.495076	0.005952
103.000000	73.118686	47.546488	0.006518
104.000000	83.301609	-59.362068	0.000757
105.000000	66.065803	-1.499759	0.002098
106.000000	62.070486	36.552584	0.006884
107.000000	-89.267146	-84.178133	0.000781
108.000000	60.604097	60.535757	0.012359
109.000000	89.248157	-68.200387	0.042189
110.000000	65.805313	-68.445194	0.014923
111.000000	66.919202	81.118140	0.001826
112.000000	86.271841	87.598040	0.012383
113.000000	77.963633	52.367062	0.002359
114.000000	68.696143	51.835264	0.008305
115.000000	66.025730	44.194386	0.005422
116.000000	66.543277	-57.368471	0.012172
117.000000	51.763394	-27.027346	0.007052
118.000000	76.286092	-76.948692	0.007317
119.000000	56.018176	-61.543884	0.017131
120.000000	79.718637	59.239845	0.013005
121.000000	85.195046	-46.617717	0.052277
122.000000	66.825860	9.889932	0.012519
123.000000	-85.830688	62.137446	0.002342
124.000000	-78.800324	86.590731	0.051424
125.000000	77.896249	67.219412	0.003656
126.000000	85.321259	40.339630	0.000846
127.000000	65.503491	80.098203	0.012800
128.000000	59.020585	23.971205	0.005861
129.000000	58.045608	-4.820149	0.636825
130.000000	79.204325	-49.623712	0.001209
131.000000	-90.876176	-67.068150	0.013732
132.000000	88.038054	-62.148169	0.001488
133.000000	78.688522	-53.052916	0.010851
134.000000	-89.645082	81.094813	0.000298
135.000000	65.871795	-33.459599	0.113873
136.000000	68.298295	-23.234540	0.027530
137.000000	76.888783	69.306491	0.018305
138.000000	-75.013733	88.273600	0.001559
139.000000	-82.302681	76.525206	0.001967
140.000000	76.293511	-71.321502	0.001742
141.000000	-89.971400	76.948252	0.001330
142.000000	64.174735	-56.454570	0.033862
143.000000	-89.194767	73.296206	0.052420
144.000000	52.530932	-17.526731	0.003732
145.000000	85.146416	-64.624753	0.000564
146.000000	-63.894615	-44.898958	0.004289
147.000000	-80.414955	-79.750946	0.001971
148.000000	67.968296	-35.426243	0.002788
149.000000	73.718691	-54.460230	0.022175
150.000000	89.433166	-74.614633	0.019461
151.000000	-82.923258	80.662952	0.023554
152.000000	75.362600	3.449842	0.024635
153.000000	76.110014	76.602968	0.001076
154.000000	58.531107	28.140302	0.013143
155.000000	77.313658	-13.729806	0.005795
156.000000	65.252840	-63.788289	0.011685
157.000000	77.963613	17.883925	0.001440
158.000000	77.687553	-80.456103	0.000875
159.000000	74.367014	-38.856467	0.004460
160.000000	62.078007	-58.530615	0.006307
161.000000	60.302979	32.881128	0.017618
162.000000	79.227887	-26.859231	0.009925
163.000000	87.091795	65.350536	0.001379
164.000000	59.420052	-58.696641	0.004028
165.000000	77.474015	-37.551524	0.004818
166.000000	-79.044107	77.158408	0.002480
167.000000	54.290775	-0.174069	0.015132
168.000000	50.427106	-9.778177	0.004648
169.000000	-76.912849	-52.565001	0.005064
170.000000	56.981802	15.570627	0.011561
171.000000	66.354879	-7.721755	0.104530
172.000000	61.404703	-52.696433	0.006136
173.000000	73.693962	57.051171	0.008366
174.000000	71.272751	-66.908570	0.003769
175.000000	78.149629	-18.026966	0.002937
176.000000	88.157129	-81.435092	0.026222
177.000000	-84.639207	82.955932	0.004132
178.000000	53.427245	18.823583	0.005047
179.000000	69.687553	9.458904	0.009753
180.000000	-78.599860	88.591927	0.007067
181.000000	52.515879	42.610423	0.002781
182.000000	67.956113	51.172264	0.005529
183.000000	70.717991	-75.092744	0.023387
184.000000	50.515879	41.746122	0.003053
185.000000	63.571100	-3.396540	0.008373
186.000000	62.117568	24.300069	0.003349
187.000000	76.442159	-70.762181	0.005654
188.000000	50.354811	36.354938	0.004285
189.000000	56.995547	50.217226	0.130252
190.000000	62.515879	39.210366	0.008662
191.000000	68.608780	-12.920121	0.002635
192.000000	86.065803	-60.505947	0.001098
193.000000	79.411704	-49.702342	0.002022
194.000000	80.840881	-56.941051	0.004545
195.000000	61.844310	-45.384708	0.034133
196.000000	57.043173	2.615498	0.003955
197.000000	84.579569	16.456296	0.006172
198.000000	80.147942	-41.814802	0.004468
199.000000	69.131291	-78.783491	0.016838
200.000000	-80.642050	-88.876090	0.004774
201.000000	-73.226483	-86.708497	0.002127
202.000000	71.344112	-72.234054	0.467155
203.000000	69.812477	-54.807771	0.009808
204.000000	56.005852	-33.536470	0.006810
205.000000	66.443900	-89.004492	0.004453
206.000000	55.173481	42.468619	0.006159
207.000000	76.078040	89.148104	0.003126
208.000000	71.637562	-9.571435	0.006143
209.000000	56.096144	82.129790	0.002251
210.000000	83.143340	-48.560297	0.003824
211.000000	69.264970	50.414201	0.007849
212.000000	69.755309	-62.437530	0.005362
213.000000	-80.897861	-85.134417	0.002595
214.000000	64.028600	-5.998831	0.002582
215.000000	66.933013	-1.909597	0.016799
216.000000	77.182707	-68.666345	0.037034
217.000000	64.033230	-40.031704	0.006750
218.000000	64.018176	42.376288	0.004340
219.000000	63.714041	-67.368473	0.089592
220.000000	66.197342	-6.321097	0.005124
221.000000	66.932980	-31.540920	0.002167
222.000000	53.412226	-24.053122	0.056033
223.000000	63.915986	-6.581926	0.006014
224.000000	67.610098	9.184481	0.001482
225.000000	81.750713	-68.980512	0.002249
226.000000	63.138863	48.586473	0.006809
227.000000	70.256593	63.170610	0.002953
228.000000	66.431508	2.538627	0.003923
229.000000	63.654342	60.512936	0.005517
230.000000	-85.961946	79.148104	0.004798
231.000000	75.499706	42.115243	0.014466
232.000000	55.415021	-25.132152	0.009402
233.000000	62.185159	-22.402032	0.008912
234.000000	43.946819	58.418030	0.001540
235.000000	-90.742516	56.407189	0.001875
236.000000	76.960576	57.031585	0.003424
237.000000	57.375685	-68.036339	0.075254
238.000000	55.706487	-25.904613	0.021236
239.000000	80.468180	88.376255	0.003188
240.000000	80.576666	27.281997	0.002640
241.000000	70.653537	51.974217	0.004779
242.000000	77.726365	45.572562	0.001955
243.000000	77.590447	65.577524	0.038480
244.000000	65.197718	-41.246864	1.167670
245.000000	55.144982	-52.102974	0.003417
246.000000	-86.167873	85.257484	0.001096
247.000000	-85.870282	-88.701175	0.103723
248.000000	81.698900	35.992290	0.008138
249.000000	46.177678	-39.518686	0.048446
250.000000	82.105385	-60.076002	0.004620
251.000000	73.643773	19.970032	0.017175
252.000000	53.461971	50.025696	0.004599
253.000000	59.822901	24.465309	0.024447
254.000000	55.572841	-66.884010	0.008654
255.000000	81.807195	61.084209	0.000389
256.000000	75.832127	-48.155690	0.006074
257.000000	68.523432	-34.924751	0.006390
258.000000	87.318475	-60.634563	0.002076
259.000000	82.319947	82.902626	0.002238
260.000000	59.076742	31.649745	0.005299
261.000000	62.633342	59.078706	0.005744
262.000000	76.337910	-17.082215	0.004334
263.000000	70.498533	26.189881	0.013178
264.000000	69.149200	-22.452265	0.005661
265.000000	77.506216	46.013526	0.013326
266.000000	64.901040	64.890144	0.003050
267.000000	65.155576	45.685906	0.002091
268.000000	59.313825	28.218913	0.003987
269.000000	64.271841	-36.841313	0.005172
270.000000	87.280271	52.890341	0.000879
271.000000	60.965041	19.283037	0.019992
272.000000	82.180548	54.781104	0.001601
273.000000	65.422676	-25.186694	0.073510
274.000000	-89.536345	-82.752601	0.005294
275.000000	80.540401	77.155571	0.001595
276.000000	46.550864	-49.803056	0.002998
277.000000	60.258508	6.992691	0.005290
278.000000	60.546214	2.922543	0.005147
279.000000	53.031057	-1.090119	0.126409
280.000000	71.993615	-54.076002	0.003914
281.000000	85.365397	-46.704132	0.001353
282.000000	76.302979	-51.640399	0.012608
283.000000	56.878171	-25.371395	0.018928
284.000000	67.657212	-46.365375	0.005014
285.000000	53.053592	-64.873353	0.003530
286.000000	57.252840	-37.665332	0.000532
287.000000	78.730316	-81.249324	0.014693
288.000000	57.158480	1.709478	0.005127
289.000000	56.442159	32.965544	0.003302
290.000000	80.112971	40.642582	0.002921
291.000000	87.046624	69.062027	0.000925
292.000000	88.475713	71.911336	0.000879
293.000000	66.608742	-52.844429	0.005714
294.000000	66.925441	-34.582021	0.070015
295.000000	70.734999	-63.371381	0.070850
296.000000	81.590447	-78.874450	0.001804
297.000000	35.070372	65.817445	0.006679
298.000000	77.832180	51.824594	0.001819
299.000000	65.996519	-38.861242	0.005196
300.000000	44.588903	-41.164068	0.005676
301.000000	56.458939	20.750233	0.008274
302.000000	77.622281	67.187579	0.002429
303.000000	-87.917310	-78.871526	0.003267
304.000000	87.185577	-73.661949	0.002278
305.000000	50.394251	17.847501	0.003126
306.000000	78.986054	73.300055	0.000667
307.000000	64.781071	29.689333	0.014921
308.000000	-84.800271	72.658148	0.001174
309.000000	54.271841	13.763076	0.026062
310.000000	57.492312	-28.732724	0.002441
311.000000	73.344112	-52.240002	0.023279
312.000000	62.201939	-27.442733	0.007542
313.000000	84.434378	76.139094	0.002088
314.000000	58.367048	63.738568	0.005977
315.000000	83.674220	-49.297433	0.007286
316.000000	86.503183	-53.131534	0.037570
317.000000	72.057791	-28.948504	0.003149
318.000000	39.477345	17.954339	0.003672
319.000000	69.948559	-54.145038	0.034316
320.000000	74.318206	37.489249	0.062603
321.000000	-85.657427	87.663457	0.002203
322.000000	61.755363	14.707534	0.121484
323.000000	75.182935	-86.452439	0.014098
324.000000	-77.436832	-83.095155	0.027253
325.000000	65.956080	-39.551524	0.005452
326.000000	85.703545	58.508286	0.001905
327.000000	45.326521	-31.623407	0.001906
328.000000	65.936235	15.775220	0.040145
329.000000	65.353320	-44.215500	0.002357
330.000000	77.762809	56.710438	0.007621
331.000000	70.717991	-58.175406	0.003097
332.000000	80.696143	57.195031	0.002625
333.000000	84.938924	74.333659	0.001695
334.000000	79.610151	41.004521	0.001200
335.000000	75.943755	76.818235	0.001540
336.000000	81.106769	54.884835	0.001013
337.000000	84.895106	85.325909	0.002979
338.000000	49.951469	-31.424508	0.005816
339.000000	80.231097	-65.181732	0.003896
340.000000	78.878098	22.895106	0.005183
341.000000	75.625151	-32.965511	0.009893
342.000000	69.689307	14.510066	0.002070
343.000000	85.006462	-23.560818	0.036154
344.000000	67.915986	-50.693741	0.003939
345.000000	68.201992	63.247114	0.005273
346.000000	72.008843	24.905530	0.021028
347.000000	60.938919	-6.148136	0.000670
348.000000	73.681740	56.658181	0.003048
349.000000	80.367014	68.725671	0.004181
350.000000	44.646816	-41.931223	1.152241
351.000000	80.214089	62.638303	0.005157
352.000000	66.490961	-37.080507	0.007154
353.000000	88.853292	82.600556	0.001898
354.000000	80.402544	82.330840	0.552443
355.000000	82.518749	57.260481	0.001375
356.000000	59.906673	42.062933	0.291635
357.000000	64.932980	74.307749	0.090186
358.000000	53.565326	-52.416734	0.004234
359.000000	78.653537	75.761296	0.000674
360.000000	58.761193	28.665741	0.010525
361.000000	77.513683	26.352008	0.005847
362.000000	80.625749	71.792053	0.000685
363.000000	-82.187523	-74.288902	0.001441
364.000000	76.045608	-71.226522	0.002147
365.000000	57.646809	-19.729342	0.004362
366.000000	87.440601	-84.036207	0.001673
367.000000	65.363623	24.164617	0.057923
368.000000	78.821177	69.030146	0.004700
369.000000	-77.274295	86.813590	0.022853
370.000000	58.784062	11.532207	0.143488
371.000000	60.117601	37.654342	0.007236
372.000000	62.784062	-78.375480	0.645524
373.000000	57.103096	-17.591244	0.003938
374.000000	-86.576113	-83.181814	0.009144
375.000000	61.271360	-18.557745	0.073587
376.000000	68.426878	54.937751	0.002335
377.000000	54.995721	57.238813	0.001631
378.000000	84.625749	-55.034741	0.003826
379.000000	74.268932	-9.077483	0.004599
380.000000	82.137499	72.194386	0.010107
381.000000	86.434378	61.121930	0.100731
382.000000	-87.444473	66.436332	0.000744
383.000000	67.370186	-23.189319	0.011243
384.000000	74.001169	39.486565	0.005432
385.000000	61.165874	18.251272	0.008902
386.000000	-83.134105	64.376255	0.003061
387.000000	65.956113	23.664766	0.176304
388.000000	54.697976	-34.251873	0.004435
389.000000	-88.431770	82.050297	0.002477
390.000000	75.445159	-63.430408	0.003239
391.000000	59.963613	19.980620	0.020725
392.000000	40.417319	-43.570314	0.003857
393.000000	60.618195	-43.319070	0.002694
394.000000	84.761187	-79.571435	0.001148
395.000000	62.359475	60.149716	0.015736
396.000000	64.998097	25.291437	0.006783
397.000000	61.832127	-6.394499	0.004105
398.000000	63.318475	-14.710455	0.009753
399.000000	78.065803	73.911323	0.002071
400.000000	72.813536	-81.368471	0.005645
401.000000	83.103880	-69.924864	0.003665
402.000000	42.993468	26.752765	0.001834
403.000000	-76.190427	-86.123662	0.057407
404.000000	76.142076	-51.214198	0.002914
405.000000	83.536169	-64.531452	0.001977
406.000000	80.057791	19.812477	0.002080
407.000000	85.716911	-75.424595	0.007598
408.000000	63.404736	33.376256	0.002082
409.000000	61.407607	70.100906	0.061163
410.000000	74.307744	30.598318	0.002728
411.000000	86.428598	-89.366718	0.056816
412.000000	-88.710503	-79.553298	0.002281
413.000000	82.281154	74.488130	0.003166
414.000000	70.784062	38.389550	0.156370
415.000000	66.085560	-63.149651	0.008287
416.000000	-83.282009	-86.024063	0.000668
417.000000	66.898048	0.043834	0.135871
418.000000	70.590643	38.637932	0.002434
419.000000	59.661895	-70.602803	0.025814
420.000000	72.737941	55.277335	0.003085
421.000000	70.276504	78.551434	0.001862
422.000000	60.640842	-12.368410	0.006357
423.000000	-69.111439	72.503324	0.002743
424.000000	49.090434	30.830970	0.043467
425.000000	63.513683	45.454438	0.003115
426.000000	70.954152	-7.750874	0.005073
427.000000	73.948559	-46.310706	0.022179
428.000000	65.501571	43.530922	0.004945
429.000000	64.428598	24.813585	0.007357
430.000000	68.700859	-56.950177	0.004622
431.000000	69.928681	-55.548567	0.006484
432.000000	76.383842	-56.063798	0.002215
433.000000	86.154312	77.920669	0.002405
434.000000	74.596577	-5.479438	0.004481
435.000000	62.102568	-89.608605	0.012675
436.000000	63.050721	-31.331049	0.041006
437.000000	75.779823	-41.251988	0.010725
438.000000	61.649712	-40.220183	0.008135
439.000000	59.654342	-20.610356	0.007046
440.000000	56.821177	42.067954	0.010357
441.000000	68.238630	35.069209	0.004465
442.000000	65.669395	51.274491	0.002599
443.000000	-81.044335	-57.620782	0.003897
444.000000	75.233136	30.913122	0.003176
445.000000	85.114162	-49.565394	0.002188
446.000000	83.280251	85.140769	0.019312
447.000000	64.357735	-63.024278	0.005309
448.000000	-84.339845	-88.682955	0.002579
449.000000	66.757786	-4.016450	0.014485
450.000000	82.828919	69.264092	0.006930
451.000000	82.728575	-74.902370	0.001711
452.000000	70.471122	66.601227	0.002403
453.000000	-80.826540	-53.464243	0.031280
454.000000	86.700859	-71.756228	0.001410
455.000000	68.253683	21.767493	0.002736
456.000000	79.802424	28.364158	0.000551
457.000000	-81.114309	73.748074	0.009271
458.000000	56.954152	26.530295	0.000361
459.000000	65.654395	53.163018	0.003252
460.000000	81.613054	34.675156	0.196694
461.000000	63.395510	38.454421	0.010029
462.000000	-88.666664	-78.804954	0.001441
463.000000	71.119179	55.004560	0.003546
464.000000	85.507312	-59.810346	0.127407
465.000000	69.572841	-50.255148	0.003504
466.000000	86.584219	-81.524195	0.002101
467.000000	-90.953376	73.444773	0.260072
468.000000	65.951430	37.943909	0.014503
469.000000	77.570024	75.179818	0.013287
470.000000	80.169333	-64.669568	0.012150
471.000000	72.515879	-63.410473	0.013916
472.000000	77.635842	-71.550167	0.002747
473.000000	72.416468	4.436119	0.005765
474.000000	78.025696	-49.870282	0.005684
475.000000	65.397183	58.255922	0.011895
476.000000	84.122198	-62.686274	0.000828
477.000000	54.535718	-21.007309	0.012342
478.000000	77.205542	48.917785	0.003024
479.000000	90.161812	-44.930758	0.001960
480.000000	64.310653	-72.607393	0.006028
481.000000	68.781071	-27.282167	0.021397
482.000000	65.357950	19.377480	0.006886
483.000000	77.886795	73.481989	0.002147
484.000000	59.943909	-46.750070	0.009099
485.000000	68.927167	33.242397	0.034609
486.000000	59.844364	-1.102024	0.002834
487.000000	64.446789	-47.254505	0.070718
488.000000	53.810736	-3.014831	0.002350
489.000000	65.254527	-2.595303	0.002211
490.000000	80.001169	-35.699931	0.001564
491.000000	77.264970	49.484619	0.002193
492.000000	42.391608	-36.072986	0.015805
493.000000	80.853259	-79.051289	0.004457
494.000000	66.439250	-46.783721	0.005737
495.000000	55.298763	30.982133	0.004886
496.000000	67.286641	21.607194	0.014802
497.000000	68.906911	-66.878815	0.007126
498.000000	68.442159	59.015017	0.003047
499.000000	-87.024350	-8.837015	0.001105
500.000000	68.796299	4.354690	0.006242
501.000000	75.971287	-5.773553	0.126563
502.000000	85.923998	89.123857	0.004717
503.000000	69.848960	-55.667902	0.003870
504.000000	-87.870282	-89.447416	0.002441
505.000000	86.973909	-79.351113	0.001679
506.000000	56.740812	-20.460230	0.010627
507.000000	70.214350	-13.906766	0.002464
508.000000	68.740812	-63.371254	0.005469
509.000000	75.696866	38.930109	0.008325
510.000000	74.685559	65.471111	0.002636
511.000000	56.998097	-59.701698	0.462560
512.000000	60.518749	-37.954528	0.036001
513.000000	-68.910118	-72.571322	0.073365
514.000000	60.180515	65.992093	0.003525
515.000000	64.364158	-6.003481	0.005150
516.000000	78.508286	77.474102	0.002098
517.000000	60.545051	-1.853275	0.008858
518.000000	56.925426	35.702008	0.010854
519.000000	48.788712	-1.432182	0.002791
520.000000	68.110014	-57.899212	0.004669
521.000000	65.382250	-86.992609	0.013198
522.000000	77.158341	-55.971361	0.001781
523.000000	77.178110	-69.714196	0.001930
524.000000	62.845705	-36.599719	0.004069
525.000000	55.135926	-40.631360	0.002853
526.000000	55.467718	-16.507448	0.008449
527.000000	76.567812	58.543271	0.003297
528.000000	62.070486	63.626931	0.025626
529.000000	-87.371342	-64.658844	0.001166
530.000000	64.564908	17.983524	0.069627
531.000000	71.613054	22.300069	0.004439
532.000000	65.827551	54.763021	0.006233
533.000000	45.537972	-37.182317	0.019123
534.000000	77.667675	-47.020783	0.005678
535.000000	89.689273	-80.980458	0.000820
536.000000	69.565341	-79.753850	0.010811
537.000000	64.540368	2.042737	0.008200
538.000000	72.848575	35.674558	0.005724
539.000000	70.110014	53.466655	0.013727
540.000000	73.094652	62.220991	0.002924
541.000000	66.307569	77.841407	0.003622
542.000000	52.731187	-14.619970	0.004306
543.000000	-83.016603	59.624520	0.012271
544.000000	58.725584	5.902290	0.086529
545.000000	69.876425	-72.123629	0.003193
546.000000	72.276471	-34.574334	0.002493
547.000000	-87.444507	82.271962	0.002925
548.000000	57.975937	19.605501	0.005625
549.000000	84.146725	-63.124805	0.000830
550.000000	64.249054	-38.099101	0.008182
551.000000	63.721541	62.370280	0.011948
552.000000	73.362600	86.702567	0.007280
553.000000	69.454557	-22.861242	0.008956
554.000000	57.298825	-46.437530	0.002459
555.000000	55.196673	52.607945	0.002677
556.000000	-82.591167	-80.125175	0.007418
557.000000	60.053128	53.342583	0.007346
558.000000	69.457414	31.217866	0.002776
559.000000	79.226912	-77.145054	0.003181
560.000000	-86.519772	77.321472	0.000830
561.000000	57.248210	-47.541906	0.002021
562.000000	52.700813	55.432996	0.011350
563.000000	62.169312	69.693957	0.003684
564.000000	76.126848	84.475887	0.075883
565.000000	75.155571	10.765837	0.003093
566.000000	85.603781	68.526336	0.000593
567.000000	77.723456	-79.406332	0.002614
568.000000	72.053108	70.725666	0.008995
569.000000	80.426858	85.905715	0.001308
570.000000	72.362385	69.449806	0.002534
571.000000	81.134114	-75.407654	0.004521
572.000000	60.960576	-35.456729	0.009173
573.000000	64.307569	-11.166658	0.005262
574.000000	73.501520	61.496870	0.002153
575.000000	64.149662	-11.556153	0.002516
576.000000	88.545051	82.033283	0.002354
577.000000	61.262081	31.980620	0.007037
578.000000	65.289545	1.794871	0.005352
579.000000	44.414695	-29.348593	0.002683
580.000000	81.943735	-83.241770	0.003343
581.000000	71.735659	44.497370	0.003312
582.000000	63.743126	50.847446	0.008408
583.000000	80.688468	-82.186992	0.002718
584.000000	56.977675	21.842186	0.030207
585.000000	61.440601	-29.432131	0.048989
586.000000	62.663961	30.998591	0.073039
587.000000	-70.103751	87.007424	0.038764
588.000000	-84.837030	-89.142091	0.003001
589.000000	66.388492	8.715121	0.008999
590.000000	69.007325	3.430224	0.004192
591.000000	64.750194	-80.083981	0.007452
592.000000	69.042028	-41.588721	0.055358
593.000000	66.993787	41.101588	0.003346
594.000000	53.472274	-3.694928	0.062283
595.000000	83.422671	78.707534	0.005502
596.000000	64.389601	-28.607360	0.007190
597.000000	74.451385	40.901369	0.006626
598.000000	82.860792	53.296153	0.001689
599.000000	71.428516	-36.732724	0.012101
600.000000	73.065775	73.016850	0.011819
601.000000	69.975937	42.747290	0.012052
602.000000	63.706487	60.510219	0.005116
603.000000	61.187584	-30.254830	0.011324
604.000000	83.345853	34.035150	0.000690
605.000000	37.223656	-75.067542	0.009681
606.000000	65.469418	-43.793431	0.002500
607.000000	82.878137	-55.931605	0.151504
608.000000	60.391342	44.602968	0.003878
609.000000	63.923998	57.454504	0.028872
610.000000	68.448529	-35.442678	0.037163
611.000000	69.703545	77.064612	0.266978
612.000000	69.993615	-45.282009	0.003068
613.000000	69.832180	-14.903727	0.002927
614.000000	60.645525	88.175054	0.004609
615.000000	78.108327	-11.106755	0.001583
616.000000	78.319914	79.557788	0.002059
617.000000	-83.778130	-79.590998	0.001304
618.000000	72.650628	6.807690	0.003218
619.000000	74.271874	74.241593	0.004838
620.000000	46.653166	-37.150908	0.469838
621.000000	81.109533	57.418167	0.006929
622.000000	-66.036367	-78.220183	0.016387
623.000000	63.402957	-53.316161	0.014909
624.000000	54.374689	36.006332	0.003643
625.000000	85.767726	76.678098	0.131940
626.000000	68.570721	-71.037809	0.065117
627.000000	75.540780	-69.798008	0.003506
628.000000	68.286092	-61.142896	0.020857
629.000000	57.135926	-36.407682	0.016921
630.000000	68.930071	19.522823	0.006410
631.000000	60.658148	5.439537	0.005227
632.000000	51.951469	17.222496	0.003304
633.000000	60.599447	-14.923059	0.338660
634.000000	65.605468	-60.550158	0.008370
635.000000	74.913069	-66.747831	0.003988
636.000000	50.808192	-25.082343	0.003396
637.000000	71.410541	41.829223	0.003167
638.000000	72.428652	-67.715159	0.013752
639.000000	60.973483	-17.237531	0.014697
640.000000	67.565341	-46.357788	0.015552
641.000000	73.007325	-24.143259	0.003732
642.000000	83.005585	88.313523	0.001671
643.000000	63.528597	54.250867	0.001829
644.000000	-87.077565	-64.792183	0.109304
645.000000	68.830471	-14.540846	0.016829
646.000000	73.476924	60.485626	0.008865
647.000000	62.998417	0.640808	0.151130
648.000000	88.018176	-71.077516	0.000218
649.000000	71.996519	-15.531820	0.007050
650.000000	66.189809	-77.954392	0.009099
651.000000	71.499706	-34.330425	0.001920
652.000000	65.309148	-27.775066	0.004372
653.000000	79.019509	-70.084014	0.042561
654.000000	61.996519	62.161812	0.005475
655.000000	-70.988854	75.765135	0.043177
656.000000	70.986054	-39.004279	0.023185
657.000000	77.557841	-14.063765	0.001368
658.000000	71.428516	36.625788	0.038109
659.000000	59.859544	56.661178	0.001053
660.000000	49.733074	14.367646	0.002387
661.000000	79.434907	65.968296	0.001291
662.000000	52.693152	-47.778144	0.009907
663.000000	86.330356	68.449833	0.001466
664.000000	79.607545	-63.291171	0.800536
665.000000	-78.076002	-68.419605	0.001130
666.000000	-79.016637	-86.584631	0.017703
667.000000	54.616455	52.771318	0.002480
668.000000	76.177678	9.126593	0.011612
669.000000	74.396765	-63.482381	0.001295
670.000000	82.201939	-71.411016	0.089678
671.000000	68.065803	-56.093327	0.094661
672.000000	60.379197	-31.891619	0.006032
673.000000	62.596610	38.318294	0.016445
674.000000	83.284901	-72.870190	0.001701
675.000000	-73.111439	79.544367	0.005037
676.000000	76.491000	-42.127940	0.010971
677.000000	89.765719	76.910252	0.001131
678.000000	80.364158	-33.309670	0.002258
679.000000	87.489403	-75.077483	0.017808
680.000000	73.006124	-62.735908	0.031318
681.000000	75.652654	-68.868584	0.011214
682.000000	71.637529	66.161779	0.002153
683.000000	45.660155	-63.971240	0.003971
684.000000	43.557970	-33.077984	0.008507
685.000000	60.925426	55.665032	0.005802
686.000000	45.656581	32.665928	0.214723
687.000000	57.345853	-52.681644	0.023391
688.000000	83.249903	40.439202	0.001159
689.000000	86.025730	-54.374849	0.002457
690.000000	57.879242	18.515840	0.009474
691.000000	83.871742	51.817127	0.001747
692.000000	64.330356	53.540960	0.003060
693.000000	68.781071	40.712677	0.002040
694.000000	83.104956	-71.867198	0.002712
695.000000	85.943735	50.226447	0.001260
696.000000	-83.709192	-89.851680	0.002919
697.000000	84.145032	36.968096	0.005570
698.000000	72.895106	-67.885336	0.003412
699.000000	78.523393	-5.234075	0.006965
700.000000	71.844310	16.882748	0.005266
701.000000	53.781033	-4.022415	0.008143
702.000000	72.641295	1.350186	0.002522
703.000000	83.331636	84.633342	0.004096
704.000000	66.658181	39.084143	0.003029
705.000000	84.825827	37.604476	0.012619
706.000000	65.516520	17.262114	0.002631
707.000000	71.687533	49.365435	0.012799
708.000000	48.209478	27.093708	0.001733
709.000000	71.211859	43.698895	0.002586
710.000000	71.131291	55.936202	0.001980
711.000000	-83.946872	-73.444425	0.001314
712.000000	77.222322	19.580608	0.027617
713.000000	88.963485	-54.839514	0.003908
714.000000	70.300036	55.076742	0.003921
715.000000	55.313653	23.779837	0.007551
716.000000	61.891445	-13.100211	0.002884
717.000000	87.297031	-85.701584	0.001191
718.000000	89.368446	-70.512078	0.001041
719.000000	81.313777	41.321526	0.017090
720.000000	62.057791	-36.841592	0.006353
721.000000	56.625788	55.914650	0.002570
722.000000	75.715781	46.622845	0.003473
723.000000	67.226912	61.410346	0.004277
724.000000	52.618195	68.307590	0.001560
725.000000	75.209327	-7.442586	0.063413
726.000000	42.145071	-30.374582	0.013260
727.000000	77.545691	-62.013435	0.001164
728.000000	72.560225	83.370187	0.004962
729.000000	65.681773	16.206569	0.018409
730.000000	89.881021	-59.194090	0.002692
731.000000	72.161779	-26.879447	0.013575
732.000000	83.289551	76.695702	0.001770
733.000000	80.201992	-78.745420	0.001464
734.000000	74.990630	-60.802877	0.001462
735.000000	65.252840	-1.911497	0.028380
736.000000	52.180515	26.957508	0.001168
737.000000	-79.488771	-68.651484	0.001833
738.000000	74.100788	10.685580	0.007310
739.000000	-82.595346	-80.336007	0.085894
740.000000	68.842796	-34.179970	0.005752
741.000000	70.214350	-39.423340	0.003353
742.000000	72.287833	-68.859397	0.003726
743.000000	74.164722	-26.108516	0.006347
744.000000	69.339516	-71.257442	0.095966
745.000000	24.357681	-43.422849	0.968962
746.000000	68.174735	26.987974	0.026874
747.000000	57.647972	-18.293801	0.004881
748.000000	66.495611	21.128387	0.009632
749.000000	61.721541	15.872060	0.011102
750.000000	76.149682	-81.201697	0.005018
751.000000	74.986054	4.930076	0.003063
752.000000	55.870034	11.027169	0.006111
753.000000	52.917785	41.294408	0.005548
754.000000	62.327468	-29.189319	0.002890
755.000000	58.383842	-9.019546	0.029059
756.000000	45.796465	48.798816	0.418236
757.000000	51.193660	-22.311508	0.006288
758.000000	75.794909	-67.220588	0.011211
759.000000	63.669395	29.646809	0.079414
760.000000	80.784062	-2.894632	0.039492
761.000000	55.773500	33.260534	0.007188
762.000000	81.928681	-59.635842	0.001519
763.000000	88.344227	-55.406332	0.003894
764.000000	66.525173	22.226500	0.005922
765.000000	89.449735	75.179884	0.000951
766.000000	48.379159	8.396657	0.422490
767.000000	58.273582	46.319947	0.002735
768.000000	77.669416	37.259177	0.003104
769.000000	81.321259	-52.195077	0.037462
770.000000	65.920636	9.684644	0.010171
771.000000	66.700793	44.371326	0.003486
772.000000	87.956080	77.474068	0.001747
773.000000	56.616280	-19.645948	0.013870
774.000000	74.598318	21.422724	0.004096
775.000000	43.368096	-70.343406	0.147148
776.000000	63.096392	37.565341	0.003481
777.000000	63.445159	40.622845	0.045830
778.000000	78.374634	-42.132956	0.002031
779.000000	74.209478	-51.914598	0.001621
780.000000	77.741439	4.978593	0.002522
781.000000	67.151013	3.661934	0.071870
782.000000	79.481921	-48.506068	0.123221
783.000000	69.397230	-62.056265	0.002690
784.000000	85.298771	-40.135812	0.001259
785.000000	78.334953	-27.716275	0.002095
786.000000	59.177706	37.159022	0.004399
787.000000	77.992638	61.306259	0.001025
788.000000	64.307590	28.238597	0.012092
789.000000	64.816494	62.172396	0.015743
790.000000	70.097918	-48.693741	0.013133
791.000000	82.154259	-79.825231	0.001958
792.000000	-70.977259	-82.041349	0.008213
793.000000	55.224325	22.013924	0.012957
794.000000	73.953209	20.910180	0.005504
795.000000	68.025730	-53.321974	0.059466
796.000000	44.696061	-31.232934	0.005963
797.000000	77.605468	-16.617750	0.037091
798.000000	73.179798	36.209439	0.002423
799.000000	-71.456690	-56.936646	0.004514
800.000000	71.287804	-20.125121	0.013953
801.000000	77.178110	3.022658	0.014490
802.000000	41.477384	82.834097	0.003423
803.000000	-86.780621	60.062933	0.007073
804.000000	64.149629	-26.483480	0.004450
805.000000	-79.129455	-49.773553	0.001593
806.000000	-88.434606	73.242430	0.001046
807.000000	64.157168	-35.048839	0.006714
808.000000	73.531593	-78.232327	0.005357
809.000000	79.545430	71.708194	0.003457
810.000000	85.631192	-72.082743	0.003260
811.000000	67.939105	-51.194090	0.005202
812.000000	51.845440	-37.009083	0.010110
813.000000	71.560744	-52.076002	0.002610
814.000000	83.674220	82.053141	0.020011
815.000000	74.628692	47.073984	0.001965
816.000000	82.434378	80.411878	0.002996
817.000000	67.864241	-26.815552	0.003480
818.000000	82.537497	-18.078872	0.008085
819.000000	79.167614	-66.968415	0.002969
820.000000	61.348742	-42.431750	0.017172
821.000000	-85.845741	-76.406682	0.001851
822.000000	73.666545	-30.505968	0.021661
823.000000	60.591894	-43.409414	0.305649
824.000000	71.928681	-43.409357	0.003196
825.000000	41.876377	82.184618	0.004089
826.000000	-82.476014	87.807745	0.031528
827.000000	51.395510	2.860812	0.002043
828.000000	-89.613249	62.876843	0.001155
829.000000	-90.649464	-63.467153	0.000794
830.000000	70.546181	66.478676	0.002324
831.000000	81.623411	-33.411064	0.004976
832.000000	63.743112	25.935903	0.033438
833.000000	79.827551	-58.259658	0.056875
834.000000	74.798078	86.583408	0.000763
835.000000	74.608780	-22.283759	0.002211
836.000000	68.588903	-43.665858	0.026204
837.000000	51.821538	-31.107160	0.003827
838.000000	74.129979	-37.527050	0.001870
839.000000	58.214350	-8.493850	0.004492
840.000000	81.089956	33.842731	0.011578
841.000000	73.114162	65.078099	0.002034
842.000000	73.047910	-42.632733	0.020757
843.000000	55.235141	-57.797344	0.309548
844.000000	75.796650	58.870578	0.009287
845.000000	75.086979	-25.877515	0.004842
846.000000	62.246183	28.246150	0.003668
847.000000	61.418026	43.356197	0.005746
848.000000	89.193305	-18.957831	0.003247
849.000000	76.581349	67.572808	0.070133
850.000000	81.004488	54.258333	0.011555
851.000000	44.327540	-37.869191	0.002423
852.000000	63.277314	-59.033644	0.010223
853.000000	80.850388	-58.416909	0.001698
854.000000	70.970547	-49.186868	0.005591
855.000000	88.893332	28.110158	0.000723
856.000000	73.778076	-31.919051	0.003154
857.000000	76.305882	74.700826	0.001476
858.000000	60.169312	58.690209	0.015427
859.000000	51.793130	25.409420	0.002882
860.000000	68.273582	-14.807825	0.010990
861.000000	60.772768	29.240745	0.007666
862.000000	27.413483	-28.040978	0.011073
863.000000	-89.657266	-69.089781	0.001424
864.000000	79.943909	-71.024370	0.025451
865.000000	47.344748	20.497177	0.019831
866.000000	-89.230010	85.749317	0.000875
867.000000	56.394392	10.998112	0.001566
868.000000	62.404318	-43.009122	0.019640
869.000000	74.033250	47.434854	0.002649
870.000000	41.679515	42.615537	0.020743
871.000000	51.360892	33.677377	0.042197
872.000000	41.096511	19.348043	0.506304
873.000000	64.821177	29.184887	0.003695
874.000000	60.351747	32.638391	0.003063
875.000000	-75.218929	-68.301858	0.002865
876.000000	75.883925	88.468213	0.001425
877.000000	70.731187	-4.038035	0.008115
878.000000	47.793615	10.379425	0.003969
879.000000	-72.315356	-16.427159	0.546132
880.000000	79.264619	55.607865	0.003289
881.000000	-90.298196	-81.082248	0.003839
882.000000	65.416354	-76.315317	0.016604
883.000000	78.663961	-55.680014	0.005790
884.000000	64.876167	-10.839677	0.003784
885.000000	87.548514	85.822341	0.005075
886.000000	72.633269	-62.357821	0.001275
887.000000	86.419324	76.294149	0.002267
888.000000	80.278245	62.351747	0.001407
889.000000	88.295386	-71.374251	0.000375
890.000000	63.165874	-48.407242	0.047622
891.000000	58.601227	-21.900018	0.003224
892.000000	65.569976	-51.004279	0.003998
893.000000	81.089882	75.368579	0.013265
894.000000	82.693152	-80.394319	0.001909
895.000000	64.295425	38.892554	0.001733
896.000000	80.110014	76.495624	0.001460
897.000000	60.785802	45.459154	0.005990
898.000000	67.827497	3.513617	0.017339
899.000000	86.206622	-62.641997	0.000444
900.000000	67.813606	-11.291500	0.001347
901.000000	69.452764	51.516820	0.013008
902.000000	75.356209	80.838151	0.000845
903.000000	68.008843	55.051235	0.000613
904.000000	66.841088	53.212588	0.000374
905.000000	69.236747	-38.604683	0.002345
906.000000	69.521103	80.397103	0.008091
907.000000	81.043715	-56.820202	0.053133
908.000000	76.174735	71.072145	0.002985
909.000000	82.095014	67.598001	0.004199
910.000000	58.932908	34.523082	0.002834
911.000000	68.261417	32.866350	0.005325
912.000000	-87.817711	-53.835317	0.008307
913.000000	85.380509	66.076387	0.000759
914.000000	76.535757	8.397017	0.024282
915.000000	64.422281	62.386751	0.005636
916.000000	69.311912	32.678098	0.027516
917.000000	62.898015	38.048131	0.003004
918.000000	59.309008	-7.894369	0.003955
919.000000	72.547921	50.373385	0.005780
920.000000	78.755707	-47.891508	0.014793
921.000000	83.980620	55.968296	0.001502
922.000000	65.173744	-11.839521	0.012434
923.000000	53.841503	-28.345566	0.003978
924.000000	75.222900	59.799613	0.001827
925.000000	68.117801	28.266067	0.010190
926.000000	-53.418690	-66.584830	0.016228
927.000000	78.347136	-19.722220	0.001140
928.000000	67.400053	-9.031865	0.005889
929.000000	88.382068	69.383705	0.004537
930.000000	83.440601	64.396084	0.000752
931.000000	57.436329	-39.710016	0.004530
932.000000	-76.446842	-85.398812	0.010803
933.000000	60.426878	-37.078454	0.006770
934.000000	78.149662	-55.546874	0.003153
935.000000	63.074618	33.765967	0.005402
936.000000	56.696143	-6.609191	0.026327
937.000000	63.243560	6.877799	0.006311
938.000000	82.848609	-70.953458	0.003621
939.000000	73.225172	55.709561	0.001977
940.000000	48.495683	36.305145	0.003592
941.000000	61.467645	-9.334226	0.006347
942.000000	75.689312	47.099443	0.001947
943.000000	67.753569	7.274303	0.003095
944.000000	66.188102	46.149668	0.017323
945.000000	-83.782780	-71.217189	0.001304
946.000000	62.738687	-26.659744	0.005314
947.000000	72.146725	-39.272588	0.003334
948.000000	86.173028	-87.274383	0.001376
949.000000	72.232434	25.809891	0.000853
950.000000	75.281944	-53.254417	0.006669
951.000000	65.368446	-59.666599	0.012229
952.000000	75.428516	3.139144	0.053187
953.000000	76.322856	-15.207582	0.005373
954.000000	83.251942	-54.657132	0.001491
955.000000	85.956080	-79.580628	0.000861
956.000000	65.481989	-61.746263	0.002134
957.000000	68.045574	-23.650895	0.001369
958.000000	72.631562	60.758743	0.001161
959.000000	66.001169	24.818235	0.021853
960.000000	66.613584	56.105529	0.006373
961.000000	-85.432182	65.607599	0.004457
962.000000	50.765340	36.842037	0.008914
963.000000	75.503404	-33.780820	0.003504
964.000000	-65.247176	-86.990143	0.012069
965.000000	52.761193	3.558725	0.003190
966.000000	57.035673	41.215337	0.136626
967.000000	-88.574372	-75.731068	0.015690
968.000000	68.616280	-54.754540	0.012399
969.000000	-89.592811	-68.522661	0.002650
970.000000	45.903803	24.448530	0.001743
971.000000	79.284901	48.019306	0.001122
972.000000	80.584253	-36.239515	0.001589
973.000000	-87.366731	-69.699931	0.000574
974.000000	-87.775187	87.897864	0.004223
975.000000	78.431508	49.289981	0.279058
976.000000	66.399674	38.176051	0.005162
977.000000	-84.007362	-83.484160	0.000721
978.000000	64.068746	-8.789379	0.025030
979.000000	56.620964	-39.109035	0.002501
980.000000	50.713150	-14.254776	0.002004
981.000000	89.030849	41.550606	0.014293
982.000000	81.058242	81.926570	0.000433
983.000000	-83.331235	72.317134	0.002158
984.000000	69.556100	-28.290810	0.003519
985.000000	63.799559	26.243772	0.005662
986.000000	-85.625311	-69.416954	0.033273
987.000000	59.807054	60.246183	0.015134
988.000000	-75.106755	78.598744	0.010351
989.000000	72.414761	-16.769756	0.489287
990.000000	63.511962	-25.684697	0.008089
991.000000	-75.959076	-66.399129	0.001415
992.000000	84.550810	-68.941380	0.002597
993.000000	70.268971	25.560697	0.226462
994.000000	60.463710	24.192347	0.017243
995.000000	64.078040	-67.401649	0.015862
996.000000	56.244657	65.344594	0.005307
997.000000	52.845584	-11.924579	0.000757
998.000000	-88.631674	65.908492	0.005414
999.000000	63.915986	-20.649497	0.006240
1000.000000	85.269847	13.617918	0.004195
1001.000000	85.736789	82.567818	0.002135
1002.000000	71.460165	-37.291973	0.003168
1003.000000	61.640451	21.824858	0.016172
1004.000000	-72.868637	73.901251	0.010725
1005.000000	-72.556582	88.526423	0.010899
1006.000000	66.986234	33.227641	0.014807
1007.000000	49.094924	35.611621	0.001198
1008.000000	71.422671	-87.682956	0.002541
1009.000000	48.860972	17.367466	0.001697
1010.000000	85.236006	-56.192713	0.002817
1011.000000	78.339864	-65.219466	0.035923
1012.000000	77.839714	-89.249324	0.006231
1013.000000	74.157168	-54.536236	0.002163
1014.000000	74.174769	-9.546841	0.006480
1015.000000	64.837971	-49.768903	0.002195
1016.000000	-71.924864	86.182289	0.237884
1017.000000	79.180311	-53.650032	0.000438
1018.000000	82.890341	-6.182783	0.004570
1019.000000	70.584253	-38.172256	0.205347
1020.000000	82.132849	-73.366731	0.001232
1021.000000	81.706936	24.610980	0.002258
1022.000000	40.319986	32.463269	0.042945
1023.000000	-87.709258	55.034124	0.004061
1024.000000	74.526303	82.672139	0.000691
1025.000000	-87.548581	88.707906	0.063404
1026.000000	85.256492	-36.711542	0.002848
1027.000000	55.207282	44.658181	0.002695
1028.000000	-90.681578	85.861285	0.027705
1029.000000	64.249234	1.027275	0.011599
1030.000000	66.097884	8.166409	0.006885
1031.000000	82.761193	-86.364652	0.004215
1032.000000	80.053141	77.730976	0.000867
1033.000000	74.513748	-62.947942	0.010788
1034.000000	43.731015	44.622660	1.038295
1035.000000	35.971287	-25.069929	0.003999
1036.000000	-86.642050	-88.093327	0.001436
1037.000000	82.890341	38.554358	0.000802
1038.000000	58.608814	12.191833	0.002039
1039.000000	40.820826	33.231118	0.128716
1040.000000	61.057092	1.210523	0.002429
1041.000000	87.741386	-35.987763	0.007368
1042.000000	69.847220	41.425666	0.001298
1043.000000	62.847918	12.582964	0.003104
1044.000000	55.108466	16.982917	0.003896
1045.000000	69.247186	-17.469557	0.004832
1046.000000	-88.196817	88.631568	0.012776
1047.000000	68.894833	-15.836858	0.008798
1048.000000	-78.096192	85.926941	0.005389
1049.000000	-80.727249	88.678098	0.011602
1050.000000	75.631010	-32.463564	0.002345
1051.000000	66.379197	39.404635	0.002032
1052.000000	78.209478	-69.790468	0.033252
1053.000000	81.064559	52.067583	0.004898
1054.000000	74.856250	-34.011646	0.007205
1055.000000	55.395611	38.148136	0.004220
1056.000000	78.860933	89.956152	0.003488
1057.000000	77.155102	39.402601	0.007453
1058.000000	84.224813	-80.100841	0.017000
1059.000000	77.506361	-87.956573	0.055778
1060.000000	73.403305	36.607573	0.004110
1061.000000	62.618049	1.679826	0.024034
1062.000000	76.281154	-72.908025	0.012141
1063.000000	62.752857	32.057923	0.067046
1064.000000	76.278458	61.247519	0.007402
1065.000000	88.665774	78.868134	0.064595
1066.000000	70.726620	66.471365	0.011322
1067.000000	-87.180189	74.528316	0.002808
1068.000000	41.456073	28.855474	0.819319
1069.000000	-79.887043	-80.599893	0.029457
1070.000000	49.524039	2.063712	0.114357
1071.000000	75.035323	-45.859100	0.097206
1072.000000	86.817956	-63.926571	0.047674
