Thin Section: 	C:\Ice Data\2017-02-23-Thu\13.08 636  VTS SPICE

Results: 	C:\Ice Results\2017-02-23-Thu\13.08 636  VTS SPICE\2017-03-07-Tue, 14.45

Sequence Angles: 
xi	phi inner
0	0
45	0
45	-45
45	-90
45	-135
45	-180
45	-225
45	-270
45	-315

Threshold: 
45.000

Grain #		theta		phi	Rsquared

0.000000	-87.459599	19.011955	0.018855
1.000000	72.258513	-40.592118	0.107704
2.000000	-81.902082	22.842621	0.006861
3.000000	41.792000	43.148104	0.009909
4.000000	45.852091	-65.768903	0.004997
5.000000	88.194386	-89.741492	0.026370
6.000000	-54.725528	45.648409	0.005639
7.000000	79.134114	-45.889473	0.186040
8.000000	44.656528	-75.884419	0.015212
9.000000	-70.969705	-16.822767	0.001639
10.000000	59.718657	82.498201	0.024283
11.000000	64.422402	-38.470977	0.030482
12.000000	69.911303	86.839892	0.006902
13.000000	82.129844	64.137431	0.001431
14.000000	-82.416821	28.150546	0.005357
15.000000	81.543917	-67.366712	0.003740
16.000000	64.495650	54.033410	0.024238
17.000000	-68.631608	-56.758860	0.003244
18.000000	-67.541008	24.305715	0.027414
19.000000	76.315303	-27.178856	0.005402
20.000000	-81.600293	-90.051102	0.019752
21.000000	36.885812	-19.511226	0.025058
22.000000	41.295650	-29.691951	0.156027
23.000000	74.117621	-16.224780	0.008638
24.000000	61.560697	-32.716030	0.003815
25.000000	-88.305564	63.568125	0.003346
26.000000	57.167620	56.491000	0.002978
27.000000	80.830106	64.848258	0.008525
28.000000	59.775220	69.562470	0.012644
29.000000	52.110014	6.440976	0.002056
30.000000	-87.655773	-38.108434	0.006032
31.000000	-59.909636	-3.838188	0.002781
32.000000	-82.735381	42.768394	0.005244
33.000000	-80.120758	36.957673	0.007857
34.000000	74.161779	-47.051748	0.016975
35.000000	57.726014	69.941324	0.118983
36.000000	89.128524	-88.391340	0.105923
37.000000	77.378697	-21.956978	0.002864
38.000000	-87.018596	-32.387631	0.001824
39.000000	-86.367068	-75.366718	0.001882
40.000000	87.474015	55.943735	0.001538
41.000000	77.014844	-82.013546	0.007804
42.000000	-86.869701	-46.684131	0.004414
43.000000	-79.750907	0.132781	0.001685
44.000000	82.726682	-85.537977	0.018185
45.000000	83.430370	5.735944	0.004447
46.000000	43.364194	17.690361	0.212188
47.000000	-78.619630	37.108969	0.010706
48.000000	68.157168	29.328852	0.011713
49.000000	41.714041	1.492279	0.004913
50.000000	63.110292	26.872020	0.013740
51.000000	60.825827	-21.600904	0.011707
52.000000	82.442192	-31.533333	0.003624
53.000000	75.928681	-43.531787	0.032418
54.000000	-75.289841	1.790247	0.001779
55.000000	-88.293513	13.436050	0.003431
56.000000	-70.466720	71.844310	0.007895
57.000000	81.132195	30.805413	0.000735
58.000000	-87.854968	-17.961913	0.004580
59.000000	86.137446	20.383842	0.010832
60.000000	-62.539835	-57.819977	0.031746
61.000000	59.102732	9.096209	0.003465
62.000000	-90.439250	8.892804	0.106492
63.000000	76.285837	33.874879	0.000810
64.000000	68.025730	25.956113	0.114536
65.000000	-47.356127	82.096648	0.366044
66.000000	-60.068448	27.747809	0.014756
67.000000	88.761226	-16.204863	0.002312
68.000000	76.337910	-36.253878	0.003098
69.000000	82.085540	-19.687606	0.003429
70.000000	48.637992	-28.657965	0.001259
71.000000	69.231842	-43.859417	0.001753
72.000000	38.613371	-84.259777	0.010557
73.000000	76.197295	-47.286937	0.006046
74.000000	-57.870282	88.243280	0.005393
75.000000	50.182328	11.792287	0.003782
76.000000	-82.659158	-29.755678	0.004501
77.000000	73.560862	40.346412	0.149360
78.000000	-68.377666	-28.629933	0.006875
79.000000	-87.986507	-64.898958	0.001431
80.000000	64.471155	31.787637	0.010897
81.000000	-88.658791	38.748286	0.011282
82.000000	88.785802	-32.015233	0.021202
83.000000	-62.765309	18.837441	0.003438
84.000000	-67.600326	19.781174	0.004428
85.000000	-81.689347	-48.746986	0.013412
86.000000	-72.344528	-6.981856	0.001302
87.000000	35.833721	47.518370	0.052559
88.000000	-87.735679	62.840934	0.003434
89.000000	49.956080	32.512936	0.004887
90.000000	-82.800324	-59.690510	0.008477
91.000000	-46.469078	-81.124601	0.001687
92.000000	72.399075	-58.024111	0.025109
93.000000	38.957508	-8.085540	0.007543
94.000000	-48.837841	-82.113166	0.016026
95.000000	-86.167873	44.830438	0.001883
96.000000	57.079565	45.978867	0.003520
97.000000	-69.749167	-35.329494	0.004422
98.000000	-82.503130	83.868871	0.003992
99.000000	82.217259	50.596577	0.008496
100.000000	66.608742	76.670365	0.003956
101.000000	48.093307	37.562789	0.002247
102.000000	90.860812	-31.862515	0.005969
103.000000	38.424202	41.077611	0.010454
104.000000	72.618195	40.391395	0.001827
105.000000	-86.748137	-10.865833	0.001563
106.000000	87.968296	-50.301105	0.002105
107.000000	-88.885784	82.057012	0.001852
108.000000	-50.431717	88.513462	0.014449
109.000000	59.309148	-36.347258	0.061218
110.000000	83.730982	-31.988248	0.001801
111.000000	56.928361	60.757415	0.004965
112.000000	75.134200	-67.553158	0.011188
113.000000	-57.433903	64.125427	0.012947
114.000000	-78.631608	72.337273	0.005456
115.000000	49.679999	-74.049343	0.006220
116.000000	51.735626	23.491129	0.004120
117.000000	39.740124	53.128425	0.004185
118.000000	-50.398693	33.195373	0.001152
119.000000	-73.406366	-64.345691	0.005643
120.000000	59.174836	-50.262297	0.001806
121.000000	81.661895	-32.557745	0.070990
122.000000	65.292434	14.588058	0.002925
123.000000	43.109606	-19.259188	0.009382
124.000000	64.895106	-47.324811	0.017493
125.000000	59.600871	79.712878	0.004247
126.000000	63.684649	-34.552744	0.006992
127.000000	79.420930	-77.650630	0.002548
128.000000	48.773014	35.315940	0.003339
129.000000	72.137499	-32.686347	0.002240
130.000000	-79.476568	-9.634538	0.001337
131.000000	-84.051441	83.718652	0.009103
132.000000	32.880675	10.751881	0.019557
133.000000	-82.016476	18.765925	0.000303
134.000000	80.693152	47.763043	0.003488
135.000000	62.446842	51.195118	0.007063
136.000000	-88.882514	5.054420	0.002004
137.000000	82.080982	78.176905	0.011377
138.000000	88.180515	78.347223	0.032035
139.000000	63.333341	-31.872834	0.012342
140.000000	-80.920435	-18.812243	0.002819
141.000000	74.637932	-25.229425	0.070020
142.000000	-69.785650	-28.172416	0.026970
143.000000	-75.496783	-14.920121	0.001471
144.000000	75.743126	57.542787	0.010286
145.000000	47.902029	-5.768864	0.004843
146.000000	78.276471	7.504462	0.002843
147.000000	78.439061	-38.086054	0.002428
148.000000	79.556100	-51.312705	0.078953
149.000000	85.859612	-48.581959	0.005930
150.000000	76.851644	31.143392	0.005067
151.000000	-67.782741	-70.965505	0.004551
152.000000	60.241787	-65.268668	0.114644
153.000000	-70.145038	70.312427	0.058897
154.000000	80.137446	-13.112535	0.005652
155.000000	-81.504389	-81.738622	0.002538
156.000000	85.390860	-21.042009	0.004553
157.000000	78.881008	71.368554	0.007358
158.000000	61.269620	36.401733	0.006723
159.000000	70.298295	-80.920208	0.009909
160.000000	-85.556148	-78.271837	0.011779
161.000000	84.364105	-42.812454	0.080084
162.000000	-63.528917	-69.924864	0.005105
163.000000	-88.123629	2.678059	0.013257
164.000000	-35.116401	58.125446	0.002988
165.000000	-87.616158	55.513703	0.010275
166.000000	60.253858	32.221870	0.003245
167.000000	69.098508	12.728278	0.012713
168.000000	-79.411097	-1.403390	0.000173
169.000000	-54.567732	-34.064097	0.007684
170.000000	36.538660	-42.458986	0.003371
171.000000	-32.631608	63.517505	0.002660
172.000000	87.557788	77.397230	0.001086
173.000000	-86.787012	-37.707025	0.034488
174.000000	-65.969620	57.577524	0.031578
175.000000	54.137571	37.607832	0.003112
176.000000	68.753136	19.034895	0.005280
177.000000	83.306244	72.112340	0.051318
178.000000	-71.548528	74.568321	0.013117
179.000000	-68.031704	-87.381805	0.016752
180.000000	75.464881	29.651843	0.008629
181.000000	67.643375	-25.713722	0.033148
182.000000	-89.526007	10.333401	0.001279
183.000000	57.420983	-69.788342	0.013688
184.000000	56.144985	83.909703	0.084162
185.000000	-81.146741	25.084476	0.000947
186.000000	-87.580676	82.354864	0.037017
187.000000	-74.202220	74.200948	0.002734
188.000000	58.816494	89.058725	0.011448
189.000000	62.696202	-85.999091	0.037528
190.000000	87.928681	-53.583585	0.019375
191.000000	80.856129	45.822287	0.002194
192.000000	-82.701229	-48.614953	0.010114
193.000000	85.175153	-85.291654	0.001814
194.000000	-49.174173	-45.875543	0.010090
195.000000	-83.687606	69.286642	0.006310
196.000000	59.669575	6.341869	0.024839
197.000000	57.948559	-48.545496	0.001385
198.000000	85.351580	38.294755	0.005745
199.000000	70.078040	35.234702	0.042938
200.000000	68.278245	25.681773	0.005219
201.000000	64.194386	44.048478	0.019854
202.000000	-81.469068	79.212950	0.005292
203.000000	-81.403423	-46.773028	0.008760
204.000000	-79.143871	-54.225618	0.002821
205.000000	-59.743407	-88.038765	0.031326
206.000000	-86.621303	82.545090	0.001788
207.000000	-87.675403	-71.733939	0.002674
208.000000	56.828698	74.335060	0.005334
209.000000	77.585024	67.422724	0.000914
210.000000	80.057791	-88.128225	0.007238
211.000000	-84.642050	-67.194090	0.038848
212.000000	50.572501	-29.231810	0.003011
213.000000	78.295386	-48.430009	0.005397
214.000000	74.451385	-8.478725	0.005528
215.000000	56.771737	42.745462	0.001323
216.000000	80.229404	30.573757	0.007995
217.000000	37.311912	-23.364141	0.005359
218.000000	65.227158	57.072397	0.002278
219.000000	83.418041	41.577491	0.002671
220.000000	-76.912953	19.851774	0.005589
221.000000	-88.742516	-58.953415	0.001871
222.000000	-80.970156	48.239987	0.016772
223.000000	50.925426	19.304799	0.003156
224.000000	73.852091	-42.839919	0.003700
225.000000	76.992424	53.259177	0.001796
226.000000	45.512174	41.825796	0.002088
227.000000	-69.461373	10.570842	0.001107
228.000000	51.698900	-75.368912	0.064580
229.000000	-81.583585	-8.340975	0.002916
230.000000	45.491361	82.482635	0.001700
231.000000	80.057791	-11.109698	0.025399
232.000000	79.281964	-42.487263	0.002127
233.000000	42.791615	-77.909297	0.019244
234.000000	62.284470	31.004521	0.007267
235.000000	-39.625258	-54.342695	0.006285
236.000000	76.154312	-1.838188	0.004312
237.000000	69.344166	-2.034115	0.003199
238.000000	86.653498	40.045574	0.001912
239.000000	77.452784	-28.933794	0.019531
240.000000	-87.331409	80.389550	0.016061
241.000000	-64.036387	85.762809	0.006754
242.000000	-68.820202	-37.586489	0.004689
243.000000	56.610560	52.893902	0.002407
244.000000	72.463569	37.107029	0.003438
245.000000	-46.938221	-10.743408	0.002512
246.000000	86.022826	47.461971	0.001717
247.000000	66.442159	-70.785146	0.015788
248.000000	54.112977	29.530782	0.001814
249.000000	59.010334	-12.889165	0.005247
250.000000	49.571100	21.949962	0.006509
251.000000	-84.006385	79.179798	0.003319
252.000000	-63.019546	83.674220	0.015772
253.000000	-69.994148	35.936235	0.003671
254.000000	43.283689	9.769698	0.003039
255.000000	54.829833	62.892376	0.002614
256.000000	81.301609	6.835012	0.006619
257.000000	68.700793	-57.944249	0.012942
258.000000	82.352008	-9.221839	0.001871
259.000000	82.890374	-87.481888	0.001781
260.000000	-77.753817	74.258508	0.003399
261.000000	-78.232280	24.194386	0.001204
262.000000	54.850349	-65.785911	0.003370
263.000000	-75.036515	72.149635	0.005174
264.000000	-79.929514	33.409347	0.002938
265.000000	55.625157	50.513748	0.001620
266.000000	71.233136	-23.756228	0.004711
267.000000	12.801266	-77.133818	0.014202
268.000000	-55.854929	35.170858	0.021883
269.000000	-42.562323	-16.178153	0.002489
270.000000	68.717991	76.875228	0.002390
271.000000	-86.152780	83.214854	0.003924
272.000000	64.920743	-13.655714	0.005673
273.000000	49.440601	-70.190109	0.003642
274.000000	70.511229	-65.104855	0.020106
275.000000	87.094652	47.594932	0.005813
276.000000	-79.394162	-56.227716	0.002521
277.000000	-78.184653	-77.531820	0.014796
278.000000	55.526219	16.902698	0.002777
279.000000	88.396765	-59.059335	0.083485
280.000000	-80.737919	-75.080387	0.001156
281.000000	-89.294524	-43.271392	0.012036
282.000000	-48.558485	10.153137	0.001570
283.000000	44.506546	24.380773	0.002248
284.000000	63.775187	4.312306	0.020206
285.000000	89.115909	21.926116	0.002191
286.000000	-81.914440	-83.154334	0.059106
287.000000	-46.625813	39.948367	0.001287
288.000000	64.816527	-63.371661	0.030503
289.000000	53.905397	66.971006	0.003412
290.000000	58.535616	-40.760188	0.005279
291.000000	76.117568	36.895139	0.003307
292.000000	-88.068448	-5.667956	0.010972
293.000000	-81.473697	-81.449136	0.002484
294.000000	66.419324	-64.514758	0.037986
295.000000	-21.441516	64.400989	0.041157
296.000000	57.733918	15.850801	0.032919
297.000000	77.478665	25.677090	0.012063
298.000000	78.324597	-39.941751	0.009746
299.000000	40.526303	20.621138	0.009543
300.000000	74.958802	-6.312326	0.002998
301.000000	59.262066	16.158187	0.012653
302.000000	90.868804	-7.876445	0.004267
303.000000	87.794871	33.533333	0.005008
304.000000	81.210171	-63.632932	0.002532
305.000000	77.281890	-40.028828	0.011053
306.000000	-86.917511	5.843301	0.001550
307.000000	77.827497	-15.522366	0.002987
308.000000	-71.715530	12.388492	0.001562
309.000000	-18.342749	79.966555	0.003996
310.000000	-90.642030	-7.051661	0.004065
311.000000	84.933013	-41.223579	0.012028
312.000000	-54.102621	29.730697	0.013926
313.000000	69.106703	88.312679	0.005508
314.000000	-65.524287	40.707534	0.004534
315.000000	63.355051	-73.588176	0.005360
316.000000	69.222283	24.765925	0.012510
317.000000	65.138758	-11.984727	0.003899
318.000000	-86.538029	45.073838	0.002051
319.000000	59.736789	-35.986468	0.005268
320.000000	-75.349372	-85.471803	0.002702
321.000000	79.963613	-59.447416	0.042209
322.000000	81.237747	-30.353158	0.002334
323.000000	68.696143	41.758305	0.099908
324.000000	-85.045814	76.567871	0.002897
325.000000	-76.622400	-30.365255	0.006489
326.000000	76.201939	19.338019	0.004100
327.000000	61.313658	41.849506	0.013260
328.000000	68.273595	75.150941	0.033411
329.000000	84.613392	24.146725	0.001114
330.000000	58.249093	-38.554287	0.053548
331.000000	60.971039	-56.106336	0.005006
332.000000	88.793395	4.730267	0.014793
333.000000	74.857870	88.268932	0.024718
334.000000	70.367014	-0.841176	0.002535
335.000000	71.620593	37.401696	0.015969
336.000000	85.378697	-6.218568	0.018613
337.000000	42.587244	51.310327	0.003139
338.000000	-88.804901	-77.459632	0.001149
339.000000	49.889705	19.672128	0.004888
340.000000	-86.940065	-44.587415	0.003470
341.000000	64.018176	-63.897432	0.005838
342.000000	79.553211	-62.445116	0.004569
343.000000	79.129550	-33.563756	0.002447
344.000000	-76.310727	-7.877802	0.022837
345.000000	-80.719782	-25.799370	0.012745
346.000000	-86.646694	71.165029	0.041882
347.000000	-72.562309	-47.060312	0.002313
348.000000	-78.649517	49.211912	0.012148
349.000000	-83.825265	-8.357788	0.004324
350.000000	82.146725	89.477339	0.043832
351.000000	69.603781	38.795825	0.023562
352.000000	84.201939	4.637899	0.002725
353.000000	80.946478	56.781071	0.002431
354.000000	77.792000	66.090364	0.004040
355.000000	50.021119	21.608464	0.080385
356.000000	80.914843	-55.949796	0.000880
357.000000	-80.718041	24.250954	0.002305
358.000000	-85.545658	-80.906226	0.002252
359.000000	69.735659	-64.180003	0.004730
360.000000	-80.770372	-20.019413	0.001413
361.000000	76.226500	-73.623712	0.005585
362.000000	86.825827	89.786565	0.002077
363.000000	88.745495	64.108347	0.004890
364.000000	-72.123575	-83.186415	0.155604
365.000000	77.492292	49.558106	0.008175
366.000000	58.990650	2.307783	0.003884
367.000000	69.714041	-70.821836	0.051874
368.000000	87.975937	18.045574	0.001399
369.000000	75.365437	-2.908205	0.004665
370.000000	90.332097	-73.039424	0.006776
371.000000	76.845705	-10.192854	0.025059
372.000000	-88.071319	78.508319	0.001429
373.000000	72.538627	50.383934	0.019359
374.000000	85.272490	-38.307044	0.001966
375.000000	49.043702	38.645120	0.080780
376.000000	55.708228	-1.527016	0.007144
377.000000	65.106703	-83.912449	0.002208
378.000000	73.182707	28.718030	0.000282
379.000000	74.188069	-45.378862	0.006190
380.000000	-88.832332	6.352008	0.023538
381.000000	84.471083	-15.369601	0.037655
382.000000	81.772370	3.155571	0.001619
383.000000	85.799554	-39.022450	0.001522
384.000000	77.983524	15.779817	0.036844
385.000000	65.415224	-41.796335	0.004608
386.000000	70.001169	-9.667956	0.004143
387.000000	81.489403	53.069242	0.002553
388.000000	71.040357	86.177645	0.000527
389.000000	-79.432182	-35.307519	0.004568
390.000000	-73.420431	29.903667	0.007972
391.000000	74.317044	-32.737919	0.009234
392.000000	77.165927	89.371371	0.002176
393.000000	-85.218929	30.865616	0.005859
394.000000	70.742552	-28.016442	0.011760
395.000000	-82.834917	-6.113025	0.000997
396.000000	-80.940071	48.280191	0.001550
397.000000	52.913135	-2.204809	0.029882
398.000000	-85.259188	-57.980573	0.002111
399.000000	-87.048839	24.680597	0.002335
400.000000	-64.870450	-73.466801	0.003098
401.000000	62.640842	-44.050872	0.003343
402.000000	-78.056265	88.948252	0.003062
403.000000	68.458972	-68.950343	0.051459
404.000000	-86.446809	-34.915737	0.002556
405.000000	-80.785232	-62.957798	0.001700
406.000000	-90.301471	-67.540974	0.005959
407.000000	75.569971	15.207282	0.002039
408.000000	79.454557	0.352008	0.008023
409.000000	-70.048570	72.734999	0.003002
410.000000	73.824680	-8.434659	0.001892
411.000000	-67.971400	69.779817	0.004968
412.000000	72.048478	-39.885336	0.003259
413.000000	66.523432	76.667920	0.003775
414.000000	75.501447	22.062441	0.001288
415.000000	-80.940038	13.915986	0.001537
416.000000	-75.391220	83.608585	0.002318
417.000000	-64.583700	3.588108	0.025419
418.000000	-74.571463	54.505754	0.004204
419.000000	53.061577	-15.973473	0.002163
420.000000	78.576666	32.302308	0.111293
421.000000	76.840934	-68.414742	0.008468
422.000000	-73.053522	43.585258	0.002440
423.000000	80.475713	-57.608658	0.010717
424.000000	-88.471317	-80.669568	0.001440
425.000000	-70.367029	-57.218842	0.060943
426.000000	-77.616158	50.593668	0.003438
427.000000	-66.291772	-25.104861	0.003652
428.000000	-88.237191	89.298705	0.000846
429.000000	85.658992	-78.742516	0.032963
430.000000	88.451346	-54.577276	0.001569
431.000000	52.873487	22.310620	0.005256
432.000000	36.264267	19.034775	0.002066
433.000000	75.708228	29.807054	0.001464
434.000000	41.238104	39.624804	0.002547
435.000000	74.082690	31.879242	0.366481
436.000000	83.596227	54.281174	0.011608
437.000000	65.464809	28.221870	0.003842
438.000000	81.919348	77.968263	0.001611
439.000000	69.434854	-39.542244	0.006364
440.000000	60.021047	-11.104894	0.005938
441.000000	79.936235	86.423969	0.000501
442.000000	64.436191	38.381996	0.003457
443.000000	62.137499	66.678059	0.003033
444.000000	-45.536345	49.958671	0.002343
445.000000	54.018176	13.646809	0.001966
446.000000	-81.242181	74.099875	0.013875
447.000000	-76.200446	72.555575	0.003071
448.000000	27.617657	-53.810011	0.001466
449.000000	65.316615	36.080598	0.208449
450.000000	44.760729	15.048781	0.107802
451.000000	88.835121	33.266677	0.001525
452.000000	-78.175320	12.407189	0.001887
453.000000	-80.964293	80.665895	0.004132
454.000000	86.013493	73.743180	0.000478
455.000000	68.090364	-72.722638	0.216385
456.000000	-47.655714	-11.210099	0.003050
457.000000	68.473993	67.847361	0.001741
458.000000	54.221943	-36.328366	0.006392
459.000000	-81.009317	-78.404584	0.002600
460.000000	52.217259	-1.718813	0.001815
461.000000	54.093307	-18.713373	0.060083
462.000000	36.463743	8.732907	0.006004
463.000000	-69.600326	73.074124	0.034079
464.000000	76.739649	-12.066635	0.005305
465.000000	-59.585219	-7.590593	0.001513
466.000000	56.816527	38.345821	0.003876
467.000000	81.730976	60.082690	0.000649
468.000000	-38.142182	72.229609	0.010429
469.000000	-82.203350	-16.737919	0.002419
470.000000	50.339651	-23.309758	0.002124
471.000000	43.503114	32.907348	0.000831
472.000000	-84.718056	-84.523607	0.006565
473.000000	73.715781	84.520490	0.003691
474.000000	-85.074540	25.683871	0.001796
475.000000	59.767720	32.662778	0.007370
476.000000	81.896249	87.708194	0.020173
477.000000	79.948559	19.779870	0.001634
478.000000	58.660899	31.885341	0.001690
479.000000	40.458972	24.337273	0.010206
480.000000	78.560225	16.633249	0.022605
481.000000	-55.493700	67.230880	0.013763
482.000000	-52.992748	-4.429976	0.263450
483.000000	51.604246	76.273795	0.488870
484.000000	80.322977	63.829841	0.008724
485.000000	-88.809551	-21.491681	0.001934
486.000000	-89.902116	-43.362068	0.002384
487.000000	71.508062	26.796265	0.010598
488.000000	60.383842	-21.309758	0.005884
489.000000	84.488058	-26.642116	0.031214
490.000000	87.401880	-80.518011	0.001778
491.000000	70.253683	69.291238	0.000659
492.000000	84.093234	38.110014	0.002352
493.000000	78.443847	57.494032	0.001289
494.000000	69.350483	-66.630163	0.004367
495.000000	80.865442	-35.471797	0.005493
496.000000	56.451472	32.723255	0.005514
497.000000	82.246150	-27.504376	0.001282
498.000000	86.975229	-76.740331	0.000671
499.000000	-78.725509	33.654309	0.024180
500.000000	63.480248	-86.244457	0.007884
501.000000	-74.466720	68.263158	0.001029
502.000000	36.699106	39.808645	0.040597
503.000000	49.961893	-54.028795	0.005643
504.000000	-80.994415	-41.531748	0.004150
505.000000	54.863755	-5.993146	0.002012
506.000000	-78.167873	-58.019413	0.002541
507.000000	72.134629	-39.432188	0.001833
508.000000	-78.006385	76.448529	0.003127
509.000000	50.197381	52.429111	0.001875
510.000000	-81.241717	51.026976	0.002189
511.000000	59.596260	44.224934	0.011443
512.000000	-78.812649	-22.264604	0.016591
513.000000	68.112971	-19.286659	0.003576
514.000000	59.220141	10.040523	0.004342
515.000000	58.386751	-50.093288	0.007784
516.000000	84.238683	-30.477177	0.000409
517.000000	-66.209687	45.743252	0.011813
518.000000	63.891445	81.175255	0.004085
519.000000	66.070486	19.844310	0.002774
520.000000	-75.359158	31.720891	0.007149
521.000000	-65.672494	-13.276140	0.006405
522.000000	53.876371	-64.725736	0.003028
523.000000	-83.701584	1.790188	0.032940
524.000000	-77.426243	-21.817711	0.005321
525.000000	87.233136	58.730808	0.011607
526.000000	-78.877864	62.424008	0.030168
527.000000	-63.545463	-76.138059	0.168197
528.000000	76.720934	-43.216379	0.002935
529.000000	-67.802658	18.862904	0.003536
530.000000	-55.421653	-68.109996	0.073749
531.000000	-81.471957	-24.598120	0.011545
532.000000	-90.532355	-3.983565	0.010678
533.000000	40.643925	-49.256949	0.002875
534.000000	-82.051441	41.779817	0.007319
535.000000	43.939105	47.891479	0.020312
536.000000	57.806086	-54.182555	0.003136
537.000000	54.903598	26.267478	0.003513
538.000000	63.296965	82.135779	0.005459
539.000000	-62.440996	-30.841325	0.023789
540.000000	-66.979521	-64.501366	0.019787
541.000000	77.161244	-20.101686	0.117143
542.000000	78.284470	74.517619	0.007943
543.000000	76.359475	-52.001702	0.003467
544.000000	-85.981824	-7.519463	0.002426
545.000000	80.090364	10.339597	0.001089
546.000000	41.809442	50.743919	0.003272
547.000000	89.105652	64.382349	0.001119
548.000000	63.919354	-30.090297	0.003692
549.000000	44.971039	-21.840773	0.032440
550.000000	-82.431717	-59.540974	0.001936
551.000000	86.169312	73.274458	0.001990
552.000000	43.966555	33.418167	0.005174
553.000000	65.010161	22.070033	0.052820
554.000000	-82.742516	38.053161	0.002024
555.000000	-88.399129	-63.750946	0.000547
556.000000	54.065383	17.312381	0.002078
557.000000	-82.019380	67.871795	0.001927
558.000000	70.284470	-35.805614	0.058668
559.000000	35.107228	-53.829711	0.003811
560.000000	78.416468	-16.968415	0.007609
561.000000	41.951469	-84.454357	0.007201
562.000000	65.202632	69.915986	0.002640
563.000000	-82.663808	-44.204949	0.001061
564.000000	-67.217189	-79.277238	0.030764
565.000000	50.157129	-69.707484	0.418237
566.000000	53.047857	82.725233	0.001411
567.000000	64.105385	66.857883	0.002304
568.000000	60.371659	-47.034774	0.071957
569.000000	-66.307784	69.002913	0.222479
570.000000	-82.024063	68.520523	0.002643
571.000000	-63.247026	73.234877	0.012015
572.000000	87.968296	70.386712	0.003653
573.000000	72.483408	29.239527	0.002456
574.000000	81.900899	31.501447	0.001538
575.000000	79.039139	-77.157204	0.002147
576.000000	-68.941758	-58.262813	0.003633
577.000000	81.931552	-70.406682	0.000509
578.000000	-88.394526	84.012256	0.003518
579.000000	79.049495	-49.568439	0.007338
580.000000	77.356230	-88.141663	0.004523
581.000000	68.888561	1.343235	0.013994
582.000000	60.005852	-76.422509	0.005851
583.000000	43.387903	-64.419339	0.005229
584.000000	58.369971	28.808413	0.008678
585.000000	-42.169560	-24.352752	1.098382
586.000000	69.359047	-62.681400	0.167104
587.000000	-9.919051	87.752777	0.057038
588.000000	-72.588296	73.397290	0.003776
589.000000	61.374908	-75.560711	0.006446
590.000000	56.770077	33.554044	0.001904
591.000000	71.005585	-44.942623	0.007123
592.000000	76.038054	-28.812421	0.098146
593.000000	36.330357	-57.912254	0.004426
594.000000	88.637932	-32.306010	0.003057
595.000000	85.565326	86.724914	0.003699
596.000000	-82.979415	-43.484492	0.102884
597.000000	-85.850371	-79.729289	0.009481
598.000000	-80.357788	64.048478	0.003134
599.000000	31.855001	19.561180	0.006383
600.000000	64.008843	-17.306767	0.001907
601.000000	81.202638	51.210366	0.002885
602.000000	-73.082248	-56.545004	0.010387
603.000000	67.357970	59.516520	0.002962
604.000000	-81.143871	-21.967866	0.003897
605.000000	54.048517	-21.918427	0.009587
606.000000	55.241088	7.658024	0.001927
607.000000	89.563654	-89.689380	0.003306
608.000000	72.161779	73.027009	0.005696
609.000000	-73.201961	49.703578	0.069163
610.000000	32.221943	-50.262557	0.006847
611.000000	60.428652	25.172297	0.002779
612.000000	83.115956	-49.682923	0.023068
613.000000	-59.931288	-44.099266	0.465940
614.000000	32.591894	25.069408	0.005517
615.000000	-59.159119	-55.726379	0.005752
616.000000	90.199036	-58.437563	0.006442
617.000000	71.752406	47.698895	0.002663
618.000000	81.758198	-51.714163	0.006146
619.000000	84.021047	-52.116108	0.041282
620.000000	31.716911	38.782173	0.005472
621.000000	68.154259	-57.487031	0.003471
622.000000	39.871795	-21.059335	0.017015
623.000000	67.281944	-51.239344	0.002910
624.000000	28.151025	-12.354505	1.183475
625.000000	-86.007679	-33.583532	0.003561
626.000000	58.836976	39.263758	0.195398
627.000000	-88.722599	4.111372	0.005079
628.000000	76.716251	-12.173275	0.012844
629.000000	55.963613	-57.566524	0.003759
630.000000	33.368446	-27.586311	0.007628
631.000000	74.942421	-38.401821	0.064820
632.000000	68.278245	-36.725509	0.005144
633.000000	61.387924	63.713229	0.030304
634.000000	-84.515155	-75.062337	0.001629
635.000000	59.408833	-15.286850	0.014918
636.000000	82.038054	54.105418	0.002877
637.000000	-89.521378	-71.271392	0.002061
638.000000	-76.809551	61.993615	0.003318
639.000000	-71.033611	-22.652156	0.003159
640.000000	69.983524	-46.409553	0.004073
641.000000	-78.253985	-40.707425	0.006444
642.000000	71.122083	55.593390	0.018335
643.000000	81.254527	-63.212418	0.005127
644.000000	-86.952182	-6.135773	0.017880
645.000000	-26.800319	26.269966	0.000423
646.000000	-88.844429	72.070486	0.001833
647.000000	82.567818	29.555235	0.003267
648.000000	80.710120	22.798357	0.003172
649.000000	-79.969620	-48.147909	0.004524
650.000000	46.673376	21.192229	0.001673
651.000000	-82.903602	-13.714022	0.013096
652.000000	47.076795	67.533280	0.002095
653.000000	61.810703	32.087692	0.208774
654.000000	-90.900785	-24.292569	0.005381
655.000000	85.928681	53.143441	0.000945
656.000000	-81.449190	26.115210	0.003683
657.000000	81.951430	37.155591	0.011443
658.000000	-70.602797	1.573021	0.002168
659.000000	60.197342	-47.177082	0.009598
660.000000	-87.934197	5.002675	0.000814
661.000000	85.233136	-22.814162	0.001540
662.000000	86.860759	89.448982	0.007008
663.000000	79.649766	27.963666	0.016040
664.000000	-88.773082	-21.314261	0.004162
665.000000	-58.555948	-62.120666	0.006254
666.000000	84.958503	4.905569	0.140416
667.000000	83.012074	46.110068	0.002559
668.000000	85.030903	35.717793	0.004512
669.000000	36.302979	10.070825	0.007155
670.000000	-83.371342	12.038623	0.157390
671.000000	85.154194	-61.183877	0.002704
672.000000	63.577524	22.495644	0.001659
673.000000	26.460719	11.251030	0.000990
674.000000	-77.635895	-8.505968	0.695051
675.000000	-75.862554	0.630345	0.003261
676.000000	60.990630	-23.876425	0.006324
677.000000	-72.501318	55.449735	0.072625
678.000000	-76.519772	-21.346801	0.005434
679.000000	-88.751843	65.929932	0.001152
680.000000	47.657251	70.174176	0.000687
681.000000	77.165894	51.457500	0.003401
682.000000	71.896249	-55.524233	0.011181
683.000000	58.295386	-21.085157	0.008938
684.000000	74.511229	50.294755	0.005173
685.000000	75.600910	-83.388228	0.002333
686.000000	-87.183506	-32.757251	0.000774
687.000000	-62.462085	-67.161849	0.009468
688.000000	-74.330584	-38.188296	0.002430
689.000000	-54.451003	-37.058822	0.002528
690.000000	62.097918	7.234877	0.004163
691.000000	87.207214	24.075948	0.028565
692.000000	39.718306	85.509981	0.967289
693.000000	49.424682	53.554129	0.009799
694.000000	70.061153	5.649745	0.003040
695.000000	17.190455	16.707369	0.003195
696.000000	-57.986507	75.799554	0.002440
697.000000	-57.240434	-78.705437	0.002409
698.000000	-81.456690	36.510384	0.006339
699.000000	77.770591	60.818268	0.003714
700.000000	74.845705	-67.892538	0.003426
701.000000	-72.399129	-60.773034	0.008233
702.000000	-81.697021	82.209618	0.071447
703.000000	-51.338909	30.164863	0.002377
704.000000	-76.468407	27.975889	0.003299
705.000000	76.555493	-67.514495	0.004411
706.000000	43.032748	-88.041031	0.005897
707.000000	52.038054	-18.160319	0.003684
708.000000	89.126713	-73.277320	0.001666
709.000000	43.934494	-55.489142	0.003009
710.000000	73.377600	43.051269	0.005857
711.000000	-71.163628	45.696363	0.009885
712.000000	78.185159	-49.109718	0.006125
713.000000	85.698813	-11.161936	0.000979
714.000000	62.661091	-28.162677	0.003795
715.000000	55.726332	53.557847	0.003324
716.000000	-81.239610	36.855776	0.036948
717.000000	86.750233	-87.670314	0.016942
718.000000	72.720934	27.766000	0.015193
719.000000	-85.314420	-59.932417	0.002514
720.000000	57.886795	42.955893	0.000675
721.000000	69.787424	-28.505968	0.035684
722.000000	-70.084014	-60.108575	0.004465
723.000000	29.276063	-62.107905	0.205949
724.000000	-81.839962	54.088273	0.001624
725.000000	84.745549	73.580554	0.004203
726.000000	59.400053	42.385219	0.003829
727.000000	52.777703	17.404950	0.005386
728.000000	65.043715	61.315518	0.011559
729.000000	-71.398773	-30.436927	0.003589
730.000000	-78.619491	-69.169490	0.095586
731.000000	87.464741	-12.276539	0.003228
732.000000	80.395024	-39.938589	0.046536
733.000000	-73.181814	31.790067	0.436223
734.000000	87.810736	-27.459560	0.003549
735.000000	-88.984204	-40.607065	0.010662
736.000000	57.455601	-58.950278	0.002415
737.000000	39.996519	-8.330584	0.779158
738.000000	72.436379	51.036182	0.004198
739.000000	78.399635	42.525294	0.001833
740.000000	73.993615	-4.430029	0.130761
741.000000	-85.492133	27.101588	0.004295
742.000000	79.357956	25.407834	0.001065
743.000000	-75.403423	-61.795769	0.004437
744.000000	43.864188	24.231130	0.001001
745.000000	-71.511870	-36.732777	0.006198
746.000000	-84.048570	20.588984	0.002686
747.000000	-73.053522	33.121012	0.034747
748.000000	82.264287	85.208878	0.028347
749.000000	61.029844	13.170577	0.006834
750.000000	50.737908	49.753269	0.001277
751.000000	52.593673	33.348463	0.001368
752.000000	36.631649	-57.662760	0.008325
753.000000	24.154259	1.148104	0.000971
754.000000	-71.782741	28.951161	0.005487
755.000000	-20.510525	-88.486051	0.015257
756.000000	64.149629	40.897976	0.005993
757.000000	-80.244705	-52.300123	0.021631
758.000000	-85.793378	30.428565	0.004212
759.000000	82.389621	18.128688	0.002844
760.000000	53.633170	23.957509	0.004730
761.000000	-79.044156	-62.592272	0.003277
762.000000	52.601314	7.685764	0.002789
763.000000	-51.285661	-39.107532	0.713823
764.000000	76.169333	-2.138715	0.002098
765.000000	78.177645	-67.633303	0.003021
766.000000	19.701804	11.667923	0.003293
767.000000	-35.577578	-71.042525	0.000720
768.000000	59.800683	-47.710801	0.053390
769.000000	72.431508	-16.098749	0.008240
770.000000	-54.332995	-75.492148	0.003367
771.000000	-59.934197	-27.289562	0.004799
772.000000	48.920763	-14.454252	0.001670
773.000000	-84.789915	10.285978	0.001951
774.000000	63.642159	-49.031904	0.010935
775.000000	-43.191147	32.325848	0.000864
776.000000	83.433113	85.046678	0.037439
777.000000	-78.430029	60.573472	0.002552
778.000000	48.439202	-52.792641	0.004633
779.000000	-53.935904	-33.436011	0.004579
780.000000	-77.452007	-85.573473	0.026575
781.000000	42.453903	59.609491	0.017318
782.000000	62.080910	-11.912539	0.005900
783.000000	-19.321143	-87.714152	0.010352
784.000000	46.825827	-7.847441	0.003269
785.000000	58.224759	-49.056392	0.007709
786.000000	-79.524228	75.526272	0.002240
787.000000	-84.838723	20.563704	0.014511
788.000000	-89.539341	65.945656	0.002041
789.000000	64.628658	35.101481	0.003087
790.000000	27.105314	-4.213746	0.003872
791.000000	-75.748037	75.213791	0.001225
792.000000	64.045608	55.762809	0.001145
793.000000	57.608410	72.821144	0.262247
794.000000	45.184993	-51.577973	1.591620
795.000000	50.411279	-50.329888	0.001794
796.000000	-65.805561	13.382144	0.008552
797.000000	-79.289841	-35.304298	0.002013
798.000000	-86.562309	-56.577243	0.000919
799.000000	31.440197	-84.274741	0.015651
800.000000	76.628658	59.332844	0.001319
801.000000	36.853298	15.661387	0.253017
802.000000	65.073164	72.549459	0.008091
803.000000	-84.181744	13.830493	1.042863
804.000000	-72.342749	-32.569716	0.173926
805.000000	63.410574	-86.369971	0.010117
806.000000	-61.234124	-28.716311	0.016982
807.000000	77.363623	66.474113	0.001474
808.000000	82.710159	17.986521	0.012872
809.000000	59.672479	-86.244631	0.007503
810.000000	49.914245	31.632777	0.000925
811.000000	-87.548561	68.048164	0.000800
812.000000	-78.527726	-66.025783	0.095523
813.000000	-79.909636	15.864241	0.015119
814.000000	63.528683	18.472896	0.007401
815.000000	88.773517	-53.002834	0.037853
816.000000	54.234054	-1.031904	0.001287
817.000000	-79.755590	-28.362606	0.002429
818.000000	33.876206	5.215156	0.005987
819.000000	-83.830056	64.988008	0.031455
820.000000	-76.116075	-0.330551	0.040632
821.000000	-86.048570	-6.513414	0.049075
822.000000	55.676611	64.422234	0.000200
823.000000	-87.805594	-6.365342	0.006992
824.000000	34.013493	-63.695281	0.062967
825.000000	-77.371342	-67.682638	0.021858
826.000000	-64.850383	-37.319382	0.007582
827.000000	46.607073	-32.272847	0.007279
828.000000	-71.961946	32.354879	0.004088
829.000000	73.876371	-12.249287	0.283211
830.000000	-87.845688	-24.369971	0.001693
831.000000	-84.063765	-65.064303	0.008076
832.000000	27.395844	73.333541	0.002713
833.000000	42.997166	11.208651	0.001727
834.000000	-64.970156	-69.750766	0.003611
835.000000	44.885320	76.656414	0.000739
836.000000	82.633308	81.951415	0.000894
837.000000	-81.707484	20.722762	0.002785
838.000000	53.645101	7.529197	0.002440
839.000000	-79.114309	-47.396627	0.005603
840.000000	73.173427	59.336472	0.678337
841.000000	-79.637549	48.916578	0.021089
842.000000	-83.246864	-14.559139	0.001653
843.000000	-79.206611	-52.325921	0.001122
844.000000	-82.429976	-63.229392	0.010377
845.000000	-82.527759	-4.048531	0.029857
846.000000	-52.824343	-49.467606	0.003452
847.000000	-75.163044	6.868466	0.012269
848.000000	-74.981652	35.232031	0.002074
849.000000	73.207214	-45.203735	0.010334
850.000000	57.589158	77.649195	0.002920
851.000000	68.454342	57.867151	0.002317
852.000000	-67.363788	-70.173009	0.001842
853.000000	-65.899212	-65.921993	0.008242
854.000000	59.420930	39.271906	0.001720
855.000000	76.302979	-33.049476	0.039276
856.000000	-65.519463	-86.128258	0.104815
857.000000	77.217638	-33.339281	0.007751
858.000000	-72.782362	-79.149612	0.003456
859.000000	-60.389902	54.927200	0.005094
860.000000	84.585993	-64.239974	0.001970
861.000000	58.508047	39.655178	0.002649
862.000000	53.492980	63.389173	0.006661
863.000000	87.336245	-71.553529	0.007032
864.000000	-64.924591	-2.639267	0.012936
865.000000	52.310365	17.717739	0.008201
866.000000	73.453225	61.932085	0.004724
867.000000	-75.595643	19.210046	0.004439
868.000000	-77.729289	11.747809	0.001610
869.000000	70.765837	76.391342	0.002624
870.000000	62.543431	-60.382714	0.006094
871.000000	-72.424321	-4.180355	0.005287
872.000000	79.661895	-31.381805	0.000848
873.000000	-79.909636	-46.483480	0.013447
874.000000	69.140015	15.518027	0.002660
875.000000	40.527783	-50.395672	0.001638
876.000000	49.213473	-31.561750	0.000744
877.000000	-86.226017	8.374795	0.002151
878.000000	-81.743354	-81.822954	0.418130
879.000000	50.740899	-84.357696	0.004777
880.000000	-84.192167	-6.025497	0.505279
881.000000	-83.814681	50.095279	0.008790
882.000000	59.980620	3.610151	0.074469
883.000000	68.451633	44.193580	0.689009
884.000000	78.386946	73.064617	0.005687
885.000000	-89.929514	-79.820615	0.003242
886.000000	65.800564	53.660442	0.102465
887.000000	68.868804	19.113771	0.001139
888.000000	82.858029	-47.924085	0.019777
889.000000	81.220542	-9.844108	0.000592
890.000000	-71.989498	11.779817	0.040647
891.000000	70.776387	-73.835051	0.001732
892.000000	-73.331586	65.838821	0.124730
893.000000	81.835084	-51.756720	0.003257
894.000000	22.720934	40.554928	0.001581
895.000000	58.628658	48.710930	0.005951
896.000000	-70.117816	-21.613249	0.764093
897.000000	60.857205	62.551091	0.002787
898.000000	-65.182760	8.900919	0.006599
899.000000	-70.456807	-41.307289	0.001039
900.000000	88.772926	29.217031	0.006566
901.000000	-60.315338	64.925447	0.003216
902.000000	-71.277637	49.201782	0.004785
903.000000	-87.798008	-75.039424	0.016748
904.000000	53.839049	38.713030	0.853538
905.000000	-75.215938	-67.803076	0.002502
906.000000	-81.735679	-9.784122	0.034422
907.000000	-63.632932	6.090541	0.054328
908.000000	69.652568	-80.472209	0.009119
909.000000	82.091533	47.267316	0.000827
910.000000	-80.478870	19.876371	0.295889
911.000000	41.044761	5.511539	0.002091
912.000000	-67.575765	-90.155351	1.250307
913.000000	59.449860	6.256754	0.001090
914.000000	-87.259101	-13.206626	0.012775
915.000000	-75.736842	86.968130	0.012914
916.000000	66.117607	-0.668882	0.000838
917.000000	-81.718846	16.953361	0.032088
918.000000	-61.398773	1.527824	0.262959
919.000000	-84.338138	-28.629933	0.044241
920.000000	76.112977	-16.841313	0.045251
