Thin Section: 	C:\Ice Data\2017-02-21-Tue\12.09 280  VTS SPICE

Results: 	C:\Ice Results\2017-02-21-Tue\12.09 280  VTS SPICE\2017-02-22-Wed, 10.19

Sequence Angles: 
xi	phi inner
0	0
45	0
45	-45
45	-90
45	-135
45	-180
45	-225
45	-270
45	-315

Threshold: 
45.000

Grain #		theta		phi	Rsquared

0.000000	-90.981856	45.037379	0.010608
1.000000	-55.735713	-66.249829	0.004815
2.000000	-84.810410	57.101241	0.002056
3.000000	65.819997	63.313825	0.000789
4.000000	-49.363701	37.780188	0.002481
5.000000	-35.728120	2.639958	0.004102
6.000000	-87.134558	69.445544	0.003671
7.000000	45.242647	-54.252350	0.001982
8.000000	-28.418847	-39.445608	0.004049
9.000000	-57.359158	-53.922292	0.009545
10.000000	43.417215	-33.566259	0.002694
11.000000	-83.062370	48.868433	0.003823
12.000000	61.620593	25.356573	0.000912
13.000000	69.202585	-37.449543	0.044275
14.000000	72.720934	23.842818	0.000258
15.000000	77.963633	69.787403	0.055592
16.000000	-40.794479	-18.684391	0.002257
17.000000	-15.708263	81.552065	0.017621
18.000000	17.467718	47.282051	0.001588
19.000000	-63.819485	-32.404372	0.000542
20.000000	43.017573	-35.873124	0.003035
21.000000	-86.687517	62.798816	0.001808
22.000000	-55.823075	80.490967	0.052477
23.000000	47.816942	-12.681064	0.006145
24.000000	66.680968	64.845672	0.002126
25.000000	-66.760208	-49.093023	0.007911
26.000000	87.082489	74.366927	0.003992
27.000000	-55.539287	-32.382316	0.014888
28.000000	-61.566752	-51.949709	0.012420
29.000000	-87.731083	42.922576	0.009054
30.000000	-35.054286	-68.854337	0.132224
31.000000	60.678098	-47.440805	0.141780
32.000000	81.672479	-23.368351	0.095418
33.000000	24.486317	34.661091	0.038876
34.000000	12.360590	-17.901275	0.082891
35.000000	-53.914440	-41.778096	0.002410
36.000000	34.308804	-65.076069	0.358492
37.000000	50.354918	-46.515069	0.044526
38.000000	72.246150	65.281991	0.000912
39.000000	17.842623	-20.191888	0.005871
40.000000	-77.749167	51.486586	0.015050
41.000000	-81.995572	-88.623847	0.196069
42.000000	-67.134558	-7.886815	0.010705
43.000000	-32.359562	-64.031211	0.011565
44.000000	-43.526028	65.572808	0.006156
45.000000	-59.126825	-58.658038	0.003096
46.000000	84.656407	23.849023	0.006796
47.000000	-30.960929	-58.998431	0.006117
48.000000	68.917752	6.963485	0.012798
49.000000	69.525726	-80.172416	0.008651
50.000000	-19.069891	-19.357864	0.011746
51.000000	65.585045	-38.935355	0.001055
52.000000	-80.076002	-12.717955	0.000901
53.000000	-48.376589	85.385681	0.004813
54.000000	23.525445	-9.115138	0.238211
55.000000	55.407627	-70.515061	0.004138
56.000000	60.013493	1.481936	0.001921
57.000000	41.763589	-40.180105	0.205702
58.000000	-48.778668	-6.356085	0.012236
59.000000	-47.902116	89.718652	0.003557
60.000000	-83.246864	36.185198	0.000848
61.000000	7.894509	87.022687	0.036087
62.000000	52.209511	54.725354	0.003086
63.000000	65.532648	-47.501252	0.002762
64.000000	50.068746	57.113718	0.005012
65.000000	55.721561	-47.127610	0.003247
66.000000	73.643826	85.323025	0.002808
67.000000	46.531073	-46.266959	0.004518
68.000000	84.302940	-47.467119	0.011732
69.000000	82.395057	54.083940	0.002258
70.000000	-41.346742	80.711720	0.009279
71.000000	-16.571473	51.597591	0.009470
72.000000	-28.593523	23.031552	0.023428
73.000000	-87.151391	-67.652669	0.001228
74.000000	75.088967	88.761667	0.001648
75.000000	-29.423334	61.894035	0.016156
76.000000	59.109964	52.159739	0.147533
77.000000	-85.637529	-11.802478	0.000985
78.000000	68.601188	37.449809	0.002866
79.000000	40.889970	35.698109	0.003285
80.000000	67.637582	-31.797974	0.004998
81.000000	-61.238807	-42.866579	0.005443
82.000000	-54.979521	48.110281	0.007141
83.000000	-70.071319	-30.968468	0.002907
84.000000	40.708367	53.261168	0.003858
85.000000	-36.612097	-62.070980	0.035005
86.000000	-83.231166	52.567818	0.002537
87.000000	32.386751	-60.158048	0.013572
88.000000	71.891425	-86.513435	0.001802
89.000000	66.352008	-76.207946	0.007683
90.000000	86.503183	-27.242866	0.004304
91.000000	-29.137408	82.064485	0.004169
92.000000	58.671635	60.837834	0.006545
93.000000	-84.528600	-24.668137	0.001058
94.000000	59.906673	-61.874932	0.004713
95.000000	-79.009313	77.362852	0.042631
96.000000	76.506546	-42.375559	0.002847
97.000000	-80.336975	76.419007	0.019355
98.000000	-78.088697	59.350483	0.001256
99.000000	33.723302	-19.514813	0.004813
100.000000	77.311985	-69.899173	0.001055
101.000000	-34.542586	-71.558791	0.052555
102.000000	57.839681	86.694980	0.007664
103.000000	35.664134	-33.913981	0.001726
104.000000	-70.569722	-60.036334	0.007106
105.000000	63.070425	-74.227365	0.008388
106.000000	46.572501	-5.886849	0.002105
107.000000	62.364158	89.407670	0.012761
108.000000	82.905602	-18.989205	0.003264
109.000000	85.241140	75.447289	0.002382
110.000000	-60.456311	-55.129875	0.005023
111.000000	87.286641	65.630062	0.002032
112.000000	78.246150	64.500733	0.005891
113.000000	30.930076	-17.344230	0.005501
114.000000	-63.154295	-89.281970	0.011593
115.000000	-38.705848	46.615904	0.007514
116.000000	-76.411327	-55.546522	0.001637
117.000000	68.702567	8.862533	0.004336
118.000000	12.140355	74.672014	0.023714
119.000000	46.816494	84.000558	0.001628
120.000000	-10.285993	-65.342017	0.009796
121.000000	-46.490730	14.285736	0.005411
122.000000	59.324148	-40.854621	0.009988
123.000000	38.570809	34.305179	0.021252
124.000000	50.212349	30.371977	0.004543
125.000000	28.076266	-52.520757	0.002319
126.000000	-78.460961	52.717360	0.002154
127.000000	-70.610038	-71.770396	0.060207
128.000000	-17.001530	-56.741491	0.002280
129.000000	-48.917179	81.120423	0.008134
130.000000	-11.254417	-42.572815	0.040049
131.000000	-64.739607	-49.575992	0.007143
132.000000	76.716251	-79.424508	0.020052
133.000000	44.986234	-54.383392	0.003022
134.000000	67.664766	86.605871	0.001283
135.000000	-76.406643	89.360913	0.003404
136.000000	-75.134525	-72.412225	0.008250
137.000000	-88.281348	-80.027054	0.001556
138.000000	60.407189	-48.995512	0.008401
139.000000	85.025235	-17.815382	0.147592
140.000000	57.228938	58.663641	0.010454
141.000000	-79.474827	-90.099101	0.005911
142.000000	42.397208	13.482255	0.003647
143.000000	-14.538023	-17.002003	0.020114
144.000000	-44.387486	4.516112	0.168220
145.000000	73.454504	67.257484	0.004807
146.000000	72.979821	66.702567	0.001841
147.000000	65.968296	15.282012	0.010539
148.000000	-78.486317	79.031532	0.002220
149.000000	72.278245	-18.028713	0.062721
150.000000	72.975176	-82.938113	0.005155
151.000000	-85.838188	-82.046791	0.040927
152.000000	-87.214198	88.715088	0.002748
153.000000	41.233136	-64.917218	0.003687
154.000000	68.434378	14.842835	0.013050
155.000000	-89.223579	63.477205	0.003751
156.000000	-81.238807	76.567818	0.001117
157.000000	-88.237822	-66.720873	0.001019
158.000000	72.588903	-25.059346	0.004975
159.000000	82.958835	-72.737374	0.003795
160.000000	-47.326552	81.203571	0.001891
161.000000	86.161779	88.173995	0.005766
162.000000	41.974196	52.720934	0.004928
163.000000	-52.138742	-75.181306	0.006304
164.000000	-83.921960	-83.241717	0.019813
165.000000	69.345838	50.325036	0.007802
166.000000	-85.025334	-49.867058	0.006738
167.000000	-81.211255	-71.481130	0.005677
168.000000	-85.600293	-84.387487	0.026234
169.000000	-65.647992	-58.999776	0.003146
170.000000	78.281154	73.986521	0.023970
171.000000	81.605468	29.061655	0.011794
172.000000	-85.174173	-12.456083	0.021315
173.000000	66.080910	18.532881	0.006645
174.000000	-63.129455	82.221817	0.006114
175.000000	70.292516	-70.980458	0.007799
176.000000	-59.528917	79.674220	0.013674
177.000000	63.072098	85.145151	0.006879
178.000000	-88.821890	-59.923251	0.000272
179.000000	74.833381	65.864227	0.001430
180.000000	71.226946	15.708194	0.037414
181.000000	81.871742	84.132849	0.000926
182.000000	40.491000	-31.080327	0.005775
183.000000	-69.894562	-79.603235	0.009301
184.000000	80.110014	-87.262097	0.001848
185.000000	69.449860	13.913946	0.003644
186.000000	87.531539	-28.056085	0.022262
187.000000	85.420930	27.433530	0.111009
188.000000	-61.254456	-55.104894	0.010791
189.000000	-7.351425	32.691060	0.045276
190.000000	-50.583163	-51.456657	0.002217
191.000000	-76.554914	84.876046	0.005576
192.000000	-89.556121	-35.986507	0.002253
193.000000	-30.530615	-20.903674	0.008577
194.000000	-85.121863	70.781158	0.002302
195.000000	84.616280	-27.109206	0.001028
196.000000	-64.817293	77.463447	0.006018
197.000000	48.099053	26.640901	0.007053
198.000000	-82.947538	-44.629867	0.012300
199.000000	44.936015	-66.649464	0.004439
200.000000	54.601227	35.659804	0.007864
201.000000	-12.230715	-2.597931	0.018260
202.000000	-37.341001	44.333644	0.004946
203.000000	-90.059115	36.552584	0.002656
204.000000	-69.511870	-71.054192	0.003276
205.000000	-51.593312	67.906946	0.010424
206.000000	72.454376	-79.380489	0.003987
207.000000	-21.038173	-6.404618	0.002881
208.000000	-52.766864	-19.554109	0.013984
209.000000	84.149682	-18.296455	0.005101
210.000000	-84.905415	77.879701	0.000712
211.000000	43.550519	-50.708394	0.002128
212.000000	79.050727	63.155836	0.002217
213.000000	-69.864242	-79.848546	0.002340
214.000000	68.882782	83.115923	0.005547
215.000000	-80.063798	-71.401649	0.002758
216.000000	75.291238	-78.083981	0.016530
217.000000	-30.261113	3.501719	0.679365
218.000000	81.356230	-89.378895	0.001241
219.000000	73.856741	-69.031870	0.005133
220.000000	-84.263211	66.450892	0.002137
221.000000	-84.676750	-74.423968	0.000877
222.000000	-21.101952	43.668353	0.002638
223.000000	-17.649993	66.596244	0.011746
224.000000	-59.246864	85.704561	0.009435
225.000000	60.142129	35.454418	0.005757
226.000000	-80.569776	87.489403	0.172709
227.000000	-89.914460	79.306238	0.000713
228.000000	29.687533	-49.087249	0.009750
229.000000	-82.060895	85.548561	0.013115
230.000000	-49.565868	-65.745261	0.007301
231.000000	-84.422476	-81.426243	0.002071
232.000000	45.593357	23.513948	0.013240
233.000000	80.276537	88.339636	0.089054
234.000000	-42.105491	-54.120438	0.008430
235.000000	87.059982	-69.687606	0.005941
236.000000	47.711137	-47.158441	0.002382
237.000000	67.649745	49.990711	0.009540
238.000000	-75.588215	88.477634	0.001068
239.000000	-42.197609	89.046292	0.004420
240.000000	-89.728126	82.063724	0.006217
241.000000	30.145071	-38.270932	0.007797
242.000000	-83.692338	-88.421418	0.004619
243.000000	-42.421418	-53.228682	0.007686
244.000000	60.085560	-48.884097	0.095911
245.000000	-80.557659	-27.022450	0.003423
246.000000	64.908439	-86.439076	0.005885
247.000000	-79.738550	84.998461	0.002321
248.000000	30.005852	43.096392	0.005732
249.000000	-88.532355	-56.498355	0.013217
250.000000	-88.108575	-52.676928	0.003347
251.000000	46.466439	46.788271	0.003491
252.000000	67.681773	-77.406366	0.006685
253.000000	40.105510	-5.007638	0.003486
254.000000	-65.974270	-57.761370	0.002544
255.000000	-61.001583	-64.604248	0.005051
256.000000	74.765837	-31.820615	0.005998
257.000000	-27.652864	-47.250825	0.021010
258.000000	75.744721	56.082358	0.025903
259.000000	-79.778144	-89.005684	0.002094
260.000000	-49.981824	-52.013435	0.005613
261.000000	65.162970	53.025369	0.001321
262.000000	26.676285	41.717793	0.011498
263.000000	-60.948765	64.134575	0.039834
264.000000	41.386662	77.159620	0.003519
265.000000	53.316527	88.977008	0.003165
266.000000	60.725617	57.946327	0.008540
267.000000	79.556047	73.971226	0.008004
268.000000	32.347097	22.610554	0.003817
269.000000	-84.140441	73.496870	0.004807
270.000000	83.081034	-59.835137	0.009159
271.000000	51.350648	-79.259605	0.003321
272.000000	-54.873287	-63.529318	0.015543
273.000000	87.975970	73.693957	0.000510
274.000000	67.400086	-48.338066	0.006159
275.000000	-14.463778	3.066212	0.037862
276.000000	-81.378895	-13.738550	0.026904
277.000000	45.133302	-57.210099	0.003109
278.000000	53.684943	56.880690	0.004304
279.000000	-81.682956	-62.417106	0.001799
280.000000	70.713347	61.244721	0.003503
281.000000	64.376288	77.370047	0.001392
282.000000	-67.613249	54.643866	0.000785
283.000000	87.181503	-66.181651	0.003565
284.000000	-28.556582	-25.392055	0.002018
285.000000	43.479075	-49.620793	0.003241
286.000000	64.828698	85.297192	0.019602
287.000000	85.637535	9.309408	0.013508
288.000000	71.501619	-83.214164	0.001972
289.000000	84.415909	58.463817	0.003271
290.000000	-88.330425	79.654680	0.001800
291.000000	54.234033	-60.256820	0.013732
292.000000	77.170571	59.899120	0.006071
293.000000	83.481989	-20.977674	0.003562
294.000000	71.062871	83.983563	0.003529
295.000000	37.857818	30.129931	0.005614
296.000000	86.774970	54.988047	0.001725
297.000000	67.852058	76.235726	0.002308
298.000000	80.478622	80.958869	0.024689
299.000000	-90.332644	-15.755570	0.000370
300.000000	54.927085	-83.812850	0.005859
301.000000	-58.643770	71.656581	0.006724
302.000000	17.005470	3.223476	0.020442
303.000000	-65.426243	8.810560	0.009388
304.000000	83.924031	58.070486	0.060826
305.000000	21.563600	-63.979214	0.015220
306.000000	90.001169	-27.246420	0.000980
307.000000	71.583304	-77.573726	0.015844
308.000000	83.190434	-23.412304	0.000483
309.000000	-36.347399	50.072725	0.004594
310.000000	55.069408	-52.914659	0.004219
311.000000	76.936015	45.921095	0.001728
312.000000	-85.689521	76.728575	0.002410
313.000000	-73.820615	11.081392	0.002576
314.000000	-81.378862	63.948911	0.001455
315.000000	53.205488	74.332310	0.005852
316.000000	58.439289	-66.773028	0.012795
317.000000	73.275621	-41.575972	0.001370
318.000000	88.995721	88.503378	0.001269
319.000000	-77.577719	-52.820143	0.001400
320.000000	-63.865371	34.368755	0.006115
321.000000	73.928681	26.488091	0.001070
322.000000	-70.108401	87.430278	0.008650
323.000000	40.908632	-81.953574	0.004029
324.000000	-63.536431	-69.625557	0.003829
325.000000	47.061751	79.514957	0.002340
326.000000	-45.795065	76.658960	0.002899
327.000000	66.717991	46.185159	0.003887
328.000000	-41.001530	-72.000871	0.006992
329.000000	-42.985156	-69.104976	0.107764
330.000000	47.005207	-32.350467	0.005902
331.000000	-87.576031	65.362633	0.002105
332.000000	82.315182	-85.171973	0.003531
333.000000	57.007783	5.354290	0.002718
334.000000	87.642212	40.315264	0.002634
335.000000	-90.192946	77.195099	0.001429
336.000000	57.313653	-17.418690	0.019825
337.000000	-36.062635	-34.320001	0.003323
338.000000	53.642516	-18.961418	0.121961
339.000000	56.367014	-28.137586	0.012425
340.000000	-66.490875	68.311156	0.004287
341.000000	-84.342788	72.226500	0.000782
342.000000	88.616422	-22.234972	0.004768
343.000000	19.134200	-20.693823	0.011365
344.000000	-73.053456	-83.372153	0.001816
345.000000	-49.141971	51.057331	0.005346
346.000000	39.252840	20.292854	0.010482
347.000000	62.229404	90.057878	0.004883
348.000000	39.612423	82.708400	0.002673
349.000000	71.126713	-74.929434	0.025747
350.000000	50.543310	-78.679286	0.004258
351.000000	-11.562452	-53.804997	0.031252
352.000000	-70.829476	58.351961	0.003302
353.000000	78.273654	-79.783639	0.004001
354.000000	34.955932	80.084929	0.004465
355.000000	29.405930	35.236458	0.005849
356.000000	44.008843	-2.545496	0.046411
357.000000	-67.021320	-62.847068	0.002522
358.000000	50.572501	-35.652336	0.008395
359.000000	70.045608	-32.486317	0.003227
360.000000	73.703916	86.433687	0.018141
361.000000	54.033230	-44.807858	0.001403
362.000000	81.162985	-81.937526	0.004517
363.000000	-71.054696	63.215231	0.004299
364.000000	86.623975	-46.033337	0.001434
365.000000	-48.414955	23.471111	0.001844
366.000000	-74.651205	-68.125175	0.006012
367.000000	-85.416988	-87.243790	0.000873
368.000000	49.182037	37.387132	0.002778
369.000000	85.605453	89.251975	0.043933
370.000000	60.065803	-86.296793	0.008649
371.000000	-81.655773	-18.780588	0.000966
372.000000	83.600910	-75.077565	0.006788
373.000000	47.066087	51.413537	0.002059
374.000000	-41.919090	22.292516	0.001950
375.000000	36.379445	40.546684	0.003914
376.000000	-63.436832	-55.384249	0.004311
377.000000	-44.364158	70.258859	0.002403
378.000000	-35.218896	-34.528570	0.004956
379.000000	-69.214246	-77.112130	0.002128
380.000000	-88.128258	47.792000	0.001288
381.000000	-32.518011	47.108509	0.004970
382.000000	75.126713	62.332556	0.009215
383.000000	65.968296	-50.212576	0.007331
384.000000	-71.099114	58.930109	0.004413
385.000000	59.383306	38.775980	0.016710
386.000000	59.014930	79.785771	0.004755
387.000000	83.645116	-74.859396	0.004234
388.000000	-85.114188	-63.936729	0.107351
389.000000	65.805313	83.194054	0.004568
390.000000	31.427586	-77.988985	0.003546
391.000000	67.928681	31.585024	0.002852
392.000000	-83.946872	-36.851843	0.002852
393.000000	-86.181710	62.580372	0.001353
394.000000	34.018176	-77.080507	0.010291
395.000000	52.463655	3.966643	0.003029
396.000000	85.115903	23.968384	0.002148
397.000000	54.925252	13.591131	0.034449
398.000000	-86.732724	-78.285986	0.000752
399.000000	53.594932	55.074336	0.001464
400.000000	80.713347	-73.719349	0.004451
401.000000	-73.838188	-53.951522	0.360407
402.000000	50.877035	33.261604	0.005000
403.000000	-80.536553	21.528884	0.001000
404.000000	76.841055	18.934759	0.003148
405.000000	72.599568	84.602803	0.004676
406.000000	83.593357	76.443041	0.001379
407.000000	55.168831	-60.374582	0.011769
408.000000	-58.884091	-58.066209	0.004408
409.000000	-86.249287	68.126848	0.006281
410.000000	-47.194056	-21.377121	0.002590
411.000000	61.603781	17.119662	0.003939
412.000000	-41.139028	-37.271481	0.003277
413.000000	-21.126513	6.253970	0.000390
414.000000	-63.257448	-87.024370	0.012262
415.000000	-58.988888	-80.839514	0.007636
416.000000	66.232260	3.079738	0.002817
417.000000	-37.186694	79.654682	0.012535
418.000000	65.464881	-72.527599	0.002560
419.000000	81.627027	69.343148	0.001241
420.000000	-66.846150	-89.740363	0.121304
421.000000	-33.436832	-69.408897	0.003909
422.000000	-81.368471	-85.692338	0.002116
423.000000	-77.929514	88.625749	0.006155
424.000000	87.103158	-77.050046	0.001689
425.000000	-85.149612	-85.734610	0.001055
426.000000	43.085892	-8.737830	0.003066
427.000000	74.085560	-58.601076	0.001703
428.000000	-86.752655	-83.959003	0.001420
429.000000	70.860753	45.330824	0.002515
430.000000	-20.821890	-38.565101	0.005193
431.000000	89.318475	-23.056398	0.000856
432.000000	48.270994	-12.171735	0.386419
433.000000	73.000935	-9.794924	0.037975
434.000000	52.053200	-69.763672	0.004847
435.000000	-74.574372	59.537963	0.005023
436.000000	-51.149971	-64.796536	0.007808
437.000000	-27.974270	30.601188	0.013566
438.000000	-71.966770	-59.660349	0.005460
439.000000	67.255657	53.734368	0.003010
440.000000	-33.560750	22.638391	0.014503
441.000000	-79.628303	-23.122707	0.001791
442.000000	76.581310	-89.027100	0.002415
443.000000	54.005852	-20.123575	0.001896
444.000000	84.342507	-71.290799	0.007974
445.000000	-19.174173	-71.815700	0.006432
446.000000	-82.356625	-88.335074	0.001408
447.000000	85.445164	83.886164	0.001504
448.000000	-51.548420	31.998745	0.002484
449.000000	-55.946872	82.408882	0.002000
450.000000	59.087047	-81.398812	0.021825
451.000000	62.733258	35.079846	0.002523
452.000000	-87.111439	-55.823332	0.000908
453.000000	72.419372	-0.498553	0.003971
454.000000	-49.629996	-50.042063	0.025815
455.000000	-88.851843	-23.217189	0.001911
456.000000	79.096398	-50.594968	0.000995
457.000000	-48.226553	-5.001563	0.002399
458.000000	49.143507	22.665856	0.001837
459.000000	-89.104855	-58.760221	0.008604
460.000000	-36.708563	80.719727	0.004848
461.000000	-59.667903	0.919613	0.015237
462.000000	87.925778	-85.442766	0.001925
463.000000	-48.551449	52.034060	0.011962
464.000000	11.602901	-52.384102	0.021242
465.000000	82.085540	32.557267	0.005742
466.000000	-36.483250	-4.280347	0.006082
467.000000	75.275621	-41.902043	0.004431
468.000000	73.827497	-81.161975	0.005911
469.000000	-66.951969	-70.804627	0.004022
470.000000	72.788745	-7.479038	0.016175
471.000000	71.627970	55.506361	0.003452
472.000000	-62.350288	-58.710455	0.012485
473.000000	-78.445958	57.891131	0.046026
474.000000	81.496975	33.204590	0.001829
475.000000	-74.036387	83.214729	0.001653
476.000000	-68.981856	-49.227019	0.004254
477.000000	-78.269024	8.801260	0.002539
478.000000	63.765719	-59.710801	0.004177
479.000000	88.833381	-78.231449	0.001946
480.000000	-66.256874	-77.682956	0.005707
481.000000	72.889287	-57.505902	0.001889
482.000000	-82.766864	-67.988721	0.001063
483.000000	49.556100	5.553564	0.002976
484.000000	70.382068	-38.672603	0.002404
485.000000	71.516520	-31.421560	0.003293
486.000000	53.314063	-30.183859	0.004045
487.000000	-36.846150	-23.584038	0.005748
488.000000	85.044966	79.520869	0.001410
489.000000	45.356143	-73.416572	0.003122
490.000000	-83.568406	-87.053875	0.001035
491.000000	14.048517	-87.652603	0.016120
492.000000	-67.376025	89.797741	0.006453
493.000000	82.671635	-36.242539	0.004501
494.000000	-50.722682	76.058028	0.006089
495.000000	37.447236	-77.754826	0.004849
496.000000	-70.593523	-51.471803	0.013060
497.000000	-24.576113	52.200876	0.001964
498.000000	71.992321	11.401880	0.002273
499.000000	59.574621	1.096326	0.004343
500.000000	46.053141	-68.893303	0.002609
501.000000	-88.604543	-75.886849	0.000855
502.000000	-71.082248	-89.352441	0.003119
503.000000	-89.033644	-68.170599	0.001062
504.000000	65.495129	-87.264005	0.003251
505.000000	77.718652	-43.660349	0.003815
506.000000	-86.320001	-11.082107	0.002135
507.000000	-63.038177	86.590586	0.009493
508.000000	89.480248	-63.151425	0.002109
509.000000	88.683839	46.845705	0.004460
510.000000	-64.416716	-59.585219	0.008534
511.000000	-79.857871	87.859645	0.005856
512.000000	-63.099114	67.057290	0.006766
513.000000	90.097918	-70.637400	0.000665
514.000000	-80.335228	53.069494	0.005565
515.000000	80.805949	44.515561	0.001291
516.000000	59.333346	30.682584	0.075934
517.000000	88.110035	-86.753006	0.001158
518.000000	71.331595	-25.011987	0.000707
519.000000	68.065803	-40.803228	0.003626
520.000000	46.560177	75.081483	0.000782
521.000000	-68.759310	1.661955	0.004386
522.000000	-54.481450	74.751011	0.004688
523.000000	-90.599545	-73.037863	0.001288
524.000000	-66.612097	-65.701584	0.002232
525.000000	79.477061	-74.383895	0.000799
526.000000	77.296153	59.696383	0.003229
527.000000	-66.462090	68.987974	0.008000
528.000000	62.061153	83.868838	0.002806
529.000000	-47.838149	-58.569509	0.006685
530.000000	69.891445	88.598318	0.004214
531.000000	29.919348	-70.091568	0.006202
532.000000	-88.434659	-36.493784	0.001079
533.000000	42.584253	-84.723692	0.005004
534.000000	-74.792453	10.197031	0.001672
535.000000	-65.894562	62.073357	0.004771
536.000000	-59.226522	63.007424	0.011267
537.000000	-87.174140	-12.664546	0.001069
538.000000	76.682748	-70.906487	0.015476
539.000000	67.079585	9.264352	0.005037
540.000000	-86.229370	86.684391	0.001813
541.000000	27.867097	-74.060231	0.014512
542.000000	-78.909945	-76.800040	0.000900
543.000000	-84.031704	84.001169	0.002128
544.000000	32.946511	33.076081	0.012550
545.000000	40.256593	44.507867	0.003656
546.000000	61.084215	77.501852	0.003168
547.000000	-76.675832	-66.981992	0.002095
548.000000	-84.051441	-89.551503	0.001590
549.000000	-35.680014	34.145584	0.030563
550.000000	77.365489	73.879562	0.002918
551.000000	-52.901553	73.594373	0.027608
552.000000	-42.587415	32.726661	0.004378
553.000000	64.392115	-77.606139	0.011826
554.000000	83.217672	-63.496676	0.002090
555.000000	34.925426	54.420055	0.004991
556.000000	-63.226522	67.377534	0.004357
557.000000	-83.359017	-60.604336	0.002110
558.000000	-76.221924	-7.652757	0.068313
559.000000	46.001169	-27.971400	0.002898
560.000000	75.149200	40.632416	0.001896
561.000000	-77.946872	-40.414976	0.004124
562.000000	-86.789882	-32.293513	0.000913
563.000000	-88.722653	-83.134591	0.007084
564.000000	-70.789829	-63.968370	0.013326
565.000000	-61.286653	68.620260	0.004013
566.000000	71.968296	-72.992748	0.000343
567.000000	51.440580	-3.349034	0.003820
568.000000	-51.351566	74.512473	0.004859
569.000000	82.588046	-60.589488	0.178250
570.000000	50.941828	0.559287	0.003583
571.000000	-34.352840	-44.479676	0.014445
572.000000	-75.262092	78.407348	0.021604
573.000000	72.110068	-1.011992	0.003628
574.000000	-84.792786	-59.618004	0.265556
575.000000	-75.753817	84.258333	0.002548
576.000000	-86.271894	-86.530508	0.002441
577.000000	-89.436832	-84.051002	0.002390
578.000000	83.706454	-66.651431	0.000931
579.000000	-52.475961	-42.456895	0.003747
580.000000	24.748453	80.177046	0.002676
581.000000	67.598001	-63.753817	0.014351
582.000000	-74.327521	76.954656	0.003020
583.000000	37.617651	-21.546841	0.004429
584.000000	-50.450086	65.160422	0.006888
585.000000	-29.286937	-48.888054	0.003583
586.000000	76.934759	43.921466	0.012577
587.000000	66.833381	79.778183	0.097032
588.000000	83.403306	-88.777430	0.004463
589.000000	68.399707	-33.074553	0.008240
590.000000	-61.921993	61.501447	0.005470
591.000000	43.360859	21.480294	0.002850
592.000000	86.685559	52.329140	0.003359
593.000000	57.996519	-88.051441	0.006906
594.000000	49.975937	-81.511909	0.001501
595.000000	-64.320001	86.276524	0.003360
596.000000	61.199676	-11.556067	0.005802
597.000000	54.601227	-44.676697	0.014097
598.000000	-83.971400	41.792000	0.003394
599.000000	-79.775274	57.016704	0.028006
600.000000	72.877820	63.927168	0.002403
601.000000	84.950224	67.177266	0.030025
602.000000	-81.061076	81.427606	0.001844
603.000000	66.057791	84.968096	0.001059
604.000000	53.726365	-85.914280	0.003895
605.000000	50.243071	-68.503919	0.003895
606.000000	83.202638	35.607865	0.080829
607.000000	-67.311532	57.702307	0.010966
608.000000	75.533333	41.891425	0.004151
609.000000	89.503202	-66.534892	0.103498
610.000000	61.989417	32.882748	0.005721
611.000000	-84.444711	77.443785	0.001439
612.000000	56.951161	-34.268985	0.009029
613.000000	-64.782362	49.923720	0.005832
614.000000	82.648887	86.880636	0.001737
615.000000	-69.085098	26.431136	0.003698
616.000000	-88.108555	56.590643	0.004040
617.000000	73.402957	-27.931659	0.001742
618.000000	63.605521	13.913082	0.068481
619.000000	-86.940897	89.350401	0.001150
620.000000	66.456030	-47.919090	0.003344
621.000000	-56.424250	-82.444166	0.003467
622.000000	-80.818342	1.491134	0.004569
623.000000	63.309008	-6.362432	0.011452
624.000000	-24.172449	1.067516	0.003103
625.000000	-49.181726	-51.954335	0.004456
626.000000	-88.969064	-68.314673	0.016552
627.000000	-19.669644	-70.432243	0.006627
628.000000	57.635842	61.529119	0.026999
629.000000	22.733225	-70.478270	0.003530
630.000000	65.469371	57.264266	0.006857
631.000000	-84.932532	12.833502	0.003227
632.000000	42.737908	33.668386	0.001939
633.000000	40.937810	-7.768319	0.001496
634.000000	-81.476447	-49.618231	0.003296
635.000000	49.513948	35.591946	0.005102
636.000000	-53.059278	-59.369041	0.001604
637.000000	-32.310721	-84.150722	0.013354
638.000000	86.273654	67.906658	0.000650
639.000000	-81.894615	76.042704	0.002477
640.000000	57.100167	36.845028	0.001765
641.000000	66.117568	10.082690	0.000446
642.000000	-44.544399	73.664268	0.001566
643.000000	-25.048806	-75.455467	0.005365
644.000000	62.488130	73.926590	0.047433
645.000000	-43.974304	-56.871460	0.002301
646.000000	-76.881926	-84.092722	0.038112
647.000000	35.926908	86.042743	0.004328
648.000000	85.131291	12.025730	0.002707
649.000000	51.193737	84.216475	0.002863
650.000000	-86.011826	-75.664999	0.002520
651.000000	36.217212	-87.731642	0.004431
652.000000	-40.362486	-50.784877	0.018791
653.000000	60.621105	83.752985	0.002536
654.000000	28.268971	-32.825925	0.025709
655.000000	-81.403423	55.530955	0.093408
656.000000	72.322856	72.122764	0.004098
657.000000	-39.066987	-83.139188	0.003300
658.000000	-76.488038	56.933067	0.116813
659.000000	69.235162	-29.402971	0.010115
660.000000	-53.902116	47.323105	0.003188
661.000000	77.923998	49.150941	0.011185
662.000000	37.205957	42.275389	0.002854
663.000000	-84.428900	49.062027	0.001576
664.000000	42.648887	-23.862569	0.004087
665.000000	88.705476	-51.865419	0.001514
666.000000	69.031532	5.686457	0.004049
667.000000	-89.563881	-45.169529	0.022214
668.000000	78.456063	-48.956318	0.001773
669.000000	82.241701	-81.773235	0.003172
670.000000	70.546181	43.242749	0.002639
671.000000	30.236996	2.134087	0.006590
672.000000	70.410098	63.131223	0.007925
673.000000	-83.174173	-42.328366	0.002910
674.000000	55.138758	12.490961	0.003169
675.000000	59.847181	-25.012026	0.016946
676.000000	57.507312	-24.734782	0.028216
677.000000	81.906673	-1.401716	0.005360
678.000000	67.210085	-30.551618	0.003213
679.000000	10.958835	38.925564	0.047346
680.000000	51.748341	14.157488	0.003257
681.000000	-89.692431	-72.170777	0.005258
682.000000	-47.159119	70.471263	0.002308
683.000000	88.264408	3.651756	0.001595
684.000000	68.169312	-29.349406	0.003193
685.000000	45.847181	-24.118979	0.001756
686.000000	-46.073059	84.785754	0.001583
687.000000	70.838151	61.571368	0.003814
688.000000	32.801266	-68.731912	0.005935
689.000000	-69.835317	66.996934	0.020473
690.000000	63.743126	-3.229392	0.006664
691.000000	70.117568	13.847181	0.003737
692.000000	46.673415	89.536470	0.005985
693.000000	67.943735	-29.112568	0.002319
694.000000	88.893365	-45.475943	0.003079
695.000000	42.223093	18.975017	0.041989
696.000000	-64.103751	-55.132359	0.003617
697.000000	-63.493454	-76.246237	0.001512
698.000000	90.693185	-57.136637	0.004041
699.000000	70.913243	-9.998001	0.001849
700.000000	31.443969	-36.286804	0.005530
701.000000	56.640842	-36.330425	0.011255
702.000000	-87.637615	-31.248581	0.002250
703.000000	-51.403456	36.142992	0.002589
704.000000	-83.131196	35.359689	0.002271
705.000000	31.805333	-72.177925	0.025129
706.000000	-53.306707	35.211782	0.011141
707.000000	-37.398812	4.351781	0.006258
708.000000	53.182707	22.073429	0.005272
709.000000	-64.878477	78.743452	0.000814
710.000000	83.615911	80.264770	0.001549
711.000000	-35.501326	-79.394476	0.004370
712.000000	64.683839	44.627310	0.007851
713.000000	-40.937182	19.596207	0.005063
714.000000	50.238630	-43.332398	0.002454
715.000000	-74.550265	32.351975	0.002569
716.000000	-86.386960	50.009385	0.000987
717.000000	78.975722	27.308109	0.001029
718.000000	-78.907474	62.788570	0.003819
719.000000	-36.937993	-56.640266	0.004836
720.000000	-61.114309	-9.598267	0.004263
721.000000	-65.713908	-64.719033	0.036739
722.000000	60.954186	7.004580	0.004910
723.000000	60.463530	-65.427505	0.018116
724.000000	-64.241802	-34.702775	0.002847
725.000000	74.386712	-80.503130	0.002935
726.000000	70.925426	-69.507220	0.000080
727.000000	87.820030	-54.891457	0.063692
728.000000	17.894509	78.354391	0.010188
729.000000	43.773500	86.277626	0.008293
730.000000	77.940885	-26.466667	0.004489
731.000000	79.070726	-57.067033	0.000758
732.000000	53.368380	-75.552341	0.412969
733.000000	78.339651	66.258475	0.000840
734.000000	-60.167873	-72.995479	0.008384
735.000000	-52.945791	-20.695476	0.009178
736.000000	73.425628	-58.586556	0.005509
737.000000	-57.704575	78.583046	0.027063
738.000000	83.069209	-22.140355	0.004582
739.000000	64.439289	86.181729	0.020141
740.000000	12.567851	4.211353	0.793548
741.000000	-75.738622	83.350483	0.002975
742.000000	-78.846150	-22.237045	0.001505
743.000000	20.955844	18.494269	0.044683
744.000000	86.166462	-61.097374	0.001170
745.000000	76.645945	-32.788141	0.003880
746.000000	-16.342749	71.753967	0.005375
747.000000	80.515879	-55.299174	0.000399
748.000000	-61.501467	35.907195	0.011727
749.000000	-29.336039	-22.960755	0.011129
750.000000	50.524841	-82.625125	0.002330
751.000000	-40.721041	-63.377314	0.186755
752.000000	-75.902082	-30.459220	0.002768
753.000000	10.908439	-68.206418	0.012112
754.000000	90.033250	66.404318	0.003653
755.000000	84.567818	-48.947220	0.002004
756.000000	60.286092	-73.763004	0.007140
757.000000	-54.951969	81.362799	0.002593
758.000000	72.934289	-1.254538	0.006895
759.000000	45.062871	-68.569790	0.003571
760.000000	71.741439	-79.798022	0.014939
761.000000	49.357956	-48.170351	0.027525
762.000000	68.018176	25.002675	0.001765
763.000000	88.750112	-28.333952	0.000567
764.000000	23.408573	-87.293229	0.032194
765.000000	-85.493454	14.243115	0.001411
766.000000	31.853221	38.595370	0.006461
767.000000	-88.220183	76.368755	0.000329
768.000000	-53.770644	-57.290314	0.001325
769.000000	29.782726	17.421433	0.000449
770.000000	50.621105	-82.421699	0.011658
771.000000	-43.338909	-70.441948	0.001597
772.000000	64.813503	40.338288	0.008503
773.000000	-74.982253	-55.011953	0.000963
774.000000	74.555493	89.849110	0.001590
775.000000	-69.817744	-51.542244	0.008613
776.000000	57.735665	-14.125175	0.014343
777.000000	82.204849	54.850388	0.001045
778.000000	49.031992	33.060457	0.004370
779.000000	77.825810	64.893014	0.019015
780.000000	73.062871	-56.241554	0.002315
781.000000	64.078007	-89.341819	0.000393
782.000000	-77.011992	55.747842	0.005516
783.000000	80.705509	27.560717	0.000607
784.000000	-77.805614	41.269581	0.003915
785.000000	30.180515	-31.689347	0.003732
786.000000	57.237786	-3.911761	0.006115
787.000000	49.885055	66.760777	0.005463
788.000000	-87.838188	49.807054	0.001875
789.000000	-12.030453	-52.348190	0.046610
790.000000	53.412102	-6.314041	0.001951
791.000000	67.773447	69.616360	0.004166
792.000000	57.245301	-27.181732	0.005726
793.000000	67.230233	67.600099	0.006954
794.000000	-51.765946	88.778249	0.005989
795.000000	52.474226	-75.341692	0.008977
796.000000	79.988174	-48.797368	0.071281
797.000000	56.644204	-16.490734	0.006881
798.000000	57.109533	42.808149	0.008105
799.000000	-20.335228	-53.907538	0.014352
800.000000	57.758252	87.756904	0.001838
801.000000	82.888561	80.613584	0.002670
802.000000	-61.704542	60.369073	0.015367
803.000000	-70.441894	-56.287940	0.001732
804.000000	77.557793	-22.487897	0.000596
805.000000	-59.436866	-27.741141	0.004806
806.000000	88.636299	-59.383985	0.001153
807.000000	65.141667	71.326155	0.001505
808.000000	84.073357	-55.034741	0.030441
809.000000	32.033230	-55.961979	0.005952
810.000000	-86.634630	-41.403423	0.001613
811.000000	-61.349372	70.408915	0.003102
812.000000	74.110068	-28.797368	0.005912
813.000000	-61.146708	12.595873	0.002398
814.000000	-44.113166	-74.651463	0.002580
815.000000	-26.229370	78.863363	0.007519
816.000000	-55.496709	-27.841934	0.012094
817.000000	85.230595	77.361342	0.001848
818.000000	88.186939	62.734966	0.003818
819.000000	70.456083	9.569937	0.002904
820.000000	-40.339845	69.874772	0.001830
821.000000	64.833381	61.842676	0.015468
822.000000	60.658181	-60.269024	0.076789
823.000000	-22.209741	-53.770644	0.002050
824.000000	47.859564	-59.229856	0.001470
825.000000	-56.132855	80.598318	0.002691
826.000000	75.103865	-47.266775	0.002076
827.000000	-58.376589	-28.812469	0.003114
828.000000	-81.870016	-56.251926	0.020151
829.000000	54.870545	-23.785650	0.006756
830.000000	-72.080652	-37.302117	0.002971
831.000000	-80.751307	89.533772	0.000713
832.000000	47.812477	41.689273	0.308471
833.000000	-50.761896	60.264183	0.002713
834.000000	13.055689	-13.027580	0.013492
835.000000	-82.703035	41.175488	0.005677
836.000000	-76.063765	54.870545	0.044292
837.000000	71.148399	-20.686183	0.001272
838.000000	70.558484	87.870175	0.003741
839.000000	60.581349	-52.004267	0.009479
840.000000	-25.082107	3.795071	0.008379
841.000000	-62.338158	36.361201	0.013353
842.000000	-45.415747	83.681048	0.002211
843.000000	-70.888741	23.462238	0.007431
844.000000	-84.165775	-69.479018	0.002720
845.000000	-86.743375	-85.647812	0.001478
846.000000	75.070372	-63.362813	0.001713
847.000000	-69.625432	-49.466834	0.002084
848.000000	-54.239548	-74.461752	0.006583
849.000000	85.778042	-65.002714	0.087679
850.000000	-86.530629	-42.108375	0.007337
851.000000	79.572847	-56.380023	0.001443
852.000000	70.878137	25.737757	0.001549
853.000000	87.017747	-68.157269	0.009717
854.000000	-20.212644	31.793615	0.111496
855.000000	47.190708	-26.274851	0.002828
856.000000	-71.805614	78.742640	0.006397
857.000000	61.746068	63.700959	0.977031
858.000000	-55.966770	85.096392	0.008056
859.000000	49.313411	90.319755	0.004757
860.000000	75.291296	-65.983984	0.011912
861.000000	76.493870	88.411911	0.006654
862.000000	24.160038	-76.419372	0.001170
863.000000	64.271841	-87.699892	0.001575
864.000000	-89.874839	-27.133563	0.000560
865.000000	-82.505947	19.298858	0.003962
866.000000	50.144985	-67.371342	0.006526
867.000000	49.090055	-60.125208	0.000991
868.000000	-70.453180	-50.629600	0.005717
869.000000	-24.490962	1.729460	0.009875
870.000000	-70.019380	-80.654094	0.051602
871.000000	-57.099114	25.546009	0.002323
872.000000	56.110068	27.111306	0.006576
873.000000	73.031532	28.785836	0.000674
874.000000	67.565659	-21.976822	0.001949
875.000000	-57.314261	31.227609	0.012300
876.000000	88.005852	5.939105	0.008718
877.000000	76.261417	59.746519	0.001127
878.000000	-32.028483	83.924199	0.605614
879.000000	66.305882	38.847764	0.002893
880.000000	62.078007	-73.401716	0.001664
881.000000	-55.206638	-78.455097	0.002168
882.000000	-70.666664	64.650628	0.000505
883.000000	81.685818	-82.170405	0.005381
884.000000	-21.713875	-74.001384	0.003090
885.000000	71.746015	15.762902	0.001215
886.000000	-78.581974	85.738548	0.001046
887.000000	-67.137467	88.388438	0.038869
888.000000	-86.651258	21.662076	0.001639
889.000000	81.657212	38.690242	0.000320
890.000000	70.189756	-50.034607	0.005375
891.000000	-41.486213	56.034303	0.003090
892.000000	49.171079	58.924734	0.006959
893.000000	-16.718056	26.551091	0.007356
894.000000	-50.388686	-60.743375	0.000779
895.000000	-57.374212	47.370051	0.005261
896.000000	-74.598167	-58.273668	0.000936
897.000000	-43.613108	40.607969	0.004849
898.000000	52.389621	-3.342151	0.032343
899.000000	-84.475511	-79.498949	0.001105
900.000000	46.200340	64.160000	0.427829
901.000000	57.580395	13.501447	0.006597
902.000000	-68.586067	73.329112	0.008388
903.000000	64.116022	1.136206	0.006084
904.000000	-35.051766	-71.321893	0.002716
905.000000	31.837993	-77.313631	0.003661
906.000000	44.925447	29.882151	0.003268
907.000000	-55.251547	-89.149612	0.002089
908.000000	-63.131196	73.788932	0.001099
909.000000	-80.924692	-55.773548	0.000174
910.000000	-58.592443	-81.984268	0.028006
911.000000	81.811240	-30.419425	0.001922
912.000000	-61.262092	77.464969	0.000333
913.000000	68.448476	-24.696545	0.004080
914.000000	-49.129816	-60.970923	0.038005
915.000000	-61.637316	-3.193099	0.002375
916.000000	-90.001735	69.397197	0.001450
917.000000	81.628321	58.081573	0.001448
918.000000	70.137571	-6.386510	0.006145
919.000000	-73.464282	-85.949742	0.013183
920.000000	18.434471	-88.142057	0.005644
921.000000	-85.057648	-75.347719	0.000512
922.000000	-84.498429	65.015458	0.797167
923.000000	74.845564	11.506167	0.010200
924.000000	69.790259	-22.915612	0.003120
925.000000	-51.877802	-45.528917	0.002106
926.000000	-87.391258	-72.075969	0.010780
927.000000	23.992321	-67.850371	0.009041
928.000000	-36.375858	-35.758440	0.008379
929.000000	58.471350	36.748657	0.008930
930.000000	-65.652777	68.811020	0.039137
931.000000	-12.327521	-66.028654	0.041032
932.000000	-48.147590	-64.130877	0.003156
933.000000	22.780606	3.155309	0.012774
934.000000	-68.019380	84.907343	0.035888
935.000000	64.885724	-20.620495	0.002598
936.000000	39.773911	12.318006	0.002182
937.000000	-76.031704	68.833342	0.002442
938.000000	-51.453699	-11.730034	0.004044
939.000000	-79.427358	-90.270878	0.001010
940.000000	-77.351146	-63.730909	0.005116
941.000000	72.404318	84.359529	0.002281
942.000000	50.431735	-34.228171	0.004301
943.000000	-55.274416	29.595416	0.273820
944.000000	30.113010	88.954821	0.003551
945.000000	-54.772764	85.337238	0.046703
946.000000	-88.270765	-85.358163	0.004174
947.000000	85.770630	-64.185354	0.006046
948.000000	-82.028713	-23.981791	0.001472
949.000000	76.407348	-63.241170	0.002185
950.000000	50.113010	27.428948	0.001738
951.000000	-49.557841	76.021119	0.043744
952.000000	-56.129999	34.232434	0.014483
953.000000	67.159693	-26.906748	0.002720
954.000000	-36.733335	25.692274	0.377130
955.000000	51.195031	74.607607	0.247791
956.000000	56.457485	-29.799650	0.010458
957.000000	75.572880	63.817658	0.043615
958.000000	-60.908252	-84.458794	0.020520
959.000000	-66.620441	77.931240	0.000277
960.000000	70.288828	-50.584612	0.006966
961.000000	39.720924	13.608060	0.005341
962.000000	-67.862501	30.319947	0.014171
963.000000	82.456069	-9.036548	0.001968
964.000000	-74.060895	64.593634	0.000678
965.000000	-66.143080	-80.407541	0.006007
966.000000	-80.360393	42.090682	0.085694
967.000000	-60.559486	9.516959	0.008774
968.000000	84.129718	79.516520	0.002039
969.000000	-68.006385	-58.581959	0.004425
970.000000	-52.921678	-52.217013	0.002411
971.000000	-86.906017	65.739720	0.030954
972.000000	-58.960929	80.917926	0.014098
973.000000	74.558777	-43.866860	0.000469
974.000000	57.734263	71.847468	0.010984
975.000000	57.544333	-79.350269	0.008739
976.000000	-57.677144	40.678498	0.008704
977.000000	-43.669644	-73.324209	0.066857
978.000000	-89.488738	31.511044	0.000620
979.000000	-47.395783	-73.782290	0.001785
980.000000	-71.620749	25.970349	0.041618
981.000000	-80.144690	-38.962273	0.161557
982.000000	-82.209845	47.787463	0.002336
983.000000	90.292516	-31.534691	0.003981
984.000000	-49.166810	56.421979	0.027623
985.000000	52.073396	11.498968	0.124607
986.000000	71.958983	-56.016246	0.006166
