Thin Section: 	C:\Ice Data\2017-07-18-Tue\10.29 SPICE 1037 VTS

Results: 	C:\Ice Results\2017-07-18-Tue\10.29 SPICE 1037 VTS\2017-07-18-Tue, 14.22

Sequence Angles: 
xi	phi inner
0	0
45	0
45	-45
45	-90
45	-135
45	-180
45	-225
45	-270
45	-315

Threshold: 
45.000

Grain #		theta		phi	Rsquared

0.000000	27.321331	61.172254	0.002922
1.000000	79.859612	72.917834	0.002331
2.000000	-75.889893	-10.719351	0.422290
3.000000	41.688018	58.401646	0.004051
4.000000	62.625716	75.491129	0.266849
5.000000	36.665774	62.572501	0.002963
6.000000	37.180343	-39.427218	0.079255
7.000000	40.018176	-44.058994	0.003942
8.000000	-87.094431	60.546301	0.003329
9.000000	36.905009	52.723443	0.057927
10.000000	74.581343	83.211945	0.077637
11.000000	32.335007	-52.514841	0.015204
12.000000	-78.128205	88.261378	0.005144
13.000000	50.616280	54.401505	0.001864
14.000000	59.046920	61.125468	0.002701
15.000000	50.474113	14.563168	0.002672
16.000000	36.616455	41.645316	0.009612
17.000000	54.137446	49.936235	0.010352
18.000000	51.294205	-39.882075	0.009542
19.000000	-79.136197	88.466613	0.156727
20.000000	70.633342	57.592865	0.043050
21.000000	63.476030	6.066175	0.035220
22.000000	83.625190	-86.655456	0.001825
23.000000	63.413430	60.485877	0.003080
24.000000	67.281944	65.893664	0.002709
25.000000	-36.270765	-76.197396	0.004170
26.000000	31.613007	-1.844804	0.008317
27.000000	-73.496676	-75.051268	0.000828
28.000000	37.214768	69.415281	0.002266
29.000000	19.936202	61.459154	0.002029
30.000000	75.639660	66.525612	0.059394
31.000000	-54.531452	-75.705473	0.000442
32.000000	70.897698	-68.392967	0.107837
33.000000	-73.672460	56.256874	0.002004
34.000000	-55.049524	59.736016	0.006401
35.000000	-54.041017	72.413511	0.100323
36.000000	42.013493	-3.917189	0.017482
37.000000	57.471830	-55.103228	0.002320
38.000000	24.068746	-35.011987	0.208855
39.000000	-47.753817	-74.389902	0.369813
40.000000	28.414695	44.394392	0.001612
41.000000	-79.974270	83.076742	0.004084
42.000000	33.925627	48.687770	0.593579
43.000000	66.845705	79.830614	0.047675
44.000000	45.114488	-82.493063	0.004466
45.000000	-4.900698	58.040963	0.047393
46.000000	37.374499	-11.686252	0.021781
47.000000	-80.043887	76.785802	0.008482
48.000000	47.758165	36.611318	0.007007
49.000000	40.386751	-67.721696	0.014153
50.000000	63.397197	84.598284	0.002013
51.000000	-90.648420	-78.772338	0.003559
52.000000	-66.722686	80.909528	0.015313
53.000000	73.876425	50.157129	0.005675
54.000000	38.310653	46.015611	0.007836
55.000000	30.145032	-65.592811	0.008672
56.000000	46.725321	-79.021062	0.003180
57.000000	41.847447	43.004613	0.003599
58.000000	38.648516	-19.075249	0.011102
59.000000	61.578441	-88.246512	0.002150
60.000000	-73.169490	57.356197	0.070770
61.000000	71.284901	-23.339721	0.006430
62.000000	18.383881	-13.885051	0.032758
63.000000	78.978713	56.656528	0.003904
64.000000	54.446702	-55.174140	0.006206
65.000000	74.717800	86.580196	0.014416
66.000000	83.553158	-73.914440	0.001353
67.000000	32.611651	26.486471	0.039719
68.000000	-81.247202	-89.341819	0.001343
69.000000	47.442606	-53.801974	0.048914
70.000000	41.635788	-14.542306	0.003578
71.000000	85.663025	84.814127	0.001684
72.000000	55.248588	-84.197309	0.008960
73.000000	80.663961	55.250110	1.356131
74.000000	74.870266	54.900568	0.012694
75.000000	44.335040	71.543085	0.018038
76.000000	66.339651	83.956113	0.002350
77.000000	37.853620	-40.173275	0.003847
78.000000	68.688522	59.255156	0.006090
79.000000	52.891133	-55.143121	0.003582
80.000000	73.839681	-68.490947	0.128864
81.000000	46.157222	-40.970034	0.071739
82.000000	80.330324	-64.021120	0.014994
83.000000	-81.306815	82.600556	0.088130
84.000000	69.525780	-87.196960	0.014523
85.000000	-75.994181	7.160221	0.200651
86.000000	52.932585	67.640397	0.006703
87.000000	85.499878	-76.069685	0.001566
88.000000	58.680968	9.422130	0.003347
89.000000	67.587916	72.905536	0.094339
90.000000	84.005819	88.610521	0.006493
91.000000	85.891321	85.033147	0.009938
92.000000	59.511876	72.972712	0.005726
93.000000	55.162991	48.973909	0.005279
94.000000	73.864188	-86.992576	0.006256
95.000000	-69.718826	-84.061667	0.806828
96.000000	63.583284	-74.178408	0.012762
97.000000	55.937365	78.538133	0.007011
98.000000	63.799554	-51.184756	0.010401
99.000000	35.331636	-61.436812	0.016953
100.000000	42.085632	-47.099893	0.038391
101.000000	57.972946	85.506216	0.002139
102.000000	10.910252	52.488767	0.056874
103.000000	56.860831	78.403486	0.003497
104.000000	70.661211	-72.236924	0.758389
105.000000	59.422676	43.583232	0.011165
106.000000	66.200285	22.375051	0.712823
107.000000	45.610103	13.311174	0.009130
108.000000	42.129790	29.861462	1.741317
109.000000	64.436379	-40.720945	0.084849
110.000000	-84.232541	81.642212	0.001523
111.000000	59.168831	63.878610	0.002949
112.000000	66.261378	56.266028	0.003373
113.000000	47.929811	-61.279066	0.003890
114.000000	42.823736	-56.588402	0.539018
115.000000	31.049495	-84.569838	0.022308
116.000000	64.145032	18.448530	0.009834
117.000000	35.437908	50.343855	0.005134
118.000000	89.122136	75.106857	0.170610
119.000000	-81.825265	-78.720825	0.047865
120.000000	46.117621	75.883892	0.000830
121.000000	69.059982	-74.550158	0.004056
122.000000	52.596577	-52.987108	0.004995
123.000000	-56.468407	88.103818	0.002533
124.000000	53.344112	-23.069420	0.002129
125.000000	80.733225	-86.298310	0.006722
126.000000	63.350536	-62.607399	0.016524
127.000000	-74.232541	78.658181	0.009174
128.000000	-78.523076	-78.991080	0.008021
129.000000	84.292516	86.719771	0.005525
130.000000	-36.747160	-74.253553	0.009191
131.000000	68.300036	81.195132	0.001138
132.000000	90.705476	-77.469718	0.365959
133.000000	81.373042	-60.524608	0.000678
134.000000	87.908453	58.737903	0.003212
135.000000	79.059929	-88.078872	0.032902
136.000000	-79.660349	-73.184723	0.559359
137.000000	58.619708	-61.377548	0.031743
138.000000	-82.134131	-87.827637	0.044375
139.000000	79.345853	78.040924	0.003446
140.000000	26.641174	-39.802704	0.004770
141.000000	74.833342	-73.603235	0.001092
142.000000	41.425633	28.264886	0.036628
143.000000	23.010334	64.741157	0.052287
144.000000	60.271841	67.871834	0.005776
145.000000	-78.727510	76.639203	0.003810
146.000000	-65.011592	85.409067	0.002427
147.000000	75.681740	-60.841592	0.003579
148.000000	55.309076	70.468213	0.013341
149.000000	64.840881	-54.707525	0.023316
150.000000	40.322856	-57.936729	0.016463
151.000000	55.423887	-67.865073	0.028609
152.000000	19.200892	0.228545	0.443449
153.000000	46.688535	41.624786	0.004988
154.000000	51.906679	62.961069	0.812635
155.000000	47.968296	32.453159	0.006854
156.000000	62.530966	59.424701	0.177001
157.000000	60.085681	-30.264374	0.003114
158.000000	-8.537498	-63.786823	0.026371
159.000000	36.830298	-45.315996	0.019457
160.000000	47.968302	-34.323012	0.029968
161.000000	-73.842871	4.261378	0.763372
162.000000	58.307749	25.876710	0.035824
163.000000	76.785802	-67.802658	0.002632
164.000000	65.164666	54.706267	0.010841
165.000000	56.302979	-22.143047	0.009033
166.000000	-77.629996	-75.223492	0.001961
167.000000	57.214450	61.375895	0.007462
168.000000	82.062441	74.985104	0.002801
169.000000	47.961893	52.488130	0.036180
170.000000	37.162653	-58.470204	0.039300
171.000000	-57.807335	-82.797188	0.000466
172.000000	66.768834	-63.408106	0.016267
173.000000	73.128506	64.062933	0.019045
174.000000	71.463068	86.192864	0.002997
175.000000	69.730976	58.878098	0.005913
176.000000	24.543310	62.841022	0.001798
177.000000	39.283586	31.773845	0.002742
178.000000	54.377645	-20.743495	0.033303
179.000000	29.794909	-64.214176	0.007069
180.000000	24.948039	9.192222	0.003531
181.000000	32.907348	12.562763	0.018806
182.000000	29.889859	34.115103	0.000176
183.000000	77.202632	77.219412	0.001857
184.000000	-67.094431	-83.563668	0.007386
185.000000	51.975937	-37.768903	0.019797
186.000000	41.645068	43.328247	0.002568
187.000000	64.264287	27.521275	0.008447
188.000000	77.395510	89.015017	0.004768
189.000000	25.408833	-13.610151	0.012455
190.000000	82.436379	-67.066889	0.003563
191.000000	60.206889	-72.898792	0.060496
192.000000	75.324082	69.784785	0.026561
193.000000	-75.415747	-73.444486	0.007568
194.000000	31.138830	25.309408	0.012708
195.000000	69.099235	25.256625	0.021162
196.000000	44.828365	-48.978597	0.003818
197.000000	71.706487	67.054178	0.002653
198.000000	58.486317	-51.915575	0.001529
199.000000	73.827497	77.678870	0.000786
200.000000	50.601227	73.716154	0.001048
201.000000	82.558518	32.601227	0.002302
202.000000	-61.311498	-85.383599	0.004776
203.000000	87.516592	-83.259101	0.265273
204.000000	-78.367062	-81.590713	0.024113
205.000000	65.630062	-65.317344	0.003658
206.000000	26.192698	20.382295	0.004670
207.000000	25.746068	-9.429191	0.009978
208.000000	72.053128	88.191482	0.002846
209.000000	83.003133	90.284045	0.001194
210.000000	80.784062	-49.209596	0.002770
211.000000	78.290775	-75.004433	0.129583
212.000000	33.285013	7.193510	0.008571
213.000000	36.796299	6.403759	0.189486
214.000000	25.372956	-8.888087	0.281639
215.000000	28.132888	1.511024	0.262240
216.000000	52.834024	69.591482	0.007413
217.000000	47.528636	62.836558	0.119140
218.000000	37.786379	36.610477	0.003289
219.000000	49.874684	50.621105	0.003478
220.000000	-84.252244	89.637616	0.001900
221.000000	8.060700	17.438011	0.002288
222.000000	63.481921	-82.133714	0.021741
223.000000	48.053128	64.344314	0.042145
224.000000	23.987671	-33.969587	0.001662
225.000000	85.919348	62.431469	0.029048
226.000000	-64.364158	-82.013479	0.000739
227.000000	76.511229	-88.007622	0.004164
228.000000	29.376223	11.053976	0.014771
229.000000	24.005852	3.131291	0.000646
230.000000	64.668798	-78.829109	0.005301
231.000000	43.874651	56.631993	0.305606
232.000000	53.132369	36.841699	0.053519
233.000000	48.945946	70.301616	0.106319
234.000000	23.309148	21.480294	0.005131
235.000000	69.492312	-72.918343	0.008745
236.000000	87.871775	-89.027274	0.046080
237.000000	79.844310	79.642179	0.015704
238.000000	43.053636	56.369228	0.002110
239.000000	24.212556	-59.819431	0.079307
240.000000	48.048517	-8.261432	0.003770
241.000000	70.050258	77.486586	0.007499
242.000000	62.765837	-82.036367	0.013166
243.000000	68.990863	63.941378	0.003332
244.000000	41.126651	-2.989607	0.004035
245.000000	53.842570	83.547702	0.004339
246.000000	60.065803	48.678059	0.011268
247.000000	47.268949	-55.604976	0.006203
248.000000	71.404697	-84.868709	0.008403
249.000000	55.987671	30.618195	0.013815
250.000000	10.200252	67.084476	0.001453
251.000000	-63.939267	-13.115657	0.381350
252.000000	79.095484	-35.171302	0.002562
253.000000	-84.422476	-81.904986	0.001514
254.000000	76.658148	70.214317	0.128198
255.000000	51.410632	36.134686	0.039798
256.000000	84.670506	68.968130	0.017538
257.000000	45.477291	-21.404804	0.296034
258.000000	63.983524	-52.252244	0.351918
259.000000	71.827497	59.286588	0.004466
260.000000	60.266028	-66.513382	0.062182
261.000000	54.671635	83.903842	0.002056
262.000000	-16.917511	73.508174	0.001728
263.000000	30.683839	1.022625	0.053140
264.000000	24.177645	-13.475159	0.018673
265.000000	73.743126	-76.147909	0.013072
266.000000	37.806258	-41.483628	0.171676
267.000000	74.713347	59.963564	0.007226
268.000000	79.630062	80.662865	0.001442
269.000000	27.375880	-1.445662	0.000608
270.000000	10.908439	39.038577	0.057100
271.000000	66.466439	-67.754933	0.003008
272.000000	18.531107	13.909109	0.003920
273.000000	-82.705858	68.805944	0.006126
274.000000	60.825827	72.775750	0.146088
275.000000	61.413397	-49.759131	0.078024
276.000000	41.929811	-17.159066	0.004831
277.000000	-64.922161	82.608110	0.020843
278.000000	25.750665	-38.785058	0.000469
279.000000	85.733885	-72.892888	0.004701
280.000000	60.705476	70.515561	0.005592
281.000000	48.137446	-69.252677	0.006290
282.000000	81.667675	63.177706	0.004639
283.000000	83.195031	-65.251547	0.003209
284.000000	81.351580	-50.764838	0.002955
285.000000	47.454650	-81.101985	0.008315
286.000000	47.460165	-60.085593	0.005464
287.000000	66.005852	-48.172449	0.307747
288.000000	-84.063765	85.928681	0.003288
289.000000	83.533333	-37.583565	0.001354
290.000000	75.326986	-64.286127	0.077225
291.000000	38.653576	-41.364102	0.007033
292.000000	76.784062	15.440841	0.041011
293.000000	79.229454	-60.610303	0.026604
294.000000	63.173481	-70.563135	0.012751
295.000000	58.560177	-36.392401	0.011142
296.000000	39.277367	-62.001363	0.013370
297.000000	41.442606	-55.407601	0.006322
298.000000	66.395024	-77.335918	0.058594
299.000000	86.683839	-48.402891	0.082097
300.000000	47.859612	-44.240007	0.060267
301.000000	57.307335	41.089264	0.002987
302.000000	86.758283	79.313825	0.001773
303.000000	86.344227	85.294195	0.029355
304.000000	-89.286937	-86.928848	0.144041
305.000000	51.080092	-51.207229	0.004926
306.000000	10.026898	62.249326	0.854699
307.000000	-81.048839	-13.279296	0.400885
308.000000	52.394571	-17.883939	0.002775
309.000000	45.435020	8.156323	0.002400
310.000000	50.946511	-68.379266	0.007432
311.000000	67.363697	87.195118	0.005567
312.000000	83.528683	83.222283	0.006621
313.000000	-87.669676	-71.042492	0.002973
314.000000	-88.434606	81.557788	0.057569
315.000000	-52.114945	11.718020	0.079429
316.000000	48.648536	54.782314	0.020745
317.000000	40.680669	50.281953	0.038351
318.000000	84.376288	67.084143	0.037102
319.000000	49.246895	-51.647674	0.004234
320.000000	-80.710503	-79.637562	0.000383
321.000000	-44.320001	72.226765	0.006710
322.000000	46.535790	-71.822673	0.006653
323.000000	-77.464243	88.003441	0.031470
324.000000	28.808853	32.450862	0.002033
325.000000	62.347136	-49.548615	0.003343
326.000000	50.394392	-81.248560	0.002522
327.000000	34.558484	27.785505	0.007741
328.000000	42.284165	-36.606567	0.005422
329.000000	83.735626	-89.729342	0.002559
330.000000	40.122257	-3.953736	0.003470
331.000000	71.292401	87.694754	0.000968
332.000000	49.495508	-34.278465	0.284493
333.000000	82.154259	-87.097341	0.004552
334.000000	67.070372	71.519657	0.029903
335.000000	89.175153	-78.409268	0.002023
336.000000	21.002747	12.812401	0.002587
337.000000	48.986234	-22.654475	0.003351
338.000000	18.784062	-4.562409	0.003792
339.000000	63.214450	56.246960	0.005207
340.000000	45.805333	73.185805	0.002243
341.000000	-84.732160	-83.438075	0.001563
342.000000	-37.750907	-71.635610	0.006066
343.000000	65.867145	-61.620841	0.024055
344.000000	-76.463778	83.576233	0.001589
345.000000	54.276524	38.490967	0.002672
346.000000	53.619890	12.973107	0.002378
347.000000	32.112924	-39.480593	0.000380
348.000000	67.747756	-88.568050	0.072702
349.000000	37.966555	31.548373	0.001785
350.000000	-89.203701	73.835090	0.000605
351.000000	51.519356	-42.498115	0.004157
352.000000	90.471122	-81.318911	0.007055
353.000000	-89.585305	-79.657266	0.122843
354.000000	30.112924	12.051387	0.006784
355.000000	76.788745	-77.228933	0.000983
356.000000	78.616280	-68.866751	0.005276
357.000000	48.740899	50.873653	0.004041
358.000000	36.755728	-46.575571	0.001276
359.000000	29.435951	48.130159	0.002056
360.000000	77.472274	79.368554	0.005128
361.000000	36.481667	-33.529177	0.005191
362.000000	2.971039	-86.812812	0.066792
363.000000	-79.713908	-83.894490	0.001073
364.000000	41.304750	-3.285496	0.003500
365.000000	43.684662	32.813240	0.016627
366.000000	35.175492	-46.646795	0.013372
367.000000	23.034441	-14.267154	0.020667
368.000000	84.347136	85.596677	0.051986
369.000000	83.891425	65.642245	0.002588
370.000000	-89.731029	74.805632	0.006896
371.000000	68.448529	74.401448	0.008671
372.000000	57.749350	35.407675	0.838617
373.000000	-88.806695	-73.471797	0.002167
374.000000	49.563633	62.835560	0.001054
375.000000	50.253704	23.040812	0.007857
376.000000	86.958835	88.374568	0.020355
377.000000	56.813503	69.030072	0.022202
378.000000	42.429503	-87.146346	0.008878
379.000000	47.625418	30.416083	0.020373
380.000000	47.428484	-18.201972	0.006087
381.000000	82.149629	-66.019380	0.000737
382.000000	76.391342	-82.279569	0.006376
383.000000	40.241680	52.140934	0.002158
384.000000	50.563435	-65.025437	0.006799
385.000000	37.996519	-70.745473	0.014147
386.000000	74.105385	-80.235183	0.052483
387.000000	60.725584	31.524113	0.008006
388.000000	18.043834	83.991104	0.019473
389.000000	48.152625	-35.469705	0.617745
390.000000	44.503183	-75.489122	0.003569
391.000000	43.587862	-52.031503	0.004669
392.000000	53.113631	54.261471	0.001859
393.000000	51.282055	61.935822	0.005854
394.000000	60.241539	62.201978	0.003219
395.000000	43.892415	-67.727718	0.015907
396.000000	56.137446	-59.546874	0.018004
397.000000	-49.048896	56.501112	0.003876
398.000000	42.581429	-56.851173	0.101181
399.000000	85.839734	-72.972991	0.002237
400.000000	-50.309444	-76.229898	0.087969
401.000000	51.106131	-35.553158	0.006437
402.000000	54.900886	-6.302568	0.002820
403.000000	-88.116075	81.642179	0.002078
404.000000	85.572841	83.807107	0.025688
405.000000	15.679999	74.893764	0.036864
406.000000	55.560484	42.503782	0.049663
407.000000	68.142129	64.680930	0.003819
408.000000	88.530932	63.620734	0.002719
409.000000	-75.474827	-85.805561	0.004357
410.000000	69.575750	-86.000925	0.379590
411.000000	63.245404	65.980282	1.055653
412.000000	90.591894	87.741560	0.008823
413.000000	39.640738	-55.285939	0.026731
414.000000	39.281964	47.775313	0.011771
415.000000	28.395024	-24.713320	0.002098
416.000000	77.455601	-75.692371	0.030873
417.000000	71.449907	80.388438	0.122315
418.000000	83.237786	84.651054	0.008318
419.000000	65.474068	68.278245	0.002475
420.000000	49.588707	64.591103	0.000473
421.000000	61.210118	-80.420915	0.024704
422.000000	62.337910	-71.995889	0.017721
423.000000	36.526303	72.292942	0.005671
424.000000	64.038054	-62.155690	0.026626
425.000000	60.761193	-65.403237	0.009111
426.000000	45.280218	-19.812530	0.004627
427.000000	-73.817711	62.067583	0.004357
428.000000	21.660122	22.183817	0.006211
429.000000	62.946511	8.949987	0.007752
430.000000	39.369557	48.925350	0.005410
431.000000	66.567818	56.128172	0.030830
432.000000	34.891158	0.124905	0.636895
433.000000	45.538423	57.081244	0.003409
434.000000	73.097989	82.752630	0.038998
435.000000	74.605838	-86.076002	0.006917
436.000000	71.871795	61.864188	0.003040
437.000000	74.249093	66.667437	0.009202
438.000000	42.845738	28.167346	0.001312
439.000000	39.828062	-40.166563	0.003854
440.000000	55.753602	-61.077424	0.001810
441.000000	49.398421	-30.650749	0.026172
442.000000	69.626931	-60.505968	0.048265
443.000000	-87.778183	-79.566524	0.001294
444.000000	84.431541	-88.392455	0.001262
445.000000	29.966555	-8.856487	0.008915
446.000000	80.379197	-85.246864	0.003597
447.000000	57.915986	29.654395	0.005210
448.000000	-58.763512	-67.724891	0.112153
449.000000	47.254600	-46.843390	0.720453
450.000000	36.284145	-40.158134	0.003528
451.000000	-86.031704	-79.660403	0.001431
452.000000	63.628061	-51.338909	0.008471
453.000000	22.414728	24.214302	0.001988
454.000000	63.799554	-2.028713	0.007858
455.000000	52.688468	70.260141	0.020049
456.000000	71.867145	-80.255148	0.010035
457.000000	54.407228	46.334369	0.169027
458.000000	43.731015	60.583582	0.150266
459.000000	48.663961	68.241593	0.006227
460.000000	79.328732	-71.218983	0.001515
461.000000	40.881128	31.007763	0.001785
462.000000	73.819997	68.642582	0.006365
463.000000	55.578654	-73.831203	0.038348
464.000000	72.930076	86.221044	0.011601
465.000000	-83.254451	-65.371694	0.863414
466.000000	44.993468	-26.093587	0.002593
467.000000	85.859559	-78.642030	0.004432
468.000000	25.400086	3.227113	0.000398
469.000000	65.664805	-45.640399	0.007653
470.000000	-62.379407	89.015071	0.010453
471.000000	44.264321	49.254919	0.004126
472.000000	46.422281	73.343161	0.001284
473.000000	40.934847	-39.699646	0.003388
474.000000	38.056083	-34.794046	0.010509
475.000000	47.744754	-8.013580	0.004344
476.000000	53.655472	28.132888	0.000829
477.000000	-71.761370	65.580395	0.002903
478.000000	-88.545443	80.424022	0.001966
479.000000	40.443972	31.503317	0.004596
480.000000	61.480248	55.496995	0.004484
481.000000	26.500274	72.628619	0.005958
482.000000	52.712982	-82.055746	0.008823
483.000000	41.249935	-35.062586	0.264657
484.000000	-79.536470	-89.254456	0.000903
485.000000	53.802233	78.346325	0.008141
486.000000	73.357950	-72.240007	0.003112
487.000000	73.519430	86.068341	0.002617
488.000000	52.886503	59.009890	0.337358
489.000000	33.762809	23.172264	0.002508
490.000000	77.252840	-85.414001	0.024042
491.000000	45.726365	43.665111	0.000995
492.000000	45.721541	-60.616425	0.201165
493.000000	49.259481	-32.838176	0.053731
494.000000	-83.436866	-57.546522	0.005831
495.000000	86.386751	73.248588	0.003600
496.000000	44.758916	52.227984	0.005766
497.000000	79.891425	-88.148169	0.050674
498.000000	25.158414	50.708346	0.000509
499.000000	54.717991	23.767687	0.008648
500.000000	44.693293	34.644003	0.002585
501.000000	69.143507	-82.080652	0.024237
502.000000	18.493870	51.188235	0.001279
503.000000	20.108274	10.635859	0.002876
504.000000	28.661091	-11.754913	0.002436
505.000000	51.108969	53.911395	0.004022
506.000000	-66.602764	87.986400	0.040078
507.000000	58.322890	-29.266801	0.003979
508.000000	62.379197	-90.040857	0.005410
509.000000	44.645525	-39.988668	0.012490
510.000000	52.790021	57.491361	0.002873
511.000000	46.090364	-69.909636	0.603438
512.000000	-71.326585	76.029263	0.014767
513.000000	57.237786	48.386912	0.001357
514.000000	54.876997	54.884399	0.001224
515.000000	49.889705	-40.957919	0.005580
516.000000	74.822918	79.772284	0.001481
517.000000	-77.294524	-85.057566	0.003329
518.000000	44.164683	-70.310673	0.529341
519.000000	66.530986	56.727905	0.173741
520.000000	28.001169	-81.000162	0.000284
521.000000	41.933331	-70.170777	0.006141
522.000000	66.033250	87.286675	0.024989
523.000000	-89.432182	-77.220136	0.010788
524.000000	56.633269	89.871828	0.013409
525.000000	49.428537	71.195052	0.000212
526.000000	-77.067020	46.406363	0.002116
527.000000	86.503183	61.752985	0.030777
528.000000	67.998265	89.103880	1.329756
529.000000	80.917752	-65.879349	0.007851
530.000000	38.365380	-47.120556	0.006587
531.000000	83.064559	49.237747	0.002510
532.000000	44.028600	41.767493	0.004130
533.000000	33.192044	-54.100821	0.014802
534.000000	84.932980	81.858037	0.004323
535.000000	43.058938	50.394958	0.003523
536.000000	-83.061147	77.400207	0.018178
537.000000	87.652654	87.583232	0.003721
538.000000	44.439289	41.573041	0.007762
539.000000	47.778130	59.503404	0.001852
540.000000	37.208823	-59.718086	0.048499
541.000000	37.754230	-35.421101	0.002717
542.000000	55.631192	-48.847068	0.020041
543.000000	75.162970	-88.485964	0.006555
544.000000	-59.174140	55.200251	0.006958
545.000000	46.382068	23.971830	0.013451
546.000000	79.400107	-84.896015	0.005080
547.000000	35.339516	3.462465	0.000915
548.000000	-64.010531	-87.334298	0.001977
549.000000	47.335747	52.947137	0.004885
550.000000	29.297031	-58.625937	0.007221
551.000000	-48.826519	-66.763808	0.003182
552.000000	29.079651	12.518977	0.046138
553.000000	66.550810	-50.854621	0.100690
554.000000	-59.608658	53.590414	0.007574
555.000000	50.928642	-81.315730	0.011118
556.000000	72.857942	86.382349	0.008700
557.000000	-83.608658	-61.595682	0.000451
558.000000	65.605468	-68.247594	0.008763
559.000000	-79.415978	-61.216379	0.051259
560.000000	50.986388	16.618369	0.009310
561.000000	54.906187	81.473156	0.004603
562.000000	18.229356	31.250473	0.001751
563.000000	-82.785265	52.033443	0.006637
564.000000	42.983363	49.394612	0.003504
565.000000	71.896249	69.342583	0.135085
566.000000	75.392606	-58.762484	0.003546
567.000000	53.598097	-73.811839	0.000399
568.000000	54.200393	-75.732798	0.008188
569.000000	31.259293	-29.201381	0.843814
570.000000	44.579569	-0.747019	0.006452
571.000000	43.242016	64.987375	0.177307
572.000000	86.673415	5.512330	0.052575
573.000000	46.885340	-66.826020	0.558036
574.000000	46.013493	9.263807	0.002337
575.000000	68.540368	49.277362	0.173786
576.000000	-63.551524	-84.019380	0.043524
577.000000	-84.160266	78.922517	0.006047
578.000000	74.078007	-57.603235	0.003498
579.000000	63.728106	-26.167786	0.002412
580.000000	45.518545	53.867379	0.035757
581.000000	36.888633	46.244282	0.002254
582.000000	-77.541061	-88.614787	0.056051
583.000000	73.401880	79.661895	0.001907
584.000000	83.832180	-84.824799	0.002605
585.000000	51.471710	-78.152499	0.007690
586.000000	43.249930	67.973067	0.002677
587.000000	-77.068899	-87.074728	0.003133
588.000000	85.677096	74.640773	0.002123
589.000000	42.253683	-21.337332	0.000894
590.000000	37.223051	34.425056	0.002991
591.000000	27.425613	0.246417	0.006493
592.000000	-81.914440	-89.039424	0.023472
593.000000	85.674220	-88.321130	0.089946
594.000000	43.852091	44.635029	0.004590
595.000000	43.281959	-22.235378	0.003506
596.000000	76.725584	50.768163	0.045489
597.000000	39.248210	-46.298987	0.007256
598.000000	70.821144	-79.645980	0.007195
599.000000	34.018176	83.674220	0.001579
600.000000	25.886795	30.095014	0.008583
601.000000	41.810736	-19.867219	0.005606
602.000000	51.794160	-29.941996	0.008216
603.000000	76.342540	72.104076	0.001312
604.000000	23.568283	-17.311294	0.014166
605.000000	-35.938029	-22.193671	0.642214
606.000000	54.885691	74.233483	0.004680
607.000000	23.454504	44.717991	0.019398
608.000000	-87.398773	-78.595069	0.071135
609.000000	-84.735064	82.377346	0.003328
610.000000	62.137446	66.142162	0.011928
611.000000	-89.571402	86.105418	0.017643
612.000000	38.853225	-34.132956	0.003031
613.000000	-80.777678	-74.217768	0.000658
614.000000	-88.152819	85.009117	0.002975
615.000000	47.491139	-32.102508	0.018400
616.000000	-73.605695	87.662355	0.037954
617.000000	-27.366658	-15.387852	0.009700
618.000000	46.555493	43.604995	0.002766
619.000000	14.520490	51.330572	0.000260
620.000000	72.134629	-42.175320	0.004507
621.000000	59.886795	52.564908	0.006001
622.000000	67.070372	86.703574	0.087879
623.000000	61.077839	-58.389584	0.029490
624.000000	64.419372	-68.681578	0.014574
625.000000	87.883925	-88.750016	0.000734
626.000000	47.403150	-6.934180	0.001854
627.000000	45.699426	30.933039	0.323322
628.000000	30.788745	1.955307	0.001185
629.000000	70.668591	-76.688826	0.016639
630.000000	44.983324	22.847479	0.010099
631.000000	49.793091	60.657903	0.002044
632.000000	68.644204	50.293478	0.006806
633.000000	44.989525	34.819463	0.004734
634.000000	27.184946	13.673591	0.003972
635.000000	-84.041017	71.851831	0.002772
636.000000	48.456069	39.334056	0.006758
637.000000	38.705509	61.786195	0.002103
638.000000	36.913243	-73.580448	0.029144
639.000000	52.515912	49.089264	0.017368
640.000000	38.733258	73.343354	0.000681
641.000000	57.368392	85.610469	0.001776
642.000000	69.123829	82.760489	0.387653
643.000000	84.339597	-60.152819	0.001361
644.000000	37.096523	35.910220	0.013405
645.000000	58.890302	44.965226	0.039219
646.000000	74.943569	-88.208033	0.013450
647.000000	58.696176	49.647147	0.002438
648.000000	-87.504389	78.875228	0.001709
649.000000	-88.179970	85.533280	0.003191
650.000000	-71.813061	84.341039	0.030304
651.000000	-44.028713	-18.737919	0.366598
652.000000	-81.974270	78.890456	0.057758
653.000000	70.164683	88.057791	0.040331
654.000000	33.285112	41.004696	0.000105
655.000000	45.391107	55.315765	0.004776
656.000000	82.080910	-70.200446	0.006450
657.000000	38.661178	-57.167202	0.005879
658.000000	79.775187	-81.969674	0.021795
659.000000	35.803554	-43.286911	0.006649
660.000000	46.209478	-65.685992	0.004529
661.000000	63.026902	-73.761284	0.025784
662.000000	20.236910	-59.795031	0.030265
663.000000	47.297084	70.217259	0.003180
664.000000	-85.130678	-73.219432	0.324576
665.000000	66.713347	-51.694788	0.011467
666.000000	67.123829	-55.842904	0.104044
667.000000	-85.657493	-77.669391	0.015436
668.000000	69.173460	76.152413	0.012532
669.000000	54.773053	18.173816	0.008361
670.000000	80.478622	82.264287	0.011416
671.000000	75.996519	-84.342788	0.004206
672.000000	-63.246776	-45.924579	0.901404
673.000000	71.097489	-63.996592	0.055669
674.000000	62.386712	-59.558937	0.495939
675.000000	-67.195797	-83.822921	0.010869
676.000000	82.821210	73.046819	0.003935
677.000000	66.868804	-71.403423	0.012996
678.000000	-9.383506	32.580442	0.110476
679.000000	50.974327	-22.807758	0.009103
680.000000	-88.364158	-86.524608	0.007739
681.000000	78.456030	67.666579	0.075119
682.000000	-78.382349	-77.186415	0.002831
683.000000	51.456066	51.425002	0.017450
684.000000	62.588903	60.971127	0.203454
685.000000	-42.523520	76.640827	0.008985
686.000000	57.784467	64.319914	0.005531
687.000000	55.628288	-53.139507	0.003824
688.000000	37.294127	-73.171602	0.013083
689.000000	60.740845	-63.152203	0.205546
690.000000	-85.077516	-89.853242	0.003408
691.000000	-87.065279	-89.741459	0.040546
692.000000	51.170822	-74.410693	0.006360
693.000000	30.115881	-47.944249	0.008081
694.000000	80.422314	-50.871229	0.001194
695.000000	-83.793378	74.376341	0.026379
696.000000	59.575750	-47.677285	0.013876
697.000000	-83.986507	79.728106	0.003690
698.000000	65.669416	-68.560463	0.010624
699.000000	55.504620	20.863040	0.007662
700.000000	40.040822	-42.520703	0.007855
701.000000	76.776421	83.136206	0.003421
702.000000	45.152469	-73.685736	0.001824
703.000000	31.004687	-52.004320	0.008803
704.000000	41.402957	-71.373474	0.005805
705.000000	33.259756	-52.716794	0.015291
706.000000	59.178110	-50.173029	0.016364
707.000000	70.980454	70.633282	0.005068
708.000000	38.137499	-67.265001	0.008867
709.000000	57.664926	-78.419425	0.005646
710.000000	63.960763	-33.563881	0.002332
711.000000	46.298329	44.888682	0.039408
712.000000	89.730976	84.515840	0.027414
713.000000	-70.172470	-84.367068	0.006023
714.000000	-69.991157	86.013493	0.018216
715.000000	51.518604	-71.645387	0.012404
716.000000	43.499706	-71.860510	0.000668
717.000000	59.190402	-40.134434	0.001556
718.000000	58.678098	50.268293	0.007606
719.000000	-90.692665	-50.669195	0.002376
720.000000	45.240656	44.615478	0.002781
721.000000	75.876371	85.131291	0.003800
722.000000	36.105385	48.211446	0.003184
723.000000	44.611772	-59.044382	0.044368
724.000000	55.143605	75.540562	0.006137
725.000000	64.271841	-83.234124	0.003856
726.000000	77.049877	50.780534	0.001189
727.000000	45.103865	-20.315317	0.001097
728.000000	-68.681578	-67.889986	0.042472
729.000000	-64.367029	-77.204142	1.319163
730.000000	60.100860	50.030839	0.002606
731.000000	-55.441516	88.839727	0.028511
732.000000	83.501447	-75.054652	0.155244
733.000000	28.636192	-30.216642	0.002890
734.000000	79.230271	71.052152	0.002275
735.000000	88.078007	77.064559	0.005257
736.000000	-87.061076	-63.211255	0.002856
737.000000	-69.411097	84.705476	0.025461
738.000000	70.931385	-67.086878	0.003153
739.000000	57.536222	48.518432	0.036749
740.000000	-83.174140	-81.546556	0.013294
741.000000	45.637529	21.427321	0.000372
742.000000	44.920802	-44.991236	0.004797
743.000000	39.845440	30.856129	0.001882
744.000000	-76.454309	-77.137501	0.232381
745.000000	49.853221	14.035522	0.004657
746.000000	-82.634563	-77.977174	0.003639
747.000000	41.827483	-32.271609	0.009204
748.000000	86.725584	-87.736491	0.009686
749.000000	28.776421	-39.316514	0.005090
750.000000	-83.850318	81.975970	0.003091
751.000000	46.439182	-12.994542	0.006901
752.000000	75.337916	79.221990	0.001625
753.000000	72.490961	-74.662067	0.042012
754.000000	48.147888	43.227005	0.003294
755.000000	67.348795	-74.117621	0.009859
756.000000	41.093635	-32.513463	0.002091
757.000000	41.109566	-71.276189	0.006450
758.000000	-76.063765	89.542593	0.008143
759.000000	-77.368471	84.100948	0.009243
760.000000	40.021047	-20.686347	0.003394
761.000000	-59.444507	-77.356467	0.003840
762.000000	6.735817	-13.490229	0.057156
763.000000	60.745583	43.303707	0.011784
764.000000	62.680968	60.268971	0.008126
765.000000	40.882821	26.768076	0.010710
766.000000	59.723144	-57.396573	0.011692
767.000000	-65.264183	-82.112150	0.877982
768.000000	86.628658	73.292595	0.050809
769.000000	27.939144	1.377867	0.004347
770.000000	74.584253	-45.779387	0.002181
771.000000	72.100788	79.772370	0.007115
772.000000	-70.518064	-70.103751	0.002661
773.000000	71.759992	-44.276544	0.008042
774.000000	79.397251	63.565428	0.002403
775.000000	48.520523	46.492774	0.051052
776.000000	75.735659	70.552584	0.048180
777.000000	32.998118	-65.004400	0.004819
778.000000	35.321497	-47.184549	0.013865
779.000000	56.750145	-39.304298	0.004300
780.000000	67.027802	-26.170492	0.012358
781.000000	60.616314	-46.549859	0.010186
782.000000	30.958817	35.639716	0.003866
783.000000	60.817923	21.624667	0.002729
784.000000	54.758230	45.125550	0.001960
785.000000	84.085540	-81.667936	0.038028
786.000000	82.563134	-54.940897	0.005326
787.000000	78.179385	-89.479510	0.061786
788.000000	42.025730	42.404285	0.280894
789.000000	49.854947	-79.158978	0.004684
790.000000	53.301681	-88.241640	0.006180
791.000000	49.346070	54.252197	0.062886
792.000000	64.800451	75.983815	0.001333
793.000000	73.195079	79.345906	0.004116
794.000000	53.523721	83.371211	0.002050
795.000000	34.715972	-41.560412	0.008715
796.000000	82.439289	84.795552	0.006276
797.000000	38.825242	47.008543	0.001404
798.000000	47.975937	50.919526	0.002244
799.000000	48.683839	8.191800	0.036436
800.000000	39.672446	-12.733004	0.006003
801.000000	82.761193	87.400248	0.001251
802.000000	55.996519	68.857849	0.011517
803.000000	58.845705	-2.214670	0.003001
804.000000	-64.862068	88.607432	0.038213
805.000000	78.206569	-83.556153	0.027578
806.000000	27.059833	14.879082	0.157191
807.000000	69.160757	81.244247	0.056926
808.000000	59.493140	-85.847708	0.047534
809.000000	40.342507	67.037379	0.004714
810.000000	71.533333	78.790452	0.003792
811.000000	78.564908	89.140431	0.002008
812.000000	-78.577276	-80.795675	0.002492
813.000000	81.891599	-85.452066	0.008079
814.000000	41.716052	56.317943	0.419858
815.000000	43.397183	66.095299	0.325458
816.000000	27.575750	71.842784	0.000985
817.000000	58.362385	-83.768585	0.008194
818.000000	63.389697	-79.738622	0.027803
819.000000	42.402698	58.305682	0.001477
820.000000	38.955767	36.849292	0.018123
821.000000	65.014526	44.310506	0.006422
822.000000	36.234000	-70.160286	0.001376
823.000000	44.713150	28.763885	0.001577
824.000000	73.948559	-52.483480	0.003585
825.000000	-87.471884	90.608901	0.453306
826.000000	56.021047	74.154279	0.054085
827.000000	49.664772	27.790333	0.001991
828.000000	56.805632	-68.873318	0.033341
829.000000	39.692989	53.683667	0.132368
830.000000	54.639121	-13.811718	0.002305
831.000000	73.706487	-39.934617	0.003500
832.000000	-65.079257	-80.898412	0.009272
833.000000	45.839666	-58.642151	0.006730
834.000000	-74.730380	86.596544	0.006943
835.000000	81.956080	-81.157204	0.045458
836.000000	-78.306043	-72.972991	0.008490
837.000000	-60.739660	81.424614	0.013113
838.000000	56.436191	-16.654188	0.001088
839.000000	43.588707	-26.850025	0.000532
840.000000	44.853205	-83.680945	0.006619
841.000000	36.152625	-20.149629	0.001042
842.000000	61.571585	-69.956607	0.007371
843.000000	49.431732	31.554229	0.006291
844.000000	40.550864	16.851479	0.009106
845.000000	71.151013	64.182328	0.005703
846.000000	57.759939	-87.097374	0.013617
847.000000	82.273582	89.100956	0.015456
848.000000	37.477490	-45.182910	0.004815
849.000000	68.224759	47.567879	0.011176
850.000000	56.905569	-68.318188	0.049497
851.000000	72.954604	-78.407541	0.001373
852.000000	-87.649993	84.007102	0.002571
853.000000	70.367014	80.757134	0.000499
854.000000	-85.439823	-83.966257	0.002957
855.000000	46.258513	-7.749684	0.001859
856.000000	39.327397	31.902049	0.008983
857.000000	77.345906	-59.447416	0.008406
858.000000	-32.369932	80.823628	0.000804
859.000000	-85.684664	-83.919949	0.083706
860.000000	48.013493	-89.817711	0.005644
861.000000	75.689294	84.705470	0.023372
862.000000	55.266915	-72.070554	0.006005
863.000000	50.157222	55.668931	0.013655
864.000000	-86.099101	66.137446	0.000688
865.000000	56.261417	80.104559	0.460860
866.000000	42.776421	50.635751	0.001169
867.000000	61.642159	-54.940038	0.015911
868.000000	45.926908	41.087432	0.001155
869.000000	29.663025	-29.027288	0.006380
870.000000	-60.169614	67.556014	0.020597
871.000000	46.033250	-26.767665	0.005290
872.000000	44.456296	-54.068780	0.014267
873.000000	-65.961946	-24.011826	0.012429
874.000000	80.100788	-74.654147	0.006379
875.000000	25.557841	-44.884097	0.000758
876.000000	11.210412	-52.245258	0.001218
877.000000	78.229463	60.495331	0.118702
878.000000	-35.689347	73.604961	0.024183
879.000000	28.056070	-36.073884	0.437209
880.000000	74.781104	58.962815	0.005596
881.000000	53.743112	83.817358	0.004878
882.000000	-85.211288	79.276503	0.049461
883.000000	32.616422	-35.133914	0.003732
884.000000	28.816494	-88.407383	0.007332
885.000000	29.600910	50.820826	0.003118
886.000000	51.162635	-32.797009	0.036100
887.000000	18.521341	6.208643	0.019777
888.000000	22.021085	-68.998547	0.001981
889.000000	53.841114	79.237000	0.876888
890.000000	42.036193	-73.865560	0.014268
891.000000	42.814818	-29.867330	0.014414
892.000000	70.977549	-33.615554	0.010961
893.000000	-47.533294	89.467004	0.004696
894.000000	24.110014	-88.959188	1.033693
895.000000	82.302979	-83.002833	0.061416
896.000000	57.262066	60.053958	0.020011
897.000000	23.264970	-48.048531	0.012730
898.000000	74.005852	57.337933	0.001009
899.000000	36.081070	-36.501172	0.005541
900.000000	-52.420962	84.812775	0.001980
901.000000	34.535757	25.165029	0.006082
902.000000	-89.122214	89.398188	0.004105
903.000000	40.418938	-34.172743	0.496367
904.000000	-31.995889	-66.539681	0.331813
905.000000	-85.004492	-80.508871	0.069363
906.000000	62.595401	63.287300	0.003579
907.000000	74.820803	86.945310	0.000479
908.000000	57.286787	56.214409	0.002492
909.000000	-43.214125	76.148856	0.001354
910.000000	30.209619	19.690043	0.000298
911.000000	77.585024	-79.902082	0.013661
912	grain not analyzable
913.000000	31.778097	17.876831	0.005927
914.000000	50.105510	14.973219	0.000988
915.000000	71.827990	79.504809	0.004992
916.000000	20.848614	26.142453	0.001187
917.000000	76.777625	-72.686270	0.013913
918.000000	49.110418	-78.359562	0.006216
919.000000	44.030452	87.849506	0.001802
920.000000	34.615058	3.557467	0.051389
921.000000	56.022826	-50.951602	0.004017
922.000000	77.464036	58.752765	0.011102
923.000000	-85.731029	-66.145227	0.000800
924.000000	37.416239	-34.019022	0.009089
925.000000	42.135851	48.778186	0.000821
926.000000	76.738362	-82.827428	0.004782
927.000000	-83.436832	81.180310	0.003178
928.000000	-77.762863	-67.119330	0.002629
929.000000	41.643773	-33.078700	0.001065
930.000000	29.726683	40.981913	0.006398
931.000000	30.160038	-40.428415	0.015815
932.000000	23.428537	-35.964140	0.045608
933.000000	81.864188	86.231097	0.003009
934.000000	51.623549	57.323577	0.000715
935.000000	-82.965810	-64.580142	0.000577
936.000000	46.417725	77.201643	0.000450
937.000000	47.157562	31.773704	0.003563
938.000000	39.687035	67.121829	0.001378
939.000000	71.515158	-61.993722	0.007313
940.000000	58.110107	56.997059	0.001117
941.000000	31.750578	7.657446	0.006623
942.000000	49.557759	-47.214173	0.006622
943.000000	25.408516	14.953822	0.046574
944.000000	47.959002	70.431649	0.002080
945.000000	-39.844552	77.056832	0.002907
946.000000	25.975937	19.148104	0.012934
947.000000	51.740691	56.391294	0.001612
948.000000	47.190402	-52.784716	0.009091
949.000000	48.799804	43.995587	0.003522
950.000000	88.278391	64.863363	0.031672
951.000000	21.445091	12.977650	0.001941
952.000000	-82.872281	-85.524053	0.002735
953.000000	62.350007	67.584209	0.004422
954.000000	82.414182	-68.502864	0.006863
955.000000	50.889829	68.909156	0.001662
956.000000	44.563168	-15.319351	0.024896
957.000000	26.905569	-40.504270	0.019828
958.000000	26.449872	-22.898823	0.019015
959.000000	64.685618	38.428937	0.646341
960.000000	24.757819	-8.864404	0.127861
961.000000	23.615911	37.995854	0.006167
962.000000	-52.549020	87.049466	0.208451
963.000000	70.588879	-83.231610	0.045078
