Thin Section: 	C:\Ice Data\2017-07-17-Mon\09.20 SPICE 897 VTS

Results: 	C:\Ice Results\2017-07-17-Mon\09.20 SPICE 897 VTS\2017-07-17-Mon, 14.15

Sequence Angles: 
xi	phi inner
0	0
45	0
45	-45
45	-90
45	-135
45	-180
45	-225
45	-270
45	-315

Threshold: 
45.000

Grain #		theta		phi	Rsquared

0.000000	-24.631727	-5.183473	0.002094
1.000000	86.883426	75.551171	0.002482
2.000000	-81.795031	-51.416954	0.015441
3.000000	47.779817	22.367062	0.003742
4.000000	-50.288863	-46.812309	0.006214
5.000000	-78.172470	14.073357	0.057314
6.000000	-60.888741	-15.116813	0.004297
7.000000	-85.657299	86.665369	0.026069
8.000000	-43.814681	57.556435	0.003765
9.000000	-73.694151	-39.143750	0.035079
10.000000	-74.207994	-22.778709	0.000941
11.000000	-51.660169	40.540407	0.054348
12.000000	-38.898922	27.681261	0.000720
13.000000	-77.914440	-82.733323	0.002291
14.000000	-34.865500	59.832699	0.022740
15.000000	-34.670858	75.943969	0.019513
16.000000	-87.436832	48.506107	0.004219
17.000000	-65.934197	-30.464994	0.000242
18.000000	-80.538023	-29.436832	0.003139
19.000000	-61.575978	62.424002	0.009564
20.000000	33.943691	-47.071456	0.459385
21.000000	-90.155690	42.835242	0.002116
22.000000	-87.625205	-32.025804	0.065131
23.000000	82.374568	68.024077	0.002449
24.000000	-77.154295	-53.731050	0.017016
25.000000	65.755363	86.371712	0.025713
26.000000	-61.063825	-36.412704	0.006133
27.000000	-79.674273	-78.757531	0.001416
28.000000	-55.882379	47.681773	0.010699
29.000000	-88.765033	-14.692011	0.003494
30.000000	-82.063798	80.391342	0.012742
31.000000	80.589475	-88.782114	0.121913
32.000000	86.700826	80.836001	0.002198
33.000000	-70.710542	-72.552996	0.195227
34.000000	-52.919941	-83.245064	0.002118
35.000000	-71.942176	-17.719721	0.100420
36.000000	84.610560	-81.436275	0.022588
37.000000	-89.211255	7.541173	0.207278
38.000000	77.212414	74.458586	0.024771
39.000000	84.332044	-68.584776	0.012779
40.000000	-55.805348	86.720875	0.006417
41.000000	-73.795119	41.730894	0.003686
42.000000	-65.707484	57.091730	0.002278
43.000000	-36.722653	25.390263	0.080929
44.000000	-61.231166	-43.943983	0.006429
45.000000	-44.597043	-45.787457	0.015393
46.000000	-45.568492	-72.508586	0.001800
47.000000	-86.276698	66.517619	0.003978
48.000000	-60.161610	-67.996559	0.010529
49.000000	-55.215905	-69.456207	0.004310
50.000000	-44.921784	-30.704867	0.018063
51.000000	-83.524287	85.666579	0.040413
52.000000	-66.888374	89.427591	0.016218
53.000000	-80.763994	64.200648	0.002224
54.000000	-79.481218	-68.084793	0.005192
55.000000	68.798357	-84.019380	0.001694
56.000000	-57.461301	18.259556	0.126127
57.000000	-42.962602	20.628625	0.001662
58.000000	-67.203701	-72.162905	0.096415
59.000000	-66.592065	-30.789634	0.007182
60.000000	18.204849	-64.773941	0.034249
61.000000	-46.215263	-45.113850	0.010532
62.000000	-68.550093	79.943789	0.858146
63.000000	63.528669	-12.827331	0.154564
64.000000	46.943868	73.096209	0.011075
65.000000	-66.419566	-42.037643	0.003710
66.000000	-53.268713	-74.028508	0.286027
67.000000	-24.164964	-18.334059	0.002249
68.000000	-43.338909	-42.120471	0.009181
69.000000	-75.838188	-83.209514	0.002803
70.000000	-69.541061	28.212523	0.005833
71.000000	-67.560939	-88.772392	0.004463
72.000000	-84.212629	48.605838	0.100208
73.000000	-49.608658	-24.832386	0.000818
74.000000	-72.356625	-74.196544	0.003148
75.000000	-59.383578	54.471350	0.048766
76.000000	-86.414203	-79.201643	0.001480
77.000000	-57.274416	-49.855827	0.013425
78.000000	-81.599514	85.773559	0.013972
79.000000	39.109074	22.893928	0.575532
80.000000	-90.888741	-12.728114	0.001880
81.000000	81.217321	-81.778624	0.000474
82.000000	-82.043887	-66.145038	0.002057
83.000000	86.640862	-15.467606	0.065919
84.000000	-61.760181	83.568464	0.002763
85.000000	-38.081105	38.788745	0.006439
86.000000	-73.974270	46.344280	0.004867
87.000000	-33.473996	-90.301852	0.264006
88.000000	-37.911551	6.175020	0.005639
89.000000	88.310653	-68.290439	0.007823
90.000000	-12.673894	51.522503	0.003652
91.000000	-45.929514	22.750227	0.001191
92.000000	69.839681	-82.757570	0.001229
93.000000	83.094532	80.208667	0.028701
94.000000	-61.603235	-68.788141	0.021441
95.000000	76.256646	-14.907971	0.019325
96.000000	-60.842267	-79.340324	0.005928
97.000000	-76.745268	-0.200641	0.005007
98.000000	-78.837015	-41.337278	0.050698
99.000000	-56.421346	18.002937	0.003201
100.000000	62.080910	-54.393036	0.003414
101.000000	-32.956285	-20.589426	0.017822
102.000000	-60.439303	-6.108309	0.004771
103.000000	38.993839	-43.066847	0.865672
104.000000	-44.396219	-63.498775	0.003079
105.000000	-87.244805	77.017155	0.002359
106.000000	-46.703867	53.300836	0.004282
107.000000	-71.191180	-13.045396	0.001523
108.000000	-60.167873	60.339684	0.010278
109.000000	75.854967	-14.157017	0.092347
110.000000	-43.810191	-23.039424	0.002977
111.000000	-86.362418	67.479065	0.001862
112.000000	-59.476568	-82.950030	0.002886
113.000000	-47.168698	-50.378099	0.009718
114.000000	-52.421333	-28.543885	0.025304
115.000000	-75.391220	-43.911497	0.007818
116.000000	-61.282282	2.969750	0.949596
117.000000	-55.802651	32.448535	0.002029
118.000000	-45.266907	-69.539812	0.190779
119.000000	-64.977709	-67.917078	0.002638
120.000000	-49.782741	-46.892888	0.011625
121.000000	-56.910044	-48.194825	0.018405
122.000000	-60.342788	-67.798028	0.057377
123.000000	-51.326726	-39.412304	0.009244
124.000000	84.179385	69.646809	0.004025
125.000000	-59.238807	-23.926942	0.015153
126.000000	-69.411064	-3.857886	0.001411
127.000000	-56.454252	88.013112	0.000982
128.000000	75.516453	-55.462064	0.012120
129.000000	-86.369932	-84.821212	0.005347
130.000000	-49.182077	34.688880	0.007852
131.000000	-39.704575	-24.953477	0.002561
132.000000	-53.718813	-49.771455	0.005879
133.000000	65.844373	1.459421	1.164060
134.000000	-73.556028	-43.474334	0.001712
135.000000	-88.382316	-2.404903	0.003431
136.000000	-43.174173	68.019007	1.344100
137.000000	86.122198	65.392601	0.003017
138.000000	-53.894490	15.020108	0.003248
139.000000	-58.674111	-54.001735	0.018208
140.000000	-66.532282	-36.845806	0.015375
141.000000	-69.798061	3.370047	0.002907
142.000000	-82.973098	-65.427451	0.114284
143.000000	-68.307784	-5.814723	0.001892
144.000000	-82.676643	-18.192009	0.003110
145.000000	-53.886990	-29.790274	0.006082
146.000000	-70.683266	42.533186	0.008995
147.000000	-62.140409	-36.345658	0.281451
148.000000	-44.799736	-55.375821	0.004249
149.000000	-78.451486	-28.360427	0.643142
150.000000	-49.923580	17.343022	0.004722
151.000000	-34.189264	-20.029968	0.001343
152.000000	-60.339845	68.816997	0.059670
153.000000	-74.862983	-84.792095	0.004400
154.000000	79.167074	-71.651189	0.000284
155.000000	-66.281363	58.712677	0.002078
156.000000	-71.649745	-84.572642	0.002227
157.000000	-73.414007	-77.154334	0.026400
158.000000	28.374004	-37.156231	0.056485
159.000000	-77.294524	-33.481130	0.001409
160.000000	-22.307784	-8.329772	0.009100
161.000000	-32.155684	1.336807	0.007990
162.000000	-52.259387	-19.411927	0.006367
163.000000	-73.595643	68.852939	0.585269
164.000000	61.237786	-71.123157	0.009382
165.000000	-82.675832	-43.524195	0.024002
166.000000	-89.079257	-48.751669	0.002288
167.000000	-67.504389	65.681740	0.002574
168.000000	-68.189264	-14.004770	0.023746
169.000000	-68.261470	-18.815379	0.004746
170.000000	-68.577276	-59.177115	0.037427
171.000000	-82.921688	-49.548367	0.002493
172.000000	-84.001735	22.297166	0.002967
173.000000	-81.048806	63.809891	0.003339
174.000000	-36.513429	16.735778	0.003144
175.000000	-48.586603	-17.705453	0.002495
176.000000	86.312394	-71.707518	0.001174
177.000000	-83.453819	-86.040857	0.097087
178.000000	65.207214	88.670857	0.979892
179.000000	-67.862501	-41.766000	0.001749
180.000000	-43.137467	66.544997	0.005226
181.000000	-84.088697	-45.805561	0.006314
182.000000	-74.301105	69.482022	0.003696
183.000000	-69.677144	-28.663681	0.010273
184.000000	-69.186464	37.755543	0.002897
185.000000	-84.371712	-47.679735	0.026982
186.000000	88.951194	84.645666	0.002704
187.000000	-71.086931	50.148083	0.005967
188.000000	-70.599860	-81.763935	0.002352
189.000000	-56.424216	25.424682	0.002768
190.000000	-37.619425	-83.693084	0.009890
191.000000	-58.515175	50.409287	0.004722
192.000000	-71.501467	74.963519	0.004420
193.000000	-76.719782	37.213174	0.003320
194.000000	-75.009083	-2.098291	0.003878
195.000000	-82.882514	86.645666	0.007094
196.000000	88.829195	-73.028017	0.001214
197.000000	-67.637615	33.779856	0.002457
198.000000	-73.215938	44.572468	0.022568
199.000000	82.608814	27.353220	0.002724
200.000000	-73.810191	40.907256	0.001797
201.000000	-63.501500	-87.514036	0.004567
202.000000	-47.134525	71.627689	0.003523
203.000000	-45.473164	60.096097	0.613526
204.000000	-52.269018	61.580575	0.006953
205.000000	-75.981824	65.477339	0.005046
206.000000	-79.378895	-5.082107	0.002097
207.000000	-39.058172	65.881340	0.004920
208.000000	88.129946	-20.143259	0.002852
209.000000	-70.566953	-84.592098	0.030191
210.000000	-34.170750	-20.106016	0.453117
211.000000	-30.513429	-10.894695	0.001174
212.000000	-45.807335	2.914902	0.003157
213.000000	-65.314420	80.894932	0.019663
214.000000	-85.279066	-72.125262	0.002692
215.000000	82.523393	84.278245	0.002324
216.000000	-88.949539	-25.924404	0.000987
217.000000	-78.680481	-5.247691	0.002302
218.000000	-82.829429	20.867674	0.000867
219.000000	64.342507	75.584527	0.003889
220.000000	-66.693762	79.936202	0.003127
221.000000	67.567879	-63.946800	0.001656
222.000000	-75.838188	-53.246454	0.001794
223.000000	-85.850371	-68.681525	0.002680
224.000000	-62.660484	-18.579948	0.004632
225.000000	75.094652	-57.756261	0.001436
226.000000	10.646762	80.457963	0.009653
227.000000	-76.545496	88.480504	0.003754
228.000000	-73.299174	-15.334226	0.003696
229.000000	-89.271425	50.256646	0.001677
230.000000	-61.118992	-5.871795	0.005807
231.000000	-66.782362	10.148062	0.001443
232.000000	-60.493779	40.409233	0.007913
233.000000	76.258508	-1.558937	0.002972
234.000000	67.274497	80.957541	0.004399
235.000000	-78.284213	-60.229477	0.001977
236.000000	-65.013766	-20.554562	0.010263
237.000000	-82.910118	-56.628021	0.003520
238.000000	-88.024063	-86.518011	0.002425
239.000000	-51.464243	1.075108	0.004103
240.000000	41.205920	2.328801	0.077246
241.000000	-62.739607	53.701690	0.012182
242.000000	-74.428971	69.400175	0.047737
243.000000	-58.483408	26.337273	0.006496
244.000000	70.246150	-82.486297	0.002624
245.000000	68.298295	50.040963	0.003449
246.000000	-49.741492	23.674079	0.001349
247.000000	77.996519	13.767720	0.001333
248.000000	-53.577506	15.017444	0.002218
249.000000	-72.719782	-68.628671	0.010953
250.000000	51.435951	-87.983565	0.009200
251.000000	-58.105491	-67.543878	0.003493
252.000000	-83.628341	51.103793	0.002762
253.000000	-81.489142	-40.331357	0.003113
254.000000	-66.246431	75.262120	0.160686
255.000000	-60.715153	73.335628	0.002735
256.000000	71.173481	-83.254417	0.124731
257.000000	-48.045661	-30.003970	0.012992
258.000000	64.206569	-84.200446	0.004589
259.000000	-63.496364	-22.792718	0.016091
260.000000	-51.889932	87.548561	0.008341
261.000000	-68.982253	70.003881	0.009167
262.000000	-15.506130	-71.131547	0.004344
263.000000	-84.865820	2.421644	0.001176
264.000000	-35.905558	-61.603800	0.204494
265.000000	-86.036354	-52.960882	0.001324
266.000000	-66.031704	59.802424	0.003604
267.000000	-78.740418	-45.989018	0.032319
268.000000	-78.922161	-64.127992	0.001067
269.000000	-57.645082	80.436244	0.022645
270.000000	76.848575	-19.610258	0.087636
271.000000	-69.753817	65.542787	0.009269
272.000000	-51.709258	1.603287	0.013352
273.000000	-46.912882	-45.990932	0.008899
274.000000	-72.759344	48.713150	0.004474
275.000000	-60.006385	-64.935421	0.003697
276.000000	-62.510525	-72.359475	0.006418
277.000000	-73.697021	-54.204984	0.002383
278.000000	-68.490962	33.515674	0.393324
279.000000	-69.577719	-57.528757	0.028540
280.000000	80.845738	-83.359017	0.013268
281.000000	-44.041017	79.658762	0.059057
282.000000	-89.046127	-35.338909	0.002284
283.000000	-89.680086	-21.362035	0.043929
284.000000	-61.338909	-58.642151	0.005586
285.000000	-64.468407	32.391608	0.025138
286.000000	-55.882399	4.053141	0.012380
287.000000	-86.533379	-67.961979	0.000653
288.000000	-87.779870	-47.169490	0.004167
289.000000	-65.610379	27.956152	0.001192
290.000000	-88.826519	-85.166619	0.001632
291.000000	-43.835278	5.027169	0.004647
292.000000	-74.626391	14.633648	0.761906
293.000000	-54.864722	-18.901548	0.017004
294.000000	-26.468407	3.145205	0.001342
295.000000	-87.424595	-74.626677	0.021089
296.000000	88.188069	89.629873	0.021297
297.000000	-52.010531	-37.354022	0.003224
298.000000	-56.920435	-14.822701	0.003574
299.000000	-84.941071	57.854420	0.005135
300.000000	72.169405	-58.366632	0.001802
301.000000	-67.415747	-84.972745	0.004477
302.000000	-79.695281	16.598318	0.001154
303.000000	36.285846	-80.047601	0.736724
304.000000	-64.809115	30.493571	0.003523
305.000000	-84.957111	-84.716278	0.070315
306.000000	-63.782780	20.319947	0.006558
307.000000	-27.306848	-46.664513	0.001697
308.000000	79.031532	-75.196960	0.002012
309.000000	-31.533387	-48.480289	0.007496
310.000000	-63.159119	-16.065385	0.003532
311.000000	-79.118777	79.691605	0.010047
312.000000	-82.067906	-17.882393	0.045187
313.000000	-58.788088	-17.389532	0.004667
314.000000	-82.994316	62.645633	0.002228
315.000000	-66.149910	-26.276626	0.003296
316.000000	-63.978953	17.525726	0.006118
317.000000	-86.547236	-87.426996	0.016595
318.000000	-54.622394	-3.481622	0.002851
319.000000	-80.183038	85.482135	0.019468
320.000000	85.017729	-51.842059	0.003530
321.000000	-90.394479	11.896216	0.074989
322.000000	58.439289	-66.515559	0.002256
323.000000	-65.134105	3.143474	0.007907
324.000000	78.745549	-85.814648	0.006166
325.000000	-65.057720	-15.746083	0.321111
326.000000	53.822940	-86.129825	0.005085
327.000000	79.936235	13.580395	0.003406
328.000000	-50.440115	9.232031	0.003247
329.000000	-36.649193	-79.611634	0.005171
330.000000	81.195031	-84.189789	0.002001
331.000000	-47.882379	1.693990	0.010216
332.000000	-54.692665	-49.182044	0.006586
333.000000	-57.877802	-64.681697	0.002696
334.000000	-82.989786	53.025295	0.002235
335.000000	-64.905348	54.500454	0.022099
336.000000	-63.262092	35.533827	0.004006
337.000000	41.956119	-6.982091	0.006375
338.000000	-62.980506	12.307783	0.005146
339.000000	-54.308197	-59.080174	0.002771
340.000000	-70.682902	-26.992076	0.004136
341.000000	-90.628770	-78.013567	0.002203
342.000000	-62.985070	12.160266	0.011590
343.000000	-76.688015	81.531971	0.001982
344.000000	-69.741492	57.651384	0.005092
345.000000	-80.234020	-61.689468	0.000988
346.000000	85.729235	81.542940	0.003875
347.000000	-57.427499	36.738973	0.007196
348.000000	68.431541	-84.419425	0.014856
349.000000	-54.309444	14.418480	0.237286
350.000000	87.743126	-71.341819	0.000484
351.000000	-53.709225	-80.938094	0.003337
352.000000	-48.291767	17.493932	0.002554
353.000000	73.802424	66.416435	0.041651
354.000000	-51.389484	16.457306	0.003929
355.000000	-81.583585	-74.132855	0.052710
356.000000	79.109606	69.625331	0.002239
357.000000	-81.998798	-29.386608	0.001563
358.000000	-41.622523	-48.781369	0.005027
359.000000	-50.347399	27.781915	0.006909
360.000000	-51.211894	13.029560	0.005816
361.000000	-90.760188	-85.499406	0.003339
362.000000	45.658807	-82.872953	0.004032
363.000000	-34.247594	0.344247	0.007750
364.000000	48.475805	72.308726	0.665220
365.000000	78.520490	56.818235	0.002362
366.000000	81.400140	87.010774	0.001564
367.000000	-64.220183	-46.036334	0.008113
368.000000	-61.998831	-19.588161	0.005350
369.000000	84.146725	26.948285	0.001380
370.000000	-71.595715	72.005852	0.013025
371.000000	-75.062053	-64.261432	0.000926
372.000000	-54.103751	-16.681644	0.001456
373.000000	-78.357841	-14.581906	0.004833
374.000000	-70.576113	61.229963	0.001654
375.000000	-74.601291	-71.793743	0.001076
376.000000	-81.571402	-15.085157	0.001295
377.000000	-69.914440	-84.425379	0.003801
378.000000	-71.565622	73.897379	0.001767
379.000000	-67.145001	72.952902	0.003774
380.000000	70.793428	56.870266	0.004537
381.000000	-84.583163	-58.431875	0.001831
382.000000	-72.865800	-28.140316	0.004199
383.000000	-52.014412	64.719771	0.001831
384.000000	-57.008962	-8.093094	0.034996
385.000000	-42.391590	2.273064	0.003120
386.000000	83.464809	22.665735	0.000795
387.000000	-41.946800	75.119094	0.815948
388.000000	74.750233	20.770110	0.348602
389.000000	-60.780588	-12.066635	0.008259
390.000000	66.013493	44.399635	0.003289
391.000000	-33.600365	1.016704	0.009039
392.000000	-56.209774	9.432096	0.006993
393.000000	-33.057687	-59.368267	0.003442
394.000000	-68.532322	-71.074070	0.019132
395.000000	-32.578534	38.607945	0.016534
396.000000	-89.617932	-28.316632	0.034337
397.000000	-56.096197	47.794871	0.001275
398.000000	-84.767601	49.946468	0.003832
399.000000	-41.589902	70.880670	0.001717
400.000000	-42.464428	-34.411200	0.003477
401.000000	-85.595715	-61.334298	0.000991
402.000000	-86.301105	-42.071319	0.010543
403.000000	-68.200446	-7.914460	0.050585
404.000000	-61.576031	33.007359	0.002493
405.000000	-77.576031	56.045574	0.005357
406.000000	-40.860736	-42.371458	0.036734
407.000000	-69.619062	-74.318227	0.003253
408.000000	85.236006	81.921907	0.001583
409.000000	-60.605388	77.288233	0.002454
410.000000	39.975473	-6.117588	0.800788
411.000000	-67.603235	33.824594	0.007942
412.000000	-61.467153	-41.507226	0.001742
413.000000	-77.778057	89.577704	0.007248
414.000000	-53.226980	-15.431810	0.003041
415.000000	-73.447416	-41.179986	0.004041
416.000000	-38.409262	5.097934	0.004139
417.000000	-84.675918	69.587775	0.006120
418.000000	-49.768864	-14.523920	0.005123
419.000000	-82.678809	51.622599	0.188848
420.000000	63.117174	-54.871629	0.036741
421.000000	-66.510525	-83.191060	0.005394
422.000000	-88.347399	83.175227	0.002716
423.000000	60.264287	-74.125262	0.016608
424.000000	88.552584	-27.241717	0.001395
425.000000	84.699106	52.080650	0.002806
426.000000	-26.205129	-0.362418	0.000597
427.000000	87.617704	78.801260	0.034304
428.000000	86.132849	67.873468	0.001664
429.000000	88.189809	8.653498	0.002203
430.000000	-77.026091	36.037972	0.003694
431.000000	-50.476014	44.189881	0.098746
432.000000	86.945455	-88.661749	0.037922
433.000000	57.185838	84.466459	0.011756
434.000000	-70.100880	-49.112568	0.004736
435.000000	-69.423340	-57.813148	0.006798
436.000000	88.822918	-29.793378	0.002398
437.000000	-25.755557	-67.371694	0.005550
438.000000	58.048478	11.752406	0.130402
439.000000	-81.491714	-35.606139	0.002781
440.000000	-79.704614	55.847181	0.001762
441.000000	84.506458	-73.086790	0.002122
442.000000	-70.205129	1.968296	0.016978
443.000000	75.340842	62.515879	0.003512
444.000000	-89.857924	-7.909603	0.157588
445.000000	-77.326624	-59.381771	0.003913
446.000000	88.258508	79.345940	0.002417
447.000000	-88.723497	-41.371782	0.158486
448.000000	-46.804641	-32.728774	0.020951
449.000000	-45.886990	-37.084977	0.012359
450.000000	78.550843	-82.332097	0.008883
451.000000	-55.223492	53.376620	0.012378
452.000000	75.585024	-73.865338	0.697147
453.000000	-57.251547	70.776454	0.008609
454.000000	-44.473728	-34.571410	0.004402
455.000000	-70.579070	88.977922	0.030071
456.000000	-65.243511	60.394233	0.003324
457.000000	87.015796	-28.834971	0.001307
458.000000	-56.454363	22.931817	0.009266
459.000000	-76.335234	58.690242	0.002495
460.000000	-81.447416	47.755309	0.005055
461.000000	-63.838221	-55.056398	0.004471
462.000000	-77.657460	-58.242365	0.002856
463.000000	-48.688847	33.872060	0.003142
464.000000	-49.134417	-38.522775	0.006245
465.000000	-31.758374	-33.885038	0.008336
466.000000	-60.999809	-70.006385	0.005402
467.000000	-46.221420	-37.030135	0.000626
468.000000	-68.394479	22.097918	0.012103
469.000000	65.896249	78.697917	0.014522
470.000000	88.292516	7.328726	0.002946
471.000000	-63.383578	-33.936729	0.001739
472.000000	85.119312	-79.735606	0.002846
473.000000	-89.491714	-2.051474	0.001295
474.000000	-45.136299	-56.031239	0.003935
475.000000	-80.436346	-62.507172	0.000590
476.000000	-53.507220	-7.832533	0.002054
477.000000	-50.893338	-49.565361	0.006748
478.000000	73.565341	-27.778150	0.009451
479.000000	-40.458635	-6.599872	0.002623
480.000000	-42.144999	-40.661415	0.001653
481.000000	73.102119	-58.016470	0.031412
482.000000	-71.761317	-71.825265	0.001855
483.000000	-81.781000	-60.899044	0.001832
484.000000	-73.166619	-51.731029	0.003640
485.000000	-39.568351	35.341861	0.003734
486.000000	-73.344722	-84.820202	0.016900
487.000000	-35.827778	4.164970	0.011274
488.000000	-33.867151	24.339651	0.005710
489.000000	-82.935388	49.593318	0.016880
490.000000	-50.244691	43.972979	0.003416
491.000000	-90.457431	7.197090	0.042959
492.000000	-65.850371	54.576660	0.020653
493.000000	88.460659	-56.001735	0.106070
494.000000	-45.211255	-23.748761	0.003430
495.000000	-51.781189	-10.859478	0.005889
496.000000	-63.245084	-54.562284	0.002733
497.000000	-73.971400	-85.097374	0.008826
498.000000	-64.307784	-78.281309	0.005853
499.000000	-77.326726	63.924458	0.002360
500.000000	-52.624141	2.735159	0.028548
501.000000	-76.217226	59.664766	0.040933
502.000000	-39.870157	3.602936	0.001216
503.000000	-78.626958	1.415281	0.004964
504.000000	-81.282200	26.170163	0.022282
505.000000	-64.530629	22.563188	0.002982
506.000000	-89.427220	13.792000	0.001507
507.000000	-81.487483	52.314405	0.001241
508.000000	85.835084	55.103859	0.005726
509.000000	-71.178823	69.101168	0.002182
510.000000	-74.043887	22.164683	0.004169
511.000000	-73.074607	-37.506449	0.007678
512.000000	-61.664999	19.651208	0.005175
513.000000	-35.763090	39.708566	0.009785
514.000000	-35.219394	-5.892653	0.007748
515.000000	78.900886	85.412290	0.008825
516.000000	-43.439857	5.420670	0.014753
517.000000	-49.175832	74.538627	0.001292
518.000000	-76.863925	56.925447	0.005674
519.000000	-78.715153	2.728608	0.001019
520.000000	-80.658744	25.007424	0.001112
521.000000	-74.232280	35.661862	0.001471
522.000000	-61.259188	-69.931254	0.008608
523.000000	-31.109626	-28.716909	0.005853
524.000000	-80.744257	80.229555	0.001582
525.000000	-41.741453	50.495331	0.007851
526.000000	85.720558	-85.411294	0.058179
527.000000	-62.209741	-72.545436	0.039534
528.000000	73.005511	87.038280	0.001935
529.000000	-53.874839	78.877293	0.004718
530.000000	84.232401	76.100827	0.001111
531.000000	-59.597456	76.495297	0.018760
532.000000	72.979826	82.858063	0.001919
533.000000	-83.004720	-15.807127	0.003148
534.000000	-65.528917	86.795136	0.026565
535.000000	-42.807453	-31.198036	0.002681
536.000000	-61.805561	-41.568498	0.006844
537.000000	-39.456690	-41.861970	0.005596
538.000000	-31.507259	48.911939	0.002425
539.000000	-30.962655	-39.543652	0.004808
540.000000	86.700826	-58.251978	0.000392
541.000000	-68.616653	68.563168	0.003869
542.000000	88.685559	60.854979	0.001905
543.000000	86.818268	84.214122	0.000715
544.000000	-56.488038	67.343960	0.013737
545.000000	-79.785911	-34.272069	0.000989
546.000000	-78.220725	74.458248	0.057352
547.000000	-59.637549	-27.593670	0.014298
548.000000	-87.513683	72.592412	0.001818
549.000000	-49.867112	29.735698	0.009331
550.000000	-76.108395	-32.659031	0.000426
551.000000	-55.527137	-89.381771	0.001707
552.000000	73.193305	73.138883	0.017734
553.000000	-78.024063	-32.217226	0.001597
554.000000	-72.809598	46.281174	0.004158
555.000000	-49.343472	37.893697	0.021570
556.000000	-84.737866	-24.382349	0.000771
557.000000	71.834785	-85.403456	0.062736
558.000000	-79.758500	78.581310	0.006589
559.000000	46.021047	-84.812454	0.005198
560.000000	-50.480161	5.511044	0.002380
561.000000	66.761193	84.601227	0.003040
562.000000	-63.765961	82.578362	0.678526
563.000000	-75.894615	81.689294	0.001079
564.000000	-59.351146	-32.078534	0.009177
565.000000	-35.832287	-46.614526	0.003858
566.000000	-80.240008	56.972813	0.001785
567.000000	-66.488038	-48.155124	0.030530
568.000000	-45.689468	-6.306487	0.020836
569.000000	-81.733972	-89.749167	0.002693
570.000000	-18.766864	12.503861	0.003396
571.000000	70.090364	-86.503130	0.024708
572.000000	78.201939	-55.238813	0.003168
573.000000	-56.782362	-42.594968	0.003274
574.000000	-76.225751	-1.104855	0.002572
575.000000	-67.126513	-66.103074	0.010215
576.000000	60.298295	-88.164877	0.230096
577.000000	-73.111439	37.829575	0.014300
578.000000	-61.174140	-31.319722	0.006389
579.000000	-83.543931	-81.842604	0.002546
580.000000	-37.994148	-86.903608	0.003460
581.000000	-48.266115	27.824945	0.002685
582.000000	-77.226522	79.693957	0.001706
583.000000	-87.563881	72.593668	0.029674
584.000000	-51.575992	63.760224	0.038588
585.000000	-81.857871	-34.330584	0.001317
586.000000	73.491030	-59.993722	0.001534
587.000000	-76.919711	63.189449	0.077783
588.000000	29.085803	-80.656422	0.005180
589.000000	-43.781000	69.254614	0.005517
590.000000	-47.867339	-53.854962	0.004676
591.000000	-41.343717	-4.570510	0.004448
592.000000	63.492312	-73.013766	0.384268
593.000000	72.120564	-74.543982	0.000570
594.000000	-62.229404	-68.595123	0.277711
595.000000	-86.655834	-33.850332	0.001002
596.000000	-41.186464	19.678406	0.003276
597.000000	-60.698391	-70.871547	0.050308
598.000000	-32.832380	-28.482475	0.003393
599.000000	-81.951522	-3.206611	0.002328
600.000000	-57.810244	67.569937	0.013465
601.000000	-53.986474	27.410574	0.001149
602.000000	-37.807355	-22.818042	0.006404
603.000000	74.197342	-71.129422	0.001963
604.000000	-83.299174	-33.883723	0.001741
605.000000	-41.426249	-74.048052	0.811752
606.000000	-55.319032	-30.991725	0.009244
607.000000	-69.738550	60.430441	0.012378
608.000000	71.513683	-71.635895	0.002185
609.000000	-64.934225	33.562702	0.009711
610.000000	-50.612097	48.863383	0.008826
611.000000	-78.576113	-4.762484	0.001669
612.000000	-64.702916	62.379251	0.008051
613.000000	-83.146741	69.494198	0.006116
614.000000	81.844310	-0.584743	0.005943
615.000000	-89.262092	4.016136	0.523494
616.000000	-66.416696	-23.086757	0.035214
617.000000	-59.862501	72.110014	0.002912
618.000000	86.836251	-72.996812	0.001134
619.000000	79.335628	-82.658457	0.001191
620.000000	-53.545483	-9.509494	0.003333
621.000000	-58.666697	-57.194090	0.004251
622.000000	-67.857871	35.856688	0.005883
623.000000	-88.319967	-3.001530	0.007591
624.000000	-53.094431	-49.324188	0.006537
625.000000	-27.496817	39.171717	0.012234
626.000000	73.085306	8.244691	0.012612
627.000000	-17.573036	77.936349	0.007365
628.000000	78.734917	-73.710016	0.001149
629.000000	89.743180	-56.765123	0.001551
630.000000	80.085540	82.662778	0.029173
631.000000	-82.261470	66.510066	0.002325
632.000000	-37.368312	49.508081	0.002186
633.000000	66.134629	87.347579	0.001637
634.000000	-35.835278	31.740348	0.022256
635.000000	-67.704575	-30.831840	0.001397
636.000000	-49.186497	-5.703115	0.007511
637.000000	-53.339242	-70.900252	0.006024
638.000000	-73.408106	-43.187671	0.013014
639.000000	72.399109	-77.037863	0.002413
640.000000	49.939105	-89.989498	0.004636
641.000000	-38.073092	41.283916	0.116770
642.000000	-85.942209	-79.874932	0.002057
643.000000	68.264287	34.603780	0.002626
644.000000	-72.428396	-79.339281	0.002289
645.000000	78.776421	-62.304773	0.004383
646.000000	-18.683703	9.659846	0.003331
647.000000	-58.333455	50.273615	0.004204
648.000000	-48.218967	-73.080327	0.003531
649.000000	63.038476	60.523666	0.027021
650.000000	-75.004806	42.636333	0.006883
651.000000	80.013493	68.070486	0.002018
652.000000	-71.122141	-70.166597	0.002084
653.000000	-72.019380	-79.961946	0.005540
654.000000	62.697976	85.020108	0.054836
655.000000	-41.795119	48.537536	0.024994
656.000000	-50.105525	-55.031831	0.001542
657.000000	-46.648003	-13.832674	0.003625
658.000000	-44.045628	-75.632899	0.001461
659.000000	-46.802065	-24.507688	0.004408
660.000000	-78.552678	-8.097951	0.002826
661.000000	80.928317	80.977332	0.001709
662.000000	76.720934	-67.186694	0.006914
663.000000	69.217031	87.243443	0.015111
664.000000	-79.882432	28.573757	0.002009
665.000000	-14.110316	-21.679995	0.022727
666.000000	-75.053522	-44.150494	0.002805
667.000000	-57.203701	-62.283136	0.005292
668.000000	70.680690	84.627720	0.008138
669.000000	-77.741492	28.078007	0.016116
670.000000	-53.956166	-62.058338	0.005501
671.000000	-48.520365	-31.604922	0.013807
672.000000	51.480626	83.789786	0.001530
673.000000	82.965970	-44.572468	0.000526
674.000000	-45.867339	-79.388349	0.002156
675.000000	82.653537	87.681812	0.039400
676.000000	-88.876191	-7.991592	0.004351
677.000000	-45.966770	-3.212418	0.007724
678.000000	72.710438	79.715748	0.002841
679.000000	-63.487031	73.143335	0.008421
680.000000	-74.123629	-53.344722	0.000367
681.000000	48.419025	-74.243656	0.006469
682.000000	74.045574	72.773478	0.001373
683.000000	-74.873353	-41.461393	0.003057
684.000000	-50.456083	-3.356147	0.049249
685.000000	-55.934164	42.655278	0.012355
686.000000	-46.085755	-73.600293	0.003432
687.000000	90.560258	-71.277325	0.000612
688.000000	-89.540920	63.187669	0.196096
689.000000	82.050258	66.685580	0.002604
690.000000	-33.750907	10.936354	0.022935
691.000000	-73.334631	19.773201	0.003596
692.000000	56.713347	-88.046439	0.003051
693.000000	-23.191147	-24.283223	0.002495
694.000000	-41.414007	71.908453	0.001661
695.000000	-69.122060	-25.766517	0.007115
696.000000	-76.592393	-21.830474	0.002454
697.000000	-65.267020	9.055519	0.092621
698.000000	-83.608638	-63.626615	0.048770
699.000000	-86.751843	-63.929967	0.003671
700.000000	-50.851751	-37.303620	0.009445
701.000000	-47.604976	-27.577631	0.004977
702.000000	-88.527726	-87.682671	0.001488
703.000000	88.335099	-0.501295	0.002823
704.000000	-47.043915	-53.263419	0.004928
705.000000	-74.952182	-13.720605	0.002834
706.000000	33.637529	-21.733972	0.018121
707.000000	-74.654162	-14.912654	0.003597
708.000000	-53.867151	-25.459632	0.001675
709.000000	-65.790415	79.866286	0.505211
710.000000	-82.028713	-60.545496	0.000831
711.000000	-82.660571	57.859684	0.002213
712.000000	-79.755590	45.026800	0.017839
713.000000	-68.488124	-27.346801	0.024458
714.000000	33.926908	-83.371815	0.003378
715.000000	-84.896896	57.197090	0.002688
716.000000	79.022331	-66.540407	0.001199
717.000000	-30.880338	26.303922	0.002748
718.000000	-72.835050	20.555634	0.047622
719.000000	70.436593	87.533194	0.001075
720.000000	-86.135812	-69.715409	0.017482
721.000000	-72.305750	49.301822	0.005496
722.000000	81.353320	-59.184636	0.000514
723.000000	-62.019380	-65.788781	0.009950
724.000000	-39.951483	-9.911377	0.004586
725.000000	80.676430	-84.897879	0.002183
726.000000	-43.524228	-41.637070	0.018332
727.000000	-55.378895	-32.177094	0.006521
728.000000	-47.328365	17.167779	0.006301
729.000000	61.915986	68.158909	0.015413
730.000000	-71.689521	1.862896	0.004886
731.000000	-77.159066	58.857589	0.003823
732.000000	-62.897517	39.652816	0.016090
733.000000	-86.917598	50.273621	0.002912
734.000000	-68.120758	-75.867151	0.003522
735.000000	-69.795065	-15.251714	0.005545
736.000000	-68.996779	-44.194738	0.003341
737.000000	69.632938	76.414869	0.001964
738.000000	-75.778183	-63.129455	0.000934
739.000000	-55.961946	45.337986	0.015460
740.000000	-51.363662	-58.850518	0.005132
741.000000	-65.009116	-26.692629	0.006537
742.000000	61.214768	60.968169	0.024658
743.000000	-29.887076	-64.974089	0.018405
744.000000	-37.373722	-52.432389	0.566740
745.000000	50.093234	-88.987979	0.019834
746.000000	-45.553211	-71.228615	0.002877
747.000000	-78.674111	-76.605706	0.009876
748.000000	-70.019380	-27.687606	0.003223
749.000000	81.578529	82.189391	0.002553
750.000000	-51.864348	-56.324639	0.003786
751.000000	-79.395903	57.578441	0.001231
752.000000	48.540401	-89.491681	0.002819
753.000000	-82.111425	27.915953	0.001796
754.000000	-83.414007	-79.682956	0.000598
755.000000	-82.513382	-75.894529	0.032625
756.000000	-36.924999	67.300149	0.001801
757.000000	-83.391220	61.506394	0.002291
758.000000	-46.419566	74.980793	0.001925
759.000000	-71.259188	-7.730830	0.009219
760.000000	-81.334139	-43.181427	0.002127
761.000000	-85.038593	-33.041198	0.049431
762.000000	-64.451486	-0.446836	0.006378
763.000000	78.454556	17.655337	0.000038
764.000000	76.276612	-66.318221	0.002903
765.000000	-80.696433	-81.242181	0.001055
766.000000	-70.805160	47.919374	0.003056
767.000000	-48.619147	50.851126	0.003892
768.000000	69.805333	52.434552	0.000211
769.000000	79.769732	-73.563668	0.008838
770.000000	-71.830513	89.562437	0.002820
771.000000	62.013493	82.231097	0.004729
772.000000	-65.179140	-32.435006	0.003886
773.000000	84.833381	23.380383	0.000914
774.000000	65.861636	77.726332	0.011534
775.000000	-67.363821	21.387731	0.058807
776.000000	-52.522750	64.214869	0.025226
777.000000	-37.870189	-42.947600	0.003800
778.000000	-43.864242	-23.496105	0.007459
779.000000	-81.062337	-62.303167	0.003891
780.000000	63.951430	-54.338105	0.000229
781.000000	-54.725866	71.589120	0.004290
782.000000	81.023900	-8.083834	0.000909
783.000000	84.555575	83.849188	0.002115
784.000000	-72.932232	65.510937	0.015216
785.000000	-73.871762	-56.249140	0.001124
786.000000	-38.513429	-26.148448	0.048637
787.000000	85.761069	28.411911	0.002259
788.000000	-71.361888	-54.028620	0.001905
789.000000	-88.051441	34.622879	0.002204
790.000000	-66.142182	18.129790	0.035348
791.000000	-10.021120	56.478817	0.000994
792.000000	-48.722542	55.617733	0.004403
793.000000	-73.054739	84.774794	0.004702
794.000000	-32.696380	28.664286	0.000246
795.000000	-78.270765	37.661934	0.004158
796.000000	-24.961197	-46.251920	0.002796
797.000000	-74.847112	-80.528851	0.002261
798.000000	81.172724	29.763096	0.000824
799.000000	-28.262329	2.162450	0.039625
800.000000	-49.010340	-72.522266	0.001230
801.000000	-74.617538	-25.650805	0.005231
802.000000	-55.464243	47.619923	0.002965
803.000000	56.005852	-89.004492	0.002122
804.000000	-39.983531	-51.274416	0.000045
805.000000	-54.063798	57.374697	0.002592
806.000000	-75.588089	-16.764838	0.001689
807.000000	-49.919350	13.484886	0.002577
808.000000	-37.377301	-53.611667	0.007195
809.000000	-69.476534	-70.965192	0.001201
810.000000	-85.573194	-83.816947	0.001345
811.000000	-70.203350	-63.969620	0.003022
812.000000	-70.256888	16.638112	0.003248
813.000000	-68.071000	-73.726259	0.235561
814.000000	-58.551449	21.998778	0.033933
815.000000	-52.090405	40.281295	0.002382
816.000000	-63.271790	-74.004299	0.001792
817.000000	-38.522709	-29.931288	0.001390
818.000000	28.147942	32.270194	0.002850
819.000000	-38.535119	-3.770558	0.009612
820.000000	-37.067020	-4.928761	0.004596
821.000000	-41.106635	46.426507	0.003156
822.000000	-73.957263	86.702567	0.002894
823.000000	-65.640525	-16.678741	0.003364
824.000000	-77.046819	18.226506	0.021557
825.000000	-47.902116	-49.452079	0.078592
826.000000	79.477204	-0.802910	0.005003
827.000000	-59.949742	39.295868	0.026436
828.000000	-85.493772	-30.954801	0.004838
829.000000	-35.998831	35.807054	0.005058
830.000000	-72.355647	80.530828	0.067937
831.000000	-79.161969	-65.294504	0.001051
832.000000	-49.958970	-16.115445	0.002260
833.000000	-43.531728	-68.757235	0.006484
834.000000	-33.906766	12.460396	0.048044
835.000000	81.355003	34.003851	0.078859
