Thin Section: 	C:\Ice Data\2017-02-23-Thu\13.33 657  VTS SPICE

Results: 	C:\Ice Results\2017-02-23-Thu\13.33 657  VTS SPICE\2017-03-07-Tue, 14.45

Sequence Angles: 
xi	phi inner
0	0
45	0
45	-45
45	-90
45	-135
45	-180
45	-225
45	-270
45	-315

Threshold: 
45.000

Grain #		theta		phi	Rsquared

0.000000	69.953209	-2.294676	0.015325
1.000000	78.764839	-87.887476	0.003798
2.000000	-84.106316	-67.041165	0.000660
3.000000	66.692786	-61.629279	0.005068
4.000000	75.044605	-51.062157	0.003708
5.000000	-80.137553	-54.113166	0.001274
6.000000	86.777697	68.236856	0.003583
7.000000	-77.790561	57.577524	0.009717
8.000000	-85.504317	35.202585	0.006423
9.000000	-85.484160	-78.350201	0.002234
10.000000	42.386751	22.407348	0.008885
11.000000	89.484759	-69.785698	0.001342
12.000000	73.197144	16.566058	0.000868
13.000000	71.711137	76.564966	0.002191
14.000000	72.442159	-19.955968	0.002863
15.000000	-63.004806	63.419772	0.009076
16.000000	-86.379493	-24.410112	0.004473
17.000000	77.536222	-56.789741	0.011710
18.000000	-81.439460	-87.174988	0.003494
19.000000	39.934461	-30.456861	0.004610
20.000000	-56.603325	-60.166423	0.007647
21.000000	56.596544	43.699890	0.002996
22.000000	-86.016476	31.222283	0.004867
23.000000	51.802424	-66.985141	0.006187
24.000000	70.097884	20.107111	0.001250
25.000000	82.062441	-48.498447	0.356782
26.000000	-82.849074	-78.925844	0.016783
27.000000	-83.074728	60.819517	0.004288
28.000000	78.354811	56.961706	0.004513
29.000000	72.322856	-24.499723	0.152240
30.000000	-89.929514	49.019509	0.003422
31.000000	58.996663	-41.432182	0.031924
32.000000	-75.031865	-36.979661	0.001366
33.000000	65.272490	40.578899	0.010695
34.000000	79.915986	16.238597	0.013792
35.000000	88.209439	-37.773553	0.006691
36.000000	78.057824	-41.072833	0.059487
37.000000	36.401946	-49.727656	0.015255
38.000000	-84.056265	-31.401682	0.006985
39.000000	-61.519463	-70.353158	0.005901
40.000000	-86.604543	-40.962481	0.001988
41.000000	-83.914460	70.189756	0.001822
42.000000	51.170928	-44.785673	0.007436
43.000000	-40.822724	-28.849477	0.576347
44.000000	83.800683	-19.067020	0.017936
45.000000	73.891431	55.770402	0.000710
46.000000	88.730369	-69.149333	0.091971
47.000000	65.119212	-32.429178	0.004243
48.000000	-76.310721	-19.690675	0.003085
49.000000	74.754916	-38.740591	0.004191
50.000000	43.773447	-22.626871	0.007210
51.000000	-60.766360	-68.859163	0.002052
52.000000	-83.870282	-42.908205	0.006035
53.000000	75.430230	-12.291280	0.002698
54.000000	-69.707484	-85.277238	0.003102
55.000000	-78.120758	-78.649464	0.000858
56.000000	-43.114309	-90.489183	0.013569
57.000000	89.119227	9.231595	0.005680
58.000000	45.980620	25.752406	0.127689
59.000000	-87.565589	-88.966370	0.001030
60.000000	52.394251	40.762436	0.002359
61.000000	86.189809	42.203435	0.002280
62.000000	-67.613249	-63.589206	0.009654
63.000000	14.820865	85.010210	0.001546
64.000000	-40.480161	-66.539876	0.002176
65.000000	63.260373	-21.827497	0.006939
66.000000	78.710159	12.152538	0.003352
67.000000	74.515912	34.842835	0.005013
68.000000	71.457327	-16.501225	0.038647
69.000000	66.339690	31.297018	0.141087
70.000000	82.214350	26.590677	0.001369
71.000000	71.692216	37.523062	0.003979
72.000000	-87.655773	20.955893	0.007542
73.000000	-79.336039	-70.559159	0.155842
74.000000	86.200393	-45.364141	0.001169
75.000000	75.257554	-63.485668	0.000527
76.000000	-57.723355	-53.445662	0.005767
77.000000	59.968296	35.167614	0.006333
78.000000	72.718025	5.474035	0.005881
79.000000	-86.019380	19.622281	0.002039
80.000000	44.503204	-29.911410	0.074354
81.000000	69.645068	37.224375	0.013508
82.000000	-83.755557	-69.697021	0.005876
83.000000	77.635821	7.007590	0.012926
84.000000	-65.998798	-67.181765	0.350417
85.000000	-76.443953	-64.912654	0.001218
86.000000	68.100788	-65.109718	0.002906
87.000000	78.954152	-82.081105	0.004168
88.000000	87.011146	28.563188	0.001198
89.000000	67.339947	-47.217565	0.005272
90.000000	88.157168	58.103818	0.004512
91.000000	77.844310	-12.103784	0.016817
92.000000	62.997199	52.436439	0.383778
93.000000	58.192698	-57.911497	0.026854
94.000000	-38.110316	-72.752881	0.002264
95.000000	64.145032	-53.707484	0.016195
96.000000	53.740309	72.670539	0.010841
97.000000	88.001202	46.914843	0.002420
98.000000	27.245340	79.220611	0.015372
99.000000	60.830510	45.705159	0.005653
100.000000	36.369971	-88.444931	0.005894
101.000000	83.518333	89.600871	0.001436
102.000000	82.478830	-1.509054	0.010923
103.000000	68.927167	-51.578902	0.008431
104.000000	63.319519	82.904878	0.001747
105.000000	71.316681	-7.681377	0.001320
106.000000	-82.965843	7.359681	0.002126
107.000000	62.354918	3.297279	0.009798
108.000000	-73.134525	4.056070	0.003631
109.000000	85.528406	-86.100841	0.001958
110.000000	63.773447	60.301805	0.010607
111.000000	42.840635	-48.739439	0.018189
112.000000	-86.675852	69.391259	0.000780
113.000000	88.078007	-80.745473	0.002329
114.000000	30.431508	40.107989	0.002674
115.000000	-90.819073	-0.535757	0.004218
116.000000	-52.368808	-67.807880	0.007887
117.000000	-37.316122	82.595659	0.003966
118.000000	83.197988	-12.033084	0.005808
119.000000	85.839714	25.574621	0.004586
120.000000	39.263903	-12.198918	0.002468
121.000000	78.821144	17.365716	0.000443
122.000000	-78.136783	-66.698178	0.005379
123.000000	58.295425	-49.474388	0.005114
124.000000	85.467678	-16.644602	0.002244
125.000000	56.273561	-24.111392	0.009966
126.000000	85.252807	-13.341780	0.044620
127.000000	-76.056265	-20.151040	0.001871
128.000000	85.588707	-16.153847	0.004210
129.000000	-72.831169	-16.143080	0.001381
130.000000	88.757819	46.877766	0.008766
131.000000	72.962123	-70.096823	0.001260
132.000000	69.172583	49.995908	0.003663
133.000000	34.584219	-46.170106	0.010649
134.000000	-34.261435	11.277014	0.029147
135.000000	-74.270765	-68.221817	0.007331
136.000000	89.001725	-66.095699	0.002253
137.000000	70.951069	-15.718846	0.003708
138.000000	83.652654	4.827403	0.001243
139.000000	69.569976	-76.121390	0.017221
140.000000	48.957188	74.254516	0.000791
141.000000	58.033250	28.919493	0.017164
142.000000	76.983397	0.068395	0.006157
143.000000	46.868312	-36.728355	0.010429
144.000000	79.134114	-28.784575	0.017312
145.000000	-78.819073	-62.112938	0.005355
146.000000	36.085632	51.929460	0.023907
147.000000	75.177644	74.463589	0.013931
148.000000	-80.293513	16.119129	0.000918
149.000000	-77.203701	4.485226	0.013085
150.000000	-90.301573	83.088984	0.018820
151.000000	77.775241	33.176894	0.003559
152.000000	64.708380	-67.922292	0.014489
153.000000	70.710159	-76.315317	0.021792
154.000000	80.591894	-24.705799	0.017678
155.000000	-84.135812	57.577491	0.004251
156.000000	-69.368471	45.205683	0.003560
157.000000	-79.966770	-38.820149	0.009802
158.000000	86.928482	10.932967	0.010002
159.000000	-74.409553	-71.761403	0.001205
160.000000	81.401827	-18.449746	0.025128
161.000000	41.448068	70.258547	0.016604
162.000000	31.490931	56.574236	0.002893
163.000000	64.414695	15.617918	0.007686
164.000000	-70.547183	-73.223579	0.017016
165.000000	34.040963	51.746210	0.002738
166.000000	77.551470	2.668644	0.003279
167.000000	83.337933	-24.046791	0.001971
168.000000	57.914245	72.171984	0.004662
169.000000	-77.613249	-3.880107	0.000618
170.000000	80.756313	59.353253	0.006379
171.000000	71.327344	57.684005	0.002485
172.000000	89.628321	-47.457184	0.003195
173.000000	37.560697	19.264232	0.002010
174.000000	79.304518	4.528116	0.004411
175.000000	75.275999	-54.921315	0.006468
176.000000	47.842483	-79.117584	0.009047
177.000000	76.645945	-69.998798	0.017803
178.000000	48.518749	74.925930	0.004275
179.000000	-87.120359	-34.910736	0.001190
180.000000	-86.663808	-4.237822	0.003796
181.000000	-71.026091	85.681256	0.006476
182.000000	64.940654	-79.383633	0.016373
183.000000	31.022397	68.607945	0.003830
184.000000	50.753075	-26.114870	0.012800
185.000000	50.801266	-42.799736	0.021650
186.000000	-84.296455	17.906673	0.001608
187.000000	-61.221766	-90.361383	0.004531
188.000000	55.040289	-76.151731	0.020981
189.000000	-79.805561	70.368755	0.004202
190.000000	-84.056265	-1.559057	0.002162
191.000000	81.735659	-11.212418	0.002609
192.000000	-79.770611	39.688809	0.050455
193.000000	56.682748	-77.584391	0.018441
194.000000	-85.504229	39.737757	0.022461
195.000000	-71.917310	-64.091601	0.011281
196.000000	84.850349	-85.281975	0.002302
197.000000	-88.695502	12.635859	0.009319
198.000000	16.160038	-31.477238	0.005584
199.000000	77.692216	-8.153814	0.003073
200.000000	-84.386946	66.304719	0.001825
201.000000	-91.384696	-59.320772	0.006003
202.000000	-85.501467	14.474113	0.000751
203.000000	-88.532282	-9.745804	0.002603
204.000000	83.053592	-74.622274	0.000686
205.000000	-85.142058	12.093273	0.003560
206.000000	82.900886	-89.215453	0.008837
207.000000	61.237811	-89.279377	0.106255
208.000000	-64.917511	-79.660136	0.005199
209.000000	-30.492271	-81.887023	0.004712
210.000000	75.871795	13.990711	0.007884
211.000000	80.518782	-37.588002	0.005175
212.000000	51.193737	-14.375095	0.002544
213.000000	52.310653	-25.467114	0.005150
214.000000	-85.496735	16.598318	0.138833
215.000000	64.206569	6.085593	0.004813
216.000000	79.669401	80.587696	0.003731
217.000000	-90.640953	13.476393	0.002691
218.000000	-60.809512	-33.563809	0.008116
219.000000	48.520562	17.266707	0.000983
220.000000	88.680968	18.580142	0.001699
221.000000	-86.756440	-29.244161	0.002249
222.000000	76.033230	-3.146780	0.003615
223.000000	82.750214	-77.173071	0.000963
224.000000	-84.155690	-84.345572	0.007540
225.000000	75.787376	24.212556	0.001131
226.000000	78.922435	58.560318	0.002029
227.000000	81.222322	-82.850658	0.009052
228.000000	-77.845688	-64.824745	0.003452
229.000000	-84.325780	-62.200480	0.008414
230.000000	-75.468860	81.942639	0.005987
231.000000	52.633462	10.208463	0.002845
232.000000	65.015424	52.333093	0.002650
233.000000	-66.319967	-79.565394	0.016054
234.000000	-26.885784	42.508008	0.003282
235.000000	73.375880	-15.415978	0.006483
236.000000	55.041411	-83.396826	0.006800
237.000000	-66.123575	-82.940071	0.004689
238.000000	83.943755	19.170571	0.017307
239.000000	-79.143871	-21.144962	0.005058
240.000000	57.984767	58.428619	0.003025
241.000000	-84.411293	81.352011	0.011595
242.000000	-68.788088	35.407670	0.006832
243.000000	-80.071319	29.820030	0.002732
244.000000	74.526336	0.608901	0.005614
245.000000	75.301594	40.290105	0.034108
246.000000	79.715781	12.690330	0.000580
247.000000	73.013893	59.959002	0.003016
248.000000	89.178057	-53.296744	0.066545
249.000000	-79.951522	10.621066	0.005705
250.000000	-18.547017	83.229966	0.005980
251.000000	74.013493	20.364158	0.007436
252.000000	-76.342788	-46.581872	0.021278
253.000000	47.150931	-47.654140	0.005606
254.000000	46.753136	-60.004233	0.006169
255.000000	70.520523	-53.198740	0.011072
256.000000	62.080910	-13.164932	0.004854
257.000000	-71.887029	-63.623712	0.001984
258.000000	73.923998	-75.697060	0.003424
259.000000	86.808820	-56.742336	0.002501
260.000000	37.998265	-9.009122	0.015919
261.000000	60.710159	34.256787	0.027777
262.000000	73.635788	20.820167	0.004681
263.000000	81.126766	-0.472176	0.001679
264.000000	72.458939	70.532886	0.005463
265.000000	17.645068	37.230391	0.010560
266.000000	27.790313	-29.413581	0.012197
267.000000	-86.698391	71.630062	0.000984
268.000000	63.296471	46.095793	0.176024
269.000000	85.484825	-3.944786	0.016349
270.000000	85.706487	-17.902043	0.002654
271.000000	49.753569	-85.886849	0.007230
272.000000	87.252840	-82.953159	0.001704
273.000000	64.080910	-5.628341	0.007707
274.000000	60.350007	69.425666	0.009437
275.000000	-81.556153	56.388492	0.001956
276.000000	78.266028	-13.680086	0.001202
277.000000	67.645116	-33.556153	0.005654
278.000000	-89.145678	-31.681623	0.003179
279.000000	60.008843	32.399635	0.010086
280.000000	61.559004	48.994382	0.042294
281.000000	-77.787651	-58.734803	0.006616
282.000000	87.623411	40.485022	0.045933
283.000000	80.621066	-34.145038	0.008589
284.000000	59.252840	73.075418	0.006140
285.000000	74.379284	-58.274513	0.017359
286.000000	82.518749	40.745549	0.002330
287.000000	55.065941	-24.230175	0.009537
288.000000	67.758252	37.243959	0.006894
289.000000	82.849073	75.410512	0.007538
290.000000	-56.880338	-79.528630	0.008546
291.000000	79.162991	28.646316	0.005188
292.000000	87.306259	51.908453	0.001689
293.000000	83.951430	-3.699931	0.003655
294.000000	58.737908	16.978713	0.005309
295.000000	-72.006385	-45.853275	0.001078
296.000000	71.197988	60.880229	0.003414
297.000000	72.601227	-72.276626	0.014826
298.000000	88.021047	15.743126	0.001331
299.000000	67.007325	-39.817744	0.008712
300.000000	-81.894582	48.048478	0.002291
301.000000	-80.411892	20.361441	0.002241
302.000000	61.674220	-43.574305	0.004204
303.000000	81.416333	-22.510751	0.002921
304.000000	58.879565	25.735065	0.025735
305.000000	47.812477	88.468180	0.003848
306.000000	78.520562	85.304799	0.001852
307.000000	-82.800324	-24.581872	0.005365
308.000000	68.708380	21.560697	0.003635
309.000000	-81.565361	-26.639087	0.002053
310.000000	67.265023	41.373183	0.003552
311.000000	-81.243511	53.500262	0.012952
312.000000	-84.648420	80.598656	0.000794
313.000000	75.743112	-21.085098	0.003572
314.000000	69.146416	-37.996526	0.007316
315.000000	73.297031	46.022661	0.016811
316.000000	-76.584776	-49.909899	0.001790
317.000000	82.234000	26.480537	0.000478
318.000000	-66.117849	49.099443	0.177776
319.000000	80.404318	46.211252	0.004810
320.000000	50.001169	-2.657417	0.004705
321.000000	19.983524	42.085540	0.005369
322.000000	84.816494	-21.399444	0.011270
323.000000	55.914704	57.460392	0.002340
324.000000	48.382295	-53.891939	0.004231
325.000000	-66.666712	87.983550	0.011243
326.000000	72.359475	-8.192893	0.008047
327.000000	88.483447	33.867151	0.005512
328.000000	-80.220183	45.605554	0.005050
329.000000	-83.877802	37.022326	0.005468
330.000000	-79.894615	-29.214198	0.009347
331.000000	63.385088	-71.531820	0.029423
332.000000	82.214089	-19.204864	0.003785
333.000000	87.996519	-13.672586	0.002686
334.000000	30.068746	-10.764785	0.005365
335.000000	88.164722	40.700826	0.003171
336.000000	-81.456729	37.342616	0.006449
337.000000	-54.293010	81.178553	0.004390
338.000000	82.085560	22.062899	0.006717
339.000000	-75.125821	74.545264	0.023642
340.000000	-76.968943	46.298161	0.006527
341.000000	-56.365288	89.630062	0.007479
342.000000	76.214089	1.382283	0.007950
343.000000	-75.781000	72.018176	0.003085
344.000000	-83.209514	-24.417792	0.002574
345.000000	-70.548114	54.463269	0.103028
346.000000	54.656407	-47.919192	0.006681
347.000000	85.915986	76.463530	0.001676
348.000000	74.903954	-21.404771	0.046002
349.000000	56.737908	-13.805542	0.003513
350.000000	66.563168	63.835264	0.092211
351.000000	81.975937	84.773511	0.003396
352.000000	-71.016637	30.164883	0.003375
353.000000	-70.345658	80.097918	0.009993
354.000000	-82.974765	53.762198	0.002093
355.000000	-83.265453	-42.455549	0.722983
356.000000	-82.792771	20.460626	0.000990
357.000000	77.983524	-75.640471	0.007606
358.000000	58.164683	-20.454309	0.016348
359.000000	59.755348	-77.625205	0.019597
360.000000	-84.446809	2.895073	0.001987
361.000000	-87.279099	-23.146741	0.017801
362.000000	55.656581	78.569465	0.002513
363.000000	-88.271894	-15.746142	0.001417
364.000000	-72.581959	35.135854	0.043794
365.000000	-83.588215	-24.959188	0.005167
366.000000	66.419372	-18.187490	0.002544
367.000000	69.767720	-78.657018	0.002234
368.000000	-87.424508	1.929108	0.003948
369.000000	85.129550	77.021479	0.001895
370.000000	74.466472	-88.637275	0.007808
371.000000	-84.318227	32.383842	0.002333
372.000000	52.478797	-1.735713	0.015794
373.000000	-62.244691	-53.031904	0.013367
374.000000	52.660899	34.170903	0.001919
375.000000	49.140769	33.697639	0.001499
376.000000	63.109533	63.971293	0.001197
377.000000	59.521103	63.061940	0.009886
378.000000	-86.956285	1.152613	0.000576
379.000000	86.214350	-70.486297	0.000235
380.000000	65.300300	-32.675485	0.032044
381.000000	-86.471317	43.291238	0.014581
382.000000	70.256593	-76.290810	0.008669
383.000000	46.693326	8.459670	0.005717
384.000000	89.481941	-13.402920	0.024190
385.000000	-83.162008	33.703578	0.006192
386.000000	-88.230268	4.351981	0.031463
387.000000	83.939105	-2.777717	0.001953
388.000000	-80.846170	47.752985	0.003093
389.000000	29.299868	30.132781	0.003535
390.000000	77.748972	-71.118872	0.003485
391.000000	-78.757570	46.778161	0.006296
392.000000	57.212366	-29.974033	0.005788
393.000000	-73.436832	-70.427192	0.002671
394.000000	-82.745473	-1.467153	0.001678
395.000000	80.560225	-16.737833	0.007967
396.000000	-64.859440	70.006383	0.067201
397.000000	72.940654	-16.011767	0.026720
398.000000	73.504528	9.027255	0.008147
399.000000	-76.742398	-86.478444	0.001075
400.000000	74.379284	62.930109	0.002220
401.000000	-68.427120	-54.493532	0.004233
402.000000	-84.097938	-57.540974	0.000404
403.000000	76.318206	67.433254	0.002514
404.000000	39.507888	55.980168	0.023830
405.000000	51.980620	23.140604	0.009246
406.000000	-69.712167	76.297199	0.003938
407.000000	-21.750907	-83.404804	0.000965
408.000000	78.042704	75.879242	0.002766
409.000000	89.460231	59.839827	0.002253
410.000000	34.424008	-35.859911	0.004711
411.000000	67.274231	-19.305020	0.002676
412.000000	74.232346	-54.802330	0.007976
413.000000	65.417709	-33.686765	0.013702
414.000000	65.053990	79.259548	0.001768
415.000000	79.233103	38.000537	0.004598
416.000000	64.845705	80.713030	0.006784
417.000000	45.966555	8.523432	0.015822
418.000000	-74.142149	-68.718177	0.001667
419.000000	-80.123575	49.286588	0.002247
420.000000	38.214350	22.618195	0.004369
421.000000	43.575209	-78.397171	0.006338
422.000000	72.149682	23.067516	0.000520
423.000000	46.229356	-17.204142	0.003942
424.000000	60.251963	-62.778939	0.009057
425.000000	84.682709	39.928681	0.001583
426.000000	-71.707484	46.853220	0.005301
427.000000	61.761069	69.885891	0.003580
428.000000	81.289551	-75.131547	0.001963
429.000000	69.205542	-4.505842	0.303472
430.000000	-55.661949	56.890144	0.005160
431.000000	-77.862501	80.887378	0.014265
432.000000	-84.374810	-66.763191	0.002092
433.000000	42.256713	84.257836	0.004452
434.000000	-40.414197	-84.471610	0.003283
435.000000	63.936235	-59.756720	0.022241
436.000000	28.057791	74.505416	0.001910
437.000000	54.062441	53.286641	0.003899
438.000000	-90.339845	-57.326552	0.003649
439.000000	87.449809	61.700674	0.003034
440.000000	48.367014	-42.864885	0.007296
441.000000	55.637582	43.407670	0.000698
442.000000	38.515879	51.884364	0.001746
443.000000	34.209439	-40.518064	0.009254
444.000000	-69.841091	50.282895	0.004143
445.000000	-78.212576	-17.894529	0.028429
446.000000	88.785802	0.456083	0.002102
447.000000	63.484878	8.078499	0.011088
448.000000	-80.598173	39.712878	0.003241
449.000000	-74.031704	-52.011826	0.010741
450.000000	-83.504317	-82.191835	0.002398
451.000000	67.943909	-34.809551	0.030500
452.000000	80.258508	-32.985141	0.001657
453.000000	84.818235	-12.195763	0.001088
454.000000	-90.911141	-23.394129	0.000719
455.000000	67.730976	59.692629	0.015503
456.000000	84.860812	65.462291	0.006430
457.000000	-83.484121	-86.632625	0.002409
458.000000	59.094585	44.670911	0.008944
459.000000	-78.614912	34.670506	0.008348
460.000000	59.574456	-54.740484	0.004079
461.000000	72.765373	-46.331243	0.007726
462.000000	89.449913	59.854914	0.004994
463.000000	-88.160286	57.695991	0.006812
464.000000	72.206569	-87.616192	0.019494
465.000000	55.120137	15.198479	0.002396
466.000000	-64.298196	76.294448	0.014480
467.000000	49.939144	36.739605	0.006720
468.000000	73.852044	-49.645169	0.041326
469.000000	79.328732	64.580679	0.002036
470.000000	-90.569722	22.278616	0.006030
471.000000	83.217672	83.686741	0.003770
472.000000	77.958983	35.350483	0.002705
473.000000	42.269010	-1.930292	0.003352
474.000000	55.170524	44.819065	0.001661
475.000000	51.286718	-9.879451	0.002379
476.000000	86.033250	57.143408	0.024772
477.000000	41.765980	71.669575	0.004616
478.000000	52.148062	-14.407102	0.002775
479.000000	58.971039	-43.773235	0.004359
480.000000	-63.099114	-28.043848	0.009229
481.000000	-82.530609	82.056191	0.007844
482.000000	64.881041	-56.086087	0.008459
483.000000	77.408833	54.637154	0.002859
484.000000	38.416415	47.076676	0.003243
485.000000	-76.396273	61.462097	0.004526
486.000000	85.214726	63.017328	0.001011
487.000000	58.761193	-56.854654	0.008122
488.000000	38.661091	-25.819803	0.007840
489.000000	61.019494	-49.617971	0.001572
490.000000	85.802424	74.335001	0.001944
491.000000	81.876371	70.158909	0.001340
492.000000	-84.762253	-12.486297	0.001580
493.000000	73.336245	55.974416	0.019860
494.000000	67.363697	-17.262059	0.001815
495.000000	-83.432162	75.698787	0.063366
496.000000	-63.286653	68.793395	0.003216
497.000000	25.299868	37.061529	0.016152
498.000000	85.279141	-58.701229	0.001856
499.000000	72.870545	27.167668	0.001454
500.000000	44.221943	13.385648	0.002774
501.000000	-90.598167	-47.714022	0.004537
502.000000	86.975264	27.155505	0.001709
503.000000	86.008843	-4.765123	0.002087
504.000000	68.648516	86.922576	0.101694
505.000000	61.572880	-39.570024	0.022566
506.000000	-87.101985	-50.008776	0.001714
507.000000	65.289497	-53.924072	0.011047
508.000000	90.902698	79.963672	0.003394
509.000000	82.231097	-56.075969	0.001641
510.000000	-62.208000	62.053128	0.089255
511.000000	58.065803	-5.761317	0.000891
512.000000	74.102568	-21.272588	0.002651
513.000000	59.741386	-53.252359	0.166208
514.000000	79.115909	29.954339	0.003606
515.000000	55.495129	-5.184297	0.001232
516.000000	-85.143871	-78.404392	0.008977
517.000000	-78.513382	44.270745	0.005077
518.000000	54.618195	-44.864080	0.016090
519.000000	47.313726	-45.381838	0.006161
520.000000	-70.077709	-89.723476	0.004314
521.000000	81.649698	-14.180529	0.001112
522.000000	87.284901	-51.025970	0.002309
523.000000	85.617704	-27.680053	0.008008
524.000000	-22.409214	68.153269	0.001389
525.000000	79.291238	39.985270	0.002311
526.000000	-74.322871	81.126614	0.008477
527.000000	68.682709	-48.520968	0.006084
528.000000	-79.697021	-57.984038	0.148228
529.000000	81.640471	-87.092652	0.001960
530.000000	89.211859	16.070453	0.000445
531.000000	87.799554	-25.675403	0.002170
532.000000	-78.451439	66.734999	0.001071
533.000000	80.922435	-84.764838	0.003705
534.000000	74.526303	8.818186	0.118594
535.000000	-86.056265	34.919526	0.002446
536.000000	75.649745	-43.655686	0.004556
537.000000	87.577524	27.540780	0.001153
538.000000	76.132849	-81.039424	0.003541
539.000000	36.983363	20.733028	0.010615
540.000000	55.284839	-33.859747	0.002268
541.000000	-64.856541	-33.718705	0.018198
542.000000	69.807228	37.489403	0.007889
543.000000	82.456030	-4.116075	0.006490
544.000000	-54.269024	-86.992641	0.000275
545.000000	83.846153	80.956265	0.004624
546.000000	61.708228	-4.577329	0.013922
547.000000	56.975320	16.849205	0.006147
548.000000	87.669395	67.686370	0.001252
549.000000	-80.312447	-81.859558	0.003457
550.000000	71.928681	48.905530	0.012085
551.000000	83.019488	-40.530615	0.001810
552.000000	-70.545496	-75.374284	0.001860
553.000000	87.723456	64.018143	0.014233
554.000000	89.692216	67.948478	0.018309
555.000000	-73.302165	-69.187167	0.001061
556.000000	67.903803	-53.716985	0.007720
557.000000	45.714041	18.161746	0.003692
558.000000	-88.772348	-28.256874	0.001174
559.000000	81.319519	-35.211255	0.001740
560.000000	78.968130	0.820014	0.002150
561.000000	69.410574	8.465309	0.003557
562.000000	68.220163	36.056695	0.002185
563.000000	59.038753	50.982048	0.012083
564.000000	56.523432	-68.119144	0.021909
565.000000	49.909582	-75.828300	0.003035
566.000000	-66.579017	23.361087	0.002895
567.000000	-86.220130	56.278245	0.004171
568.000000	42.563168	-30.629002	0.007948
569.000000	-86.565146	62.588984	0.001912
570.000000	55.698895	49.249930	0.000831
571.000000	-90.149910	-35.178823	0.014101
572.000000	-77.906766	-67.319070	0.024783
573.000000	31.286276	-93.034376	0.076261
574.000000	70.816527	-33.633797	0.002222
575.000000	80.287833	-33.616192	0.001316
576.000000	-83.279099	0.502347	0.002176
577.000000	71.859612	5.799520	0.003550
578.000000	47.788965	-80.457155	0.076619
579.000000	66.980454	86.965259	0.004893
580.000000	-88.965076	82.399075	0.001288
581.000000	85.010762	82.229410	0.004319
582.000000	-73.974270	76.588984	0.001415
583.000000	-74.458953	-84.241607	0.001854
584.000000	47.240975	-7.493626	0.002305
585.000000	-17.203384	-74.635358	0.010447
586.000000	88.788745	22.039669	0.001196
587.000000	52.648575	77.870234	0.001378
588.000000	-77.065016	-77.867151	0.003241
589.000000	81.661895	-13.969587	0.001072
590.000000	-81.766000	51.695991	0.001994
591.000000	62.740812	77.552332	0.003762
592.000000	-63.758461	54.290302	0.007497
593.000000	69.672479	-81.259067	0.004294
594.000000	41.347483	-1.741394	0.004961
595.000000	57.182674	49.736622	0.000627
596.000000	81.575784	24.024077	0.003325
597.000000	-61.667956	-1.036553	0.006690
598.000000	-60.278459	67.696899	0.011902
599.000000	-69.408073	44.010961	0.004304
600.000000	37.810703	54.270247	0.005219
601.000000	69.003133	-87.314228	0.018777
602.000000	86.172222	-33.110833	0.000891
603.000000	-77.226522	-40.508785	0.005860
604.000000	80.169405	40.164650	0.001462
605.000000	74.508286	-83.024350	0.005814
606.000000	48.813503	-19.780909	0.001706
607.000000	-73.894615	-42.140441	0.001727
608.000000	58.833381	43.551151	0.000298
609.000000	44.060700	-12.289840	0.002879
610.000000	77.528636	-83.065241	0.004755
611.000000	-89.857924	2.495591	0.012195
612.000000	63.593318	-26.059115	0.007011
613.000000	-54.374810	25.165609	0.003561
614.000000	-72.140441	21.630062	0.387926
615.000000	69.042129	-35.082281	0.003318
616.000000	30.971039	28.199333	0.002059
617.000000	-60.858333	-84.230268	0.008705
618.000000	60.174735	15.330539	0.009169
619.000000	79.540819	-3.906693	0.003045
620.000000	85.785663	-20.936954	0.013655
621.000000	-66.151040	74.773511	0.009019
622.000000	59.733885	41.365542	0.006495
623.000000	57.309008	77.173675	0.004509
624.000000	80.295386	-0.589426	0.001768
625.000000	72.085560	-13.554427	0.002320
626.000000	81.037345	24.407348	0.001398
627.000000	83.679999	38.958835	0.002927
628.000000	-81.065279	-46.301360	0.064282
629.000000	83.301609	59.732789	0.003888
630.000000	86.090364	-78.520968	0.004791
631.000000	49.504674	-29.909312	0.003833
632.000000	-67.894582	-7.221839	0.015154
633.000000	-74.950505	-48.195757	0.029318
634.000000	52.048517	39.150927	0.002592
635.000000	-80.240061	-81.474794	0.002004
636.000000	-72.730153	-61.765994	0.001251
637.000000	80.678026	18.615292	0.001192
638.000000	-67.527137	-43.054652	0.027222
639.000000	72.971160	-51.570623	0.750869
640.000000	66.179385	-52.203350	0.010878
641.000000	-75.761317	18.475887	0.006058
642.000000	52.538627	-20.165775	0.001574
643.000000	49.572880	42.808149	0.001926
644.000000	-87.870021	-55.398812	0.001834
645.000000	68.813503	13.733751	0.482163
646.000000	60.473993	75.931220	0.002129
647.000000	78.943569	-43.571402	0.004923
648.000000	85.939105	71.234877	0.004647
649.000000	54.093166	-28.222768	0.005786
650.000000	72.085560	-15.658676	0.022890
651.000000	-40.690992	-72.905447	0.004019
652.000000	73.554752	-58.178012	0.005043
653.000000	-50.850383	-39.622881	0.002052
654.000000	-83.926643	-38.610356	0.001370
655.000000	-88.649517	-80.135759	0.002609
656.000000	-60.240061	-12.836909	0.020053
657.000000	77.455601	34.538607	0.001453
658.000000	62.050258	33.155571	0.024945
659.000000	-78.339878	-76.960876	0.001734
660.000000	-87.099114	18.430837	0.002440
661.000000	65.980620	-0.187523	0.026717
662.000000	76.673415	-32.483832	0.001192
663.000000	84.433248	-18.541162	0.000676
664.000000	59.943909	-27.862521	0.004298
665.000000	66.475854	-34.701295	0.006399
666.000000	59.551450	-42.839426	0.003766
667.000000	54.369885	-0.957710	0.003386
668.000000	-83.056518	-77.256318	0.006048
669.000000	-84.202220	-11.573036	0.003805
670.000000	72.840934	85.170977	0.037992
671.000000	-71.459560	-56.143080	0.011743
672.000000	81.294142	-44.521302	0.002630
673.000000	77.919348	16.033250	0.003420
674.000000	87.968296	-11.825265	0.036439
675.000000	87.680033	63.169547	0.002182
676.000000	71.413444	71.525780	0.002983
677.000000	-49.237443	7.871781	0.004304
678.000000	-76.917511	45.565608	0.004383
679.000000	73.440601	38.958835	0.002299
680.000000	75.269586	70.342734	0.001102
681.000000	65.943735	-50.896141	0.007098
682.000000	-73.083887	-55.742110	0.011805
683.000000	85.956113	-31.169529	0.001018
684.000000	74.653537	-73.601602	0.004142
685.000000	85.094652	-1.481130	0.000473
686.000000	-90.278285	-63.696901	0.003021
687.000000	-76.983296	-61.509000	0.000797
688.000000	-70.503198	70.202206	0.003642
689.000000	83.363697	-36.582939	0.001778
690.000000	-56.750117	-39.171602	0.009160
691.000000	45.202585	28.309044	0.003279
692.000000	44.434852	-2.719332	0.008303
693.000000	-42.220183	67.659025	0.006411
694.000000	-84.612044	88.164650	0.003218
695.000000	-86.258582	89.584509	0.003638
696.000000	78.771737	20.588706	0.003661
697.000000	38.508286	66.940698	0.000954
698.000000	83.519389	-60.188083	0.002231
699.000000	45.481921	27.609765	0.001591
700.000000	68.025730	40.742552	0.050666
701.000000	85.882184	-24.076421	0.000455
702.000000	87.593318	68.762933	0.004949
703.000000	74.860812	-59.984268	0.007806
704.000000	68.095014	21.755309	0.004726
705.000000	54.740500	30.525938	0.004221
706.000000	48.822918	-44.449659	0.002658
707.000000	56.989999	-24.894346	0.004290
708.000000	89.345859	5.934582	0.003950
709.000000	73.072112	86.070453	0.008450
710.000000	79.429193	14.285945	0.017835
711.000000	-75.649993	-18.556204	0.006087
712.000000	-66.597043	-14.105491	0.008078
713.000000	-81.689314	58.469774	0.004540
714.000000	-70.903608	-70.120758	0.002383
715.000000	77.202638	49.336612	0.039131
716.000000	-79.309698	66.236098	0.005369
717.000000	45.094652	27.768870	0.001797
718.000000	76.625716	-20.066669	0.016780
719.000000	79.316681	11.672446	0.001481
720.000000	72.182289	-20.022283	0.003683
721.000000	40.088590	46.378951	0.001184
722.000000	84.161812	33.868838	0.003919
723.000000	86.971039	35.817445	0.042160
724.000000	89.304498	29.462238	0.002949
725.000000	-58.512338	-83.815874	0.002157
726.000000	-77.635842	25.374697	0.008329
727.000000	-70.189264	-62.120666	0.005570
728.000000	78.601188	-72.927888	0.046595
729.000000	-88.157430	-72.164877	0.015753
730.000000	-89.805561	-71.394162	0.007590
731.000000	49.138690	17.740541	0.002318
732.000000	-45.028961	-62.386973	0.001389
733.000000	90.683872	-4.667156	0.003030
734.000000	40.900587	8.013850	0.003190
735.000000	72.370112	-24.113977	0.000728
736.000000	69.679999	16.120564	0.077716
737.000000	41.129555	37.572267	0.004573
738.000000	-87.620803	80.768780	0.001064
739.000000	87.011112	13.279287	0.001951
740.000000	66.434378	86.371697	0.004955
741.000000	-75.311478	65.869156	0.001137
742.000000	80.028600	5.812477	0.090373
743.000000	72.700859	77.394612	0.009067
744.000000	76.616280	9.639607	0.002586
745.000000	74.971039	27.380853	0.001518
746.000000	-76.673014	-52.137325	0.010645
747.000000	-53.620696	55.560998	0.008321
748.000000	-90.093327	71.291238	0.001694
749.000000	-64.456311	-69.697021	0.002103
750.000000	63.565374	-77.945113	0.006722
751.000000	-71.758461	-70.628583	0.005285
752.000000	87.065775	68.398934	0.002353
753.000000	61.708228	-49.897432	0.056891
754.000000	31.214768	-28.383379	0.020167
755.000000	-87.311478	-53.916958	0.003304
756.000000	78.730316	30.927167	0.003488
757.000000	-89.294524	-7.650630	0.004474
758.000000	63.416354	-49.775294	0.026549
759.000000	75.703545	-55.289562	0.005765
760.000000	75.468580	-39.499526	0.001169
761.000000	44.745183	51.925053	0.110956
762.000000	44.826639	-50.628396	0.028353
763.000000	84.146725	-70.374816	0.006477
764.000000	51.591577	-48.528236	0.006685
765.000000	-81.186464	54.095279	0.004500
766.000000	32.120457	-28.527391	0.008570
767.000000	73.360720	-62.868810	0.002124
768.000000	59.996519	-14.510597	0.005975
769.000000	-80.680481	21.622568	0.012316
770.000000	-73.411097	11.849486	0.014755
771.000000	60.781071	-67.356554	0.004808
772.000000	54.251963	84.468446	0.003073
773.000000	88.970686	-15.082107	0.001897
774.000000	65.948559	-43.543917	0.009494
775.000000	-83.723476	-33.722253	0.004509
776.000000	-87.491681	29.353320	0.002885
777.000000	-74.988821	-30.078554	0.005431
778.000000	74.963153	-25.753530	0.025924
779.000000	42.935137	30.667296	0.001983
780.000000	-62.844429	-65.294530	0.006832
781.000000	-86.739607	15.802604	0.015976
782.000000	83.240656	-86.318188	0.001704
783.000000	32.167592	-24.537903	0.010122
784.000000	49.610610	15.128320	0.018950
785.000000	60.526423	63.719519	0.043030
786.000000	-87.048839	30.055214	0.003997
787.000000	78.693152	-56.340549	0.008050
788.000000	61.919348	21.091697	0.017772
789.000000	61.351580	60.975810	0.002658
790.000000	90.062441	-18.658744	0.001726
791.000000	-68.411327	-37.299174	0.002978
792.000000	70.060694	35.321259	0.004407
793.000000	84.246183	-52.722638	0.001561
794.000000	60.960576	68.263158	0.003514
795.000000	75.222268	-61.989039	0.004905
796.000000	-91.016870	-35.051826	0.007002
797.000000	-76.137553	-56.253878	0.004456
798.000000	73.245301	68.070453	0.002798
799.000000	74.637932	-84.498447	0.004526
800.000000	90.271841	78.145071	0.002107
801.000000	87.467718	-61.406414	0.001772
802.000000	70.090364	35.043682	0.001009
803.000000	63.726365	-81.575992	0.013861
804.000000	59.341209	-0.940697	0.000720
805.000000	-66.788141	-49.611475	0.021264
806.000000	-83.279066	30.985102	0.004025
807.000000	-69.073211	20.922576	0.014110
808.000000	-87.121863	77.973756	0.003501
809.000000	86.888561	73.288686	0.041688
810.000000	51.306331	-53.109856	0.002594
811.000000	-73.174212	80.543271	0.007408
812.000000	87.120078	-74.903322	0.002858
813.000000	-87.166619	68.603427	0.009035
814.000000	89.138758	59.755309	0.001838
815.000000	51.560750	-45.946062	0.008396
816.000000	87.383347	-58.731447	0.003235
817.000000	82.169405	16.707939	0.001441
818.000000	40.989613	57.790014	0.003298
819.000000	35.859949	7.384419	0.007429
820.000000	-54.271894	72.586081	0.001841
821.000000	-66.654162	-65.847462	0.009536
822.000000	-81.355796	-66.118486	0.002049
823.000000	-72.787012	43.234505	0.082729
824.000000	71.615964	41.516646	0.001764
825.000000	27.385088	-21.292466	0.014819
826.000000	85.360787	-55.326624	0.002575
827.000000	48.784062	87.074197	0.006151
828.000000	87.923998	26.765837	0.005619
829.000000	-81.790561	-85.974270	0.001543
830.000000	55.428402	64.113466	0.003104
831.000000	67.659145	17.353465	0.004309
832.000000	87.911323	-57.539254	0.003705
833.000000	29.862447	-3.057546	0.008537
834.000000	72.458939	-57.432182	0.275049
835.000000	-42.285993	70.542499	0.004261
836.000000	90.563188	-28.643223	0.019141
837.000000	38.567818	-13.833220	0.013092
838.000000	47.008920	61.140009	0.001551
839.000000	85.600824	-73.835137	0.007538
840.000000	-82.011826	-4.338138	0.004363
841.000000	47.667675	-7.474368	0.000913
842.000000	-49.994148	84.367062	0.004914
843.000000	-85.969620	21.637562	0.008861
844.000000	31.391259	36.035295	0.014833
845.000000	-43.649766	84.567871	0.008005
846.000000	82.700793	38.712710	0.000876
847.000000	-90.944668	-48.866864	0.003739
848.000000	37.854914	-55.772317	0.017249
849.000000	52.558065	-71.064478	0.007373
850.000000	56.345677	63.893185	0.001013
851.000000	83.628321	45.802691	0.003452
852.000000	70.808853	-23.433305	0.004014
853.000000	33.879281	-79.462064	0.010176
854.000000	70.344227	34.110101	0.000759
855.000000	53.905627	63.187552	0.001137
856.000000	-22.970209	40.940500	0.000411
857.000000	-86.795675	-43.989465	0.002153
858.000000	-74.488124	-45.959037	0.097862
859.000000	86.680968	50.576029	0.005470
860.000000	-89.243873	66.775947	0.006168
861.000000	87.031532	63.380438	0.001105
862.000000	-61.436866	-67.664564	0.007477
863.000000	-87.044156	-50.731192	0.003016
864.000000	53.923998	42.995208	0.001190
865.000000	-64.503198	-46.428652	0.005864
866.000000	82.730267	11.335661	0.003179
867.000000	60.506546	-85.049695	0.011967
868.000000	73.146416	-18.559139	0.033612
869.000000	-84.700032	-37.404751	0.009771
870.000000	-84.382349	51.518333	0.003347
871.000000	31.173427	-23.356554	0.010166
872.000000	69.185838	12.575492	0.004997
873.000000	45.524039	23.316822	0.001667
874.000000	-72.712196	46.281295	0.004973
875.000000	-74.774232	-88.434459	0.025797
876.000000	-77.101952	-5.976822	0.012557
877.000000	69.703583	17.689487	0.007267
878.000000	63.392553	41.657499	0.005039
879.000000	88.990917	9.676485	0.000809
880.000000	30.288849	37.470831	0.001067
881.000000	84.179385	69.708194	0.000996
882.000000	45.348795	-22.008829	0.002341
883.000000	-78.703035	-14.654141	0.006974
884.000000	58.160320	77.110554	0.001866
885.000000	-86.988888	-78.254602	0.001560
886.000000	78.085540	-44.274798	0.023085
887.000000	62.226500	16.465309	0.007009
888.000000	83.245253	-27.509033	0.002034
889.000000	-84.849059	-72.016476	0.000897
890.000000	88.122218	12.765925	0.004007
891.000000	42.204969	37.429332	0.011384
892.000000	43.602949	39.956119	0.042257
893.000000	-67.887076	14.075948	0.047219
894.000000	81.223017	-9.941340	0.009069
895.000000	-90.202220	59.465141	0.004442
896.000000	-77.909636	68.300036	0.002269
897.000000	-80.376589	-41.403423	0.020618
898.000000	64.920776	53.911362	0.007544
899.000000	76.773517	-4.871401	0.001501
900.000000	65.010334	-35.346463	0.004798
901.000000	-61.755590	36.945895	0.006583
902.000000	45.347798	32.765393	0.001100
903.000000	68.700826	-7.710016	0.001196
904.000000	-77.889986	-70.754699	0.001718
905.000000	86.456030	20.803007	0.003362
906.000000	28.096144	14.639203	0.013163
907.000000	-31.560939	26.856109	0.008050
908.000000	72.493850	-12.978027	0.010857
909.000000	71.276053	44.257015	0.005364
910.000000	-76.998599	-15.009137	0.009544
911.000000	-87.977174	-56.031704	0.001018
912.000000	-62.117816	36.575492	0.002891
913.000000	-81.946872	-15.954392	0.004023
914.000000	-89.672586	62.067583	0.042198
915.000000	40.157168	75.235195	0.144650
916.000000	-90.846150	89.528970	0.007209
917.000000	-89.954392	-56.108555	0.010645
918.000000	51.823588	14.900646	0.002343
919.000000	88.217220	-73.401649	0.003275
920.000000	31.195606	28.956755	0.002898
921.000000	71.321195	-5.911829	0.001875
922.000000	44.731538	-3.038360	0.003973
923.000000	83.377606	65.425841	0.004561
924.000000	46.407228	25.098490	0.049422
925.000000	-79.617932	-52.133879	0.007371
926.000000	48.399674	-71.439736	0.004174
927.000000	80.446842	-34.095420	0.007254
928.000000	69.928681	83.600871	0.004504
929.000000	19.294147	71.346932	0.018195
930.000000	38.865583	77.279178	0.007471
931.000000	65.313777	-41.531728	0.005928
932.000000	41.205782	15.288044	0.007464
933.000000	-56.862068	-81.473391	0.002705
934.000000	45.202585	-38.967197	0.006192
935.000000	84.800982	-40.394040	0.001135
936.000000	55.862447	-8.595365	0.000624
937.000000	64.788712	7.318934	0.011537
938.000000	53.387382	12.852637	0.001384
939.000000	56.668591	-70.837821	0.034326
940.000000	74.229404	-45.966717	0.004115
941.000000	81.266716	-40.619296	0.001779
942.000000	-74.483515	20.434659	0.011722
943.000000	39.674220	66.613425	0.002752
944.000000	-76.668364	-60.625501	0.000885
945.000000	-25.819485	83.123797	0.021151
946.000000	-76.967252	-37.867166	0.002591
947.000000	41.852308	54.326057	0.002036
948.000000	87.170577	32.700846	0.001848
949.000000	86.528023	-45.321941	0.003598
950.000000	-87.882379	-77.406366	0.002327
951.000000	87.526943	40.728575	0.003692
952.000000	88.511229	-72.060856	0.004711
953.000000	56.596489	-8.540733	0.008327
954.000000	76.713347	-49.731924	0.000981
955.000000	89.309082	37.193358	0.006309
956.000000	87.307335	-61.560777	0.054735
957.000000	76.842796	-89.536470	0.007442
958.000000	83.908453	-60.586556	0.028153
959.000000	-72.917511	88.465769	0.031993
960.000000	81.210621	-80.458587	0.008258
961.000000	54.979789	27.590250	0.006730
962.000000	51.042290	51.652675	0.004423
963.000000	-74.711714	-62.997499	0.000053
964.000000	47.294185	-54.363818	0.003502
965.000000	-79.223579	-45.815613	0.002865
966.000000	-87.580589	-34.551018	0.001853
967.000000	58.241680	-78.310667	0.064811
968.000000	-76.588179	-83.279084	0.001734
969.000000	77.206238	-35.466023	0.002863
970.000000	-84.566470	-17.391186	0.003990
971.000000	-54.722633	-48.006026	0.005672
972.000000	52.693152	-44.253448	0.008144
973.000000	44.451385	26.936354	0.002284
974.000000	-55.169034	-76.684619	0.000707
975.000000	-56.797368	28.948339	0.360071
976.000000	83.096423	46.160884	0.004119
977.000000	-70.728094	39.741305	0.001017
978.000000	64.567818	-53.378895	0.006377
979.000000	16.454430	17.327566	0.012384
980.000000	-76.977881	-70.210040	0.056069
981.000000	40.152712	-40.623959	0.007473
982.000000	29.047818	24.397553	0.134786
983.000000	79.718657	89.207288	0.032408
984.000000	-88.818225	43.590990	0.009961
985.000000	-87.066840	-73.011660	0.004801
986.000000	59.375886	26.719513	0.002766
987.000000	-83.067020	-15.739394	0.009853
988.000000	-79.091561	37.777405	0.113457
989.000000	-66.668438	-58.769435	0.002303
990.000000	50.805765	52.350786	0.003118
991.000000	85.303567	-60.731192	0.000611
992.000000	58.810168	41.399841	0.026585
993.000000	45.316681	-82.044219	0.002223
994.000000	81.300664	10.301206	0.003049
995.000000	51.965393	-73.764274	0.010194
996.000000	78.169632	30.084789	0.000976
997.000000	69.762848	-36.042326	0.002800
998.000000	-72.607941	28.962312	0.001920
999.000000	82.202206	-52.261465	0.000706
1000.000000	75.119227	2.336727	0.007799
1001.000000	52.780688	65.590342	0.004682
1002.000000	72.114664	6.914930	0.001254
1003.000000	59.264970	-26.274040	0.003645
1004.000000	50.172716	-70.364099	0.005808
1005.000000	-82.481455	23.506135	0.000510
1006.000000	-81.021287	-83.629921	0.001951
1007.000000	-79.914407	-5.744396	0.038403
1008.000000	-88.678417	32.437568	0.008217
1009.000000	52.285837	-32.458814	0.053357
1010.000000	56.825827	-40.969875	0.054120
1011.000000	72.354864	71.821988	0.001144
1012.000000	-89.887029	-85.687606	0.093778
1013.000000	64.853259	-24.695221	0.011162
1014.000000	-65.870282	-53.157204	0.007595
1015.000000	74.525985	-69.827617	0.006125
1016.000000	86.105438	-66.291772	0.067926
1017.000000	82.129979	-60.409553	0.000471
