Thin Section: 	C:\Ice Data\2017-02-21-Tue\09.35 180  VTS SPICE

Results: 	C:\Ice Results\2017-02-21-Tue\09.35 180  VTS SPICE\2017-02-22-Wed, 09.54

Sequence Angles: 
xi	phi inner
0	0
45	0
45	-45
45	-90
45	-135
45	-180
45	-225
45	-270
45	-315

Threshold: 
45.000

Grain #		theta		phi	Rsquared

0.000000	25.280271	-61.279066	0.005144
1.000000	28.048517	-83.139067	0.016079
2.000000	-47.562185	72.605327	0.041776
3.000000	79.886795	77.998298	0.115028
4.000000	-80.937182	-38.764838	0.004958
5.000000	-57.887076	-11.121863	0.001800
6.000000	75.153883	34.933604	0.003382
7.000000	-39.888467	29.931390	0.165159
8.000000	80.197415	-23.151425	0.002274
9.000000	28.696143	37.585291	0.003442
10.000000	-23.323715	14.482119	0.001971
11.000000	30.821144	75.093440	0.010675
12.000000	-83.191147	-64.463563	0.000966
13.000000	88.402544	-5.066933	0.001957
14.000000	-69.899173	-39.548932	0.008364
15.000000	-23.481251	29.444332	0.007792
16.000000	-85.929514	-32.207913	0.013422
17.000000	58.033230	-27.651123	0.019707
18.000000	27.987671	-4.217226	0.009873
19.000000	48.303099	-33.413176	0.007272
20.000000	78.431594	27.951469	0.000611
21.000000	49.178315	-79.755304	0.005650
22.000000	-59.942209	89.839714	0.015714
23.000000	-42.476859	-55.208805	0.003171
24.000000	74.828610	20.316598	0.012252
25.000000	-67.191147	68.920763	0.000724
26.000000	-41.613108	36.503716	0.038663
27.000000	-66.014730	33.876371	0.021235
28.000000	-41.214885	42.087851	0.003947
29.000000	58.925426	-41.114680	0.008851
30.000000	-13.348248	-66.045148	0.016966
31.000000	83.481921	75.826671	0.008584
32.000000	-80.747247	22.725001	0.001393
33.000000	-78.969151	-31.291533	0.042785
34.000000	-57.225341	79.528594	0.081537
35.000000	50.117607	9.172810	0.073596
36.000000	-36.609140	24.835560	0.007680
37.000000	55.572880	-5.746781	0.003950
38.000000	-75.926571	29.625277	0.000667
39.000000	-83.762949	-17.911410	0.004255
40.000000	-85.194051	48.917752	0.206595
41.000000	84.310653	-55.747916	0.001352
42.000000	68.680968	86.128370	0.009168
43.000000	-74.286663	-20.906160	0.052096
44.000000	-69.836878	-78.695129	0.554061
45.000000	-25.799748	21.777232	0.005552
46.000000	-42.147374	-85.286878	0.022151
47.000000	68.126848	48.936015	0.627585
48.000000	-67.701705	14.169405	0.005923
49.000000	-54.982232	-47.189598	0.003892
50.000000	-74.439303	-76.523686	0.003733
51.000000	71.031532	79.084209	0.006217
52.000000	57.189643	-38.696488	0.009800
53.000000	83.635821	-82.528150	0.026231
54.000000	77.318871	-38.127973	0.020630
55.000000	63.280523	-84.615639	0.002869
56.000000	59.096108	-37.563563	0.014772
57.000000	44.402544	65.573021	0.001691
58.000000	-43.613249	-63.718705	0.001354
59.000000	-59.249767	-62.654440	0.006704
60.000000	19.733885	44.808521	0.001136
61.000000	83.211859	84.249054	0.003232
62.000000	50.478797	67.061819	0.000846
63.000000	45.428537	-47.208704	0.005748
64.000000	-3.021461	-33.344940	0.059981
65.000000	76.798039	-68.923258	0.001513
66.000000	-62.321130	81.545463	0.007964
67.000000	-62.583700	-55.808146	0.003344
68.000000	-60.974717	-71.956639	0.008071
69.000000	40.261417	76.095246	0.032187
70.000000	21.212988	-46.934537	0.056167
71.000000	24.636212	46.989839	0.002933
72.000000	50.851551	11.928803	0.005169
73.000000	66.925460	74.394479	0.009532
74.000000	-78.976618	54.828731	0.003692
75.000000	-78.804399	-22.318972	0.002220
76.000000	-60.581814	-81.596208	0.025194
77.000000	69.755315	-22.899242	0.009494
78.000000	56.745583	-82.350926	0.002754
79.000000	84.454342	-56.164736	0.001421
80.000000	-37.963807	3.580661	0.004802
81.000000	-55.229856	76.665694	0.006110
82.000000	-83.411097	-43.309578	0.002366
83.000000	-34.097971	-43.575746	0.006252
84.000000	36.542978	-65.159945	0.004159
85.000000	64.978539	-59.770644	0.018570
86.000000	-41.620749	-58.710255	0.006645
87.000000	25.568230	39.127473	0.003313
88.000000	-90.970209	-42.066176	0.002937
89.000000	57.125835	-81.661712	0.008907
90.000000	-76.080652	-61.882399	0.013443
91.000000	-64.011826	-17.029000	0.008627
92.000000	-8.576113	64.281295	0.094849
93.000000	-61.709225	20.898048	0.005978
94.000000	80.238630	33.249984	0.001190
95.000000	77.943735	-87.479477	0.005414
96.000000	62.550843	78.708380	0.030018
97.000000	-46.782362	17.541360	0.078072
98.000000	57.799554	-88.016476	0.118477
99.000000	22.290742	30.048638	0.006512
100.000000	57.210118	29.671688	0.006318
101.000000	-5.091561	6.645192	0.065245
102.000000	89.528636	22.732281	0.003672
103.000000	69.262119	14.895512	0.003476
104.000000	86.512969	-62.083555	0.004716
105.000000	78.463602	-1.696901	0.003820
106.000000	67.943755	14.050204	0.002256
107.000000	-25.852058	-62.569684	0.016888
108.000000	-64.557659	77.401847	0.006099
109.000000	-51.669502	-56.050311	0.013301
110.000000	79.660155	-27.601303	0.006133
111.000000	21.568283	50.657849	0.000840
112.000000	45.615964	1.775280	0.002850
113.000000	-87.961946	-80.132942	0.000857
114.000000	-76.353191	75.087047	0.021314
115.000000	64.354690	-50.145951	0.003571
116.000000	58.584022	88.471350	0.014628
117.000000	-77.632986	47.240810	0.008612
118.000000	-80.654094	55.202632	0.001620
119.000000	-45.906693	-12.399689	0.259389
120.000000	-49.715822	33.640666	0.002065
121.000000	-48.024063	33.004348	0.002914
122.000000	83.551470	-43.222955	0.003062
123.000000	64.637932	-57.655806	0.009840
124.000000	-57.076365	-0.946590	0.002902
125.000000	60.661091	69.613234	0.005940
126.000000	54.045574	-37.051661	0.004781
127.000000	39.291302	-74.226310	0.004905
128.000000	69.408833	-76.293986	0.008152
129.000000	32.673415	-59.665892	0.012470
130.000000	-75.449157	-61.875563	0.179024
131.000000	-87.169529	-68.425379	0.005645
132.000000	54.676285	8.837693	0.011223
133.000000	30.631529	-43.548508	0.011326
134.000000	54.604097	-33.236574	0.003730
135.000000	31.775135	-41.446438	0.026793
136.000000	74.882821	48.367121	0.004022
137.000000	38.905569	-25.718334	0.001825
138.000000	87.673548	-29.622808	0.008255
139.000000	39.789909	-34.187185	0.004625
140.000000	87.242430	87.727965	0.008611
141.000000	-50.320320	13.118001	0.039542
142.000000	80.335040	73.782954	0.001046
143.000000	-69.182044	-82.036699	0.237347
144.000000	70.917752	51.835297	0.047320
145.000000	64.204881	-47.468893	0.162109
146.000000	-74.750070	40.902626	0.003023
147.000000	-70.238931	-35.415156	0.002479
148.000000	73.232363	75.728762	0.262075
149.000000	50.284165	-34.177979	0.007862
150.000000	78.152571	-18.354846	0.002141
151.000000	74.185198	33.548373	0.010586
152.000000	53.679999	-23.529548	0.011290
153.000000	-67.378895	-30.539608	0.001826
154.000000	73.339516	-41.087568	0.006676
155.000000	78.640862	-74.118115	0.001150
156.000000	39.837940	28.322803	0.002940
157.000000	53.010280	1.948565	0.003848
158.000000	-64.377719	-33.369621	0.012221
159.000000	68.374568	-44.860943	0.008587
160.000000	-85.571402	-43.394162	0.019964
161.000000	-56.056245	86.078007	0.005393
162.000000	-42.144603	-7.700823	0.002059
163.000000	48.917893	-58.186024	0.002435
164.000000	-7.589955	-87.565436	0.037349
165.000000	-62.997000	-52.056085	0.011833
166.000000	87.389650	20.418740	0.069487
167.000000	40.241539	-23.765940	0.003484
168.000000	-47.842832	-62.829196	0.001810
169.000000	-78.848987	40.436332	0.259700
170.000000	83.741439	19.587696	0.005635
171.000000	-85.134525	-31.991909	0.013147
172.000000	66.334953	-43.309698	0.011091
173.000000	-86.524402	34.928833	0.000628
174.000000	62.776387	-20.023970	0.003647
175.000000	50.325745	-73.040382	0.015895
176.000000	-22.612097	80.385403	0.002914
177.000000	-57.902116	79.385088	0.010635
178.000000	27.407736	7.044000	0.002975
179.000000	88.276524	-49.506009	0.026770
180.000000	53.703545	67.410541	0.004010
181.000000	-76.093327	81.516520	0.000716
182.000000	-78.616726	-85.920399	0.006065
183.000000	-36.063759	-51.699471	0.006116
184.000000	-79.746142	-48.380623	0.004966
185.000000	-70.678741	-48.617750	0.012672
186.000000	-43.361888	-82.073638	0.003067
187.000000	74.001169	-31.906766	0.006855
188.000000	-59.259101	7.882891	0.001198
189.000000	-48.399090	-1.118872	0.002481
190.000000	29.214768	-78.920832	0.001054
191.000000	71.197935	-36.046352	0.002573
192.000000	-68.634563	-45.798028	0.004483
193.000000	42.494508	75.663583	0.794808
194.000000	50.281187	37.926570	0.002169
195.000000	-69.842871	40.690242	0.029926
196.000000	75.575784	43.209273	0.002096
197.000000	85.972946	76.734999	0.004396
198.000000	-63.142058	82.817956	0.025194
199.000000	32.555493	76.945281	0.007272
200.000000	68.788745	-12.614719	0.287313
201.000000	50.890413	15.041139	0.003341
202.000000	-51.939267	-73.004312	0.002580
203.000000	-59.201643	80.416468	0.012906
204.000000	57.605453	-84.626730	0.002041
205.000000	85.525726	78.122198	0.005013
206.000000	88.535718	73.906673	0.002350
207.000000	34.345644	47.031287	0.004040
208.000000	29.628321	37.680227	0.009786
209.000000	55.516453	-49.634857	0.003446
210.000000	-14.774165	-51.127361	0.008593
211.000000	75.350488	21.889067	0.033582
212.000000	-74.001735	34.057791	0.001838
213.000000	87.030849	-40.632625	0.001744
214.000000	76.992424	-51.467153	0.003441
215.000000	35.876371	-21.189406	0.006573
216.000000	43.276281	-49.490156	0.012050
217.000000	-72.616694	-47.351958	0.014329
218.000000	35.341262	62.808521	0.013908
219.000000	70.720901	28.145092	0.001989
220.000000	-30.698406	86.215983	0.021816
221.000000	-86.581974	30.608110	0.043619
222.000000	87.434907	-81.421560	0.051597
223.000000	-49.630029	87.681256	0.026375
224.000000	-63.986507	-53.765946	0.004441
225.000000	85.400140	45.733359	0.001728
226.000000	54.310479	43.545502	0.002920
227.000000	-84.949312	64.591927	0.002112
228.000000	86.287833	-29.426243	0.001884
229.000000	-51.343472	52.627715	0.003766
230.000000	-75.321941	56.957673	0.002359
231.000000	-21.045848	16.100456	0.016405
232.000000	-75.735679	-71.091011	0.003394
233.000000	-75.887029	82.421065	0.008976
234.000000	-74.983329	-65.702834	0.002148
235.000000	81.854962	43.254527	0.005005
236.000000	-32.865886	-74.713077	0.007644
237.000000	76.209478	31.031731	0.017325
238.000000	75.908453	-51.761370	0.025613
239.000000	-50.334571	-36.279370	0.002763
240.000000	79.526943	-86.915666	0.001418
241.000000	71.387903	47.482135	0.002658
242.000000	-87.336039	-77.879436	0.001316
243.000000	-43.677023	55.605474	0.005163
244.000000	68.189756	89.750713	0.009364
245.000000	-63.391220	-55.265083	0.010326
246.000000	-16.416716	-19.099452	0.011684
247.000000	-55.884119	76.161851	0.025380
248.000000	-61.672553	54.857849	0.005252
249.000000	35.409682	35.995928	0.002360
250.000000	78.402578	84.621138	0.016282
251.000000	-35.902116	-71.788554	0.004101
252.000000	74.045574	-84.051441	0.006733
253.000000	25.114583	42.735982	0.005083
254.000000	-31.852058	-11.045396	0.009609
255.000000	86.986234	40.558505	0.002490
256.000000	-44.428900	49.321511	0.004577
257.000000	-49.023436	-68.278513	0.002703
258.000000	43.074618	64.062673	0.265455
259.000000	28.680968	59.632938	0.017995
260.000000	62.881008	16.570842	0.004039
261.000000	-20.480644	-48.452911	0.002042
262.000000	82.129979	41.000191	0.003147
263.000000	-34.586120	-77.879315	0.009064
264.000000	-81.684736	-72.652421	0.003759
265.000000	86.782899	49.646842	0.001408
266.000000	79.896249	-87.024350	0.001906
267.000000	-51.369562	79.561524	0.002095
268.000000	57.143459	13.303707	0.004812
269.000000	90.033230	60.391342	0.002709
270.000000	-60.177099	77.839767	0.014386
271.000000	-87.954392	-38.634563	0.005531
272.000000	73.960763	88.407189	0.002472
273.000000	44.564336	-30.539028	0.775502
274.000000	-83.266775	76.655596	0.003119
275.000000	-43.104855	-50.723444	0.003233
276.000000	-59.632938	-58.345604	0.024537
277.000000	-57.874807	-12.126160	0.320266
278.000000	-81.338909	-18.515348	0.005918
279.000000	-39.394167	44.175039	0.010191
280.000000	59.590447	67.839714	0.008963
281.000000	-75.311478	-62.145864	0.002481
282.000000	-73.822394	71.108370	0.004496
283.000000	58.860825	-4.936368	0.011364
284.000000	57.663025	-54.671114	0.011025
285.000000	4.776421	43.627249	0.053262
286.000000	63.585165	-62.046791	0.004819
287.000000	41.402957	85.572581	0.004815
288.000000	49.642159	-0.592330	0.001003
289.000000	60.386712	67.397284	0.006893
290.000000	-67.371381	16.899756	0.004840
291.000000	39.790313	75.433361	0.002366
292.000000	84.206569	-76.769773	0.002598
293.000000	-33.303857	-67.748674	0.018892
294.000000	-57.151425	-63.102105	0.005691
295.000000	63.173481	-17.513200	0.005050
296.000000	75.943755	-38.545496	0.007528
297.000000	-66.598173	15.989414	0.008486
298.000000	75.254533	56.176747	0.004020
299.000000	45.971287	-51.206611	0.003188
300.000000	-54.036354	29.431950	0.002027
301.000000	-43.196519	-26.705538	0.230666
302.000000	82.940665	84.642615	0.002157
303.000000	-63.825265	-9.917277	0.005451
304.000000	-56.436346	-63.776085	0.003930
305.000000	-51.493733	-29.862456	0.004914
306.000000	-45.266742	-37.666375	0.009580
307.000000	-55.036515	88.913726	0.009248
308.000000	88.122198	86.045608	0.001708
309.000000	-80.016476	68.971000	0.006546
310.000000	46.616455	43.353478	0.003279
311.000000	28.446842	54.757960	0.007310
312.000000	87.524039	26.608409	0.043924
313.000000	88.588984	-21.409357	0.001835
314.000000	71.433113	-75.537276	0.001380
315.000000	80.206569	-63.499726	0.001038
316.000000	79.420930	89.070504	0.021507
317.000000	-67.121863	-83.578583	0.005725
318.000000	63.533265	-81.268743	0.008592
319.000000	-34.870305	-51.830083	0.002885
320.000000	82.436379	58.322818	0.002718
321.000000	-87.733939	69.111273	0.003432
322.000000	64.212349	-80.407242	0.012139
323.000000	81.669401	55.773878	0.002408
324.000000	80.570755	75.817658	0.003110
325.000000	-64.463778	-86.320001	0.006310
326.000000	-34.137553	84.530282	0.006013
327.000000	70.146725	-88.903694	0.011740
328.000000	80.264287	72.902698	0.056592
329.000000	72.276612	64.800915	0.004502
330.000000	44.197342	69.182668	0.002087
331.000000	87.085684	88.314264	0.000617
332.000000	-30.367115	41.841758	0.012130
333.000000	-82.123629	55.401880	0.001604
334.000000	88.920743	17.392640	0.001659
335.000000	66.865895	-16.757570	0.010756
336.000000	58.902626	-68.026966	0.001811
337.000000	-76.932532	-55.835084	0.002205
338.000000	61.741439	-72.700032	0.009480
339.000000	85.434907	-81.467153	0.016257
340.000000	-61.810244	-73.563654	0.013734
341.000000	-31.159119	72.040963	0.007604
342.000000	75.082468	-19.407621	0.011500
343.000000	70.238630	-82.689112	0.007967
344.000000	71.652601	37.814787	0.001455
345.000000	37.508087	55.462152	0.007808
346.000000	-62.739607	-11.146346	0.009394
347.000000	50.817923	-8.799072	0.004957
348.000000	-66.829429	24.146725	0.001844
349.000000	-55.484121	-38.344281	0.001978
350.000000	71.728106	29.587544	0.003126
351.000000	73.903803	-86.646680	0.003698
352.000000	-61.825265	52.231097	0.007760
353.000000	-55.787651	-63.640660	0.016175
354.000000	-52.765060	27.665265	0.004258
355.000000	-79.773553	64.194386	0.001743
356.000000	-17.799801	-62.294337	0.016061
357.000000	75.452764	-5.838008	0.002761
358.000000	65.138758	26.870578	0.001595
359.000000	-60.799108	-86.758893	0.013347
360.000000	41.939144	-75.938305	0.004064
361.000000	-65.045848	43.820069	0.006378
362.000000	55.914386	-68.602483	0.004901
363.000000	34.941828	-68.478497	0.006845
364.000000	-62.325780	-76.605706	0.007292
365.000000	49.699393	-29.369409	0.004397
366.000000	29.743180	1.936235	0.003284
367.000000	-63.509000	80.391608	0.001820
368.000000	3.620593	-0.150228	0.067880
369.000000	60.492741	87.471111	0.008773
370.000000	-89.191060	-30.676663	0.028794
371.000000	67.025194	74.015765	0.003915
372.000000	43.448410	-26.615889	0.052484
373.000000	-58.929575	-67.044189	0.019480
374.000000	-65.338948	-59.169529	0.005974
375.000000	60.407228	-35.715855	0.005773
376.000000	79.580395	39.848994	0.012233
377.000000	-56.160286	-54.264341	0.022851
378.000000	60.756489	-71.794924	0.020665
379.000000	-16.144999	-85.248757	0.557184
380.000000	66.374568	4.708500	0.007360
381.000000	65.389697	-85.201643	0.064784
382.000000	77.711098	-11.394129	0.001489
383.000000	55.420950	1.779963	0.010723
384.000000	72.498567	-31.832287	0.043414
385.000000	-75.114348	-79.885336	0.003031
386.000000	60.468180	77.362633	0.011883
387.000000	72.424022	76.297166	0.009694
388.000000	-61.203701	30.182328	0.004926
389.000000	49.098245	-28.276460	0.147363
390.000000	-88.885141	-29.320618	0.125454
391.000000	65.743126	-81.334298	0.009502
392.000000	-62.683319	-72.140403	0.136723
393.000000	-43.977174	14.588984	0.003353
394.000000	-60.873287	-63.021320	0.017937
395.000000	83.963633	-81.887029	0.004234
396.000000	77.726365	87.201290	0.005278
397.000000	74.728575	45.277173	0.002239
398.000000	83.481989	84.715121	0.003498
399.000000	-15.276354	-82.665890	0.213512
400.000000	79.494053	-25.152521	0.001777
401.000000	-30.821212	-29.090173	0.050062
402.000000	-70.976651	51.165257	0.022550
403.000000	21.697325	-54.125669	0.004112
404.000000	74.933013	28.232454	0.000805
405.000000	77.778613	-13.687342	1.174406
406.000000	-59.954426	-56.859430	0.032871
407.000000	-86.871541	-77.537963	0.001802
408.000000	-54.704278	84.293498	0.001666
409.000000	-68.693741	60.332044	0.005508
410.000000	65.434854	12.787582	0.006788
411.000000	-59.091561	18.282748	0.004324
412.000000	82.765876	-73.436329	0.022404
413.000000	-81.681827	82.343217	0.004419
414.000000	85.580362	79.869277	0.011141
415.000000	-78.800324	42.376288	0.003075
416.000000	88.354918	-61.978915	0.002177
417.000000	43.416333	-3.953769	0.003132
418.000000	49.479231	10.040697	0.002494
419.000000	-51.082166	90.090364	0.015119
420.000000	46.234039	33.592284	0.003429
421.000000	-72.486297	55.263807	0.001894
422.000000	81.489403	-42.096230	0.002405
423.000000	-52.441290	-60.045341	0.007487
424.000000	57.603760	-80.106336	0.037903
425.000000	-81.467153	42.392115	0.002455
426.000000	-78.123629	-63.019513	0.001062
427.000000	74.065803	-33.667956	0.002675
428.000000	65.827551	64.512969	0.009837
429.000000	-74.229409	60.948219	0.004025
430.000000	45.462295	-31.666955	0.005381
431.000000	-34.117816	-52.977501	0.002406
432.000000	82.523432	-71.755363	0.002626
433.000000	-53.211255	-70.026331	0.099585
434.000000	-86.712196	67.774361	0.001202
435.000000	-55.481251	-72.011787	0.015171
436.000000	-84.285993	-72.672318	0.001974
437.000000	-68.683319	-53.748707	0.015786
438.000000	-86.631554	-90.048531	0.006989
439.000000	-83.306848	-81.657407	0.003645
440.000000	-51.835137	-73.798360	0.007760
441.000000	-72.525985	45.257484	0.006365
442.000000	74.958835	-59.692251	0.004626
443.000000	-51.374212	-50.521211	0.005344
444.000000	-49.871815	-12.254688	0.019120
445.000000	-53.859612	30.276524	0.008579
446.000000	-79.707484	-32.841592	0.000857
447.000000	79.052462	20.376025	0.002990
448.000000	-56.539749	-77.540974	0.010045
449.000000	82.232313	83.991117	0.005874
450.000000	76.958802	31.971346	0.001235
451.000000	-37.223579	77.021935	0.004963
452.000000	86.201992	-57.044107	0.001245
453.000000	-81.095993	-60.847121	0.000874
454.000000	-78.362471	51.026935	0.008967
455.000000	-67.862554	-51.652903	0.003779
456.000000	19.188708	-12.800715	0.005965
457.000000	79.344145	82.401733	0.115196
458.000000	62.740812	43.640954	0.038886
459.000000	78.232454	62.346466	0.262587
460.000000	-77.902082	77.294175	0.066098
461.000000	-88.338105	-79.974304	0.001876
462.000000	-57.750907	48.955844	0.002793
463.000000	-63.919090	-84.001735	0.117169
464.000000	29.684629	-78.189842	0.007342
465.000000	82.601227	50.631562	0.002427
466.000000	85.445159	48.637932	0.005981
467.000000	47.796485	54.983363	0.003218
468.000000	-78.434626	33.430278	0.008812
469.000000	46.765460	6.249771	0.003713
470.000000	-62.856526	57.836777	0.005334
471.000000	58.860792	27.206238	0.003736
472.000000	-30.947495	-40.997397	0.027052
473.000000	87.871775	84.070453	0.001035
474.000000	69.615964	85.184961	0.007450
475.000000	60.538627	17.131416	0.428142
476.000000	69.064559	-1.467153	0.018620
477.000000	-81.689521	-51.862429	0.001500
478.000000	-32.739660	-41.602950	0.111127
479.000000	-88.330584	45.747809	0.001318
480.000000	-44.480570	-46.698092	0.003588
481.000000	34.624308	-44.853625	0.661247
482.000000	-79.798061	83.637529	0.005050
483.000000	13.602418	34.584903	0.015533
484.000000	49.870034	35.938474	0.007241
485.000000	86.520523	-80.486317	0.002201
486.000000	-72.710503	48.954186	0.005818
487.000000	80.281241	71.629873	0.001259
488.000000	84.057791	-88.135725	0.026416
489.000000	-87.467153	-58.147942	0.006408
490.000000	32.234039	-48.081437	0.009237
491.000000	-78.071319	-62.590653	0.052143
492.000000	-15.077565	-17.863584	0.012861
493.000000	50.803442	65.063781	0.006085
494.000000	-79.146741	-37.220136	0.001635
495.000000	48.831410	11.385821	0.003094
496.000000	-58.849074	7.377953	0.008128
497.000000	-25.191147	86.050348	0.026933
498.000000	67.214735	82.972886	0.003710
499.000000	-78.581953	-83.679735	0.021401
500.000000	83.759939	58.433282	0.002598
501.000000	-34.038107	-32.486192	0.004341
502.000000	-54.132870	-30.242505	0.001597
503.000000	63.318422	-33.109665	0.005480
504.000000	-33.104950	-41.079542	0.014949
505.000000	74.174735	37.864275	0.003445
506.000000	-24.359529	-31.629632	0.019722
507.000000	76.830438	1.674045	0.016151
508.000000	-83.073211	-43.218896	0.113067
509.000000	-57.743407	-37.181726	0.003483
510.000000	70.446756	87.959143	0.007361
511.000000	-44.402032	67.820030	0.002482
512.000000	62.158909	29.975970	0.001117
513.000000	70.771737	88.808623	0.002915
514.000000	71.622287	-67.246776	0.003204
515.000000	73.383347	71.492510	0.001122
516.000000	49.636220	-6.596922	0.007498
517.000000	-75.183506	68.696628	0.005278
518.000000	71.411704	48.465769	0.019363
519.000000	56.189756	89.832127	0.004991
520.000000	63.603727	-34.406610	0.005034
521.000000	-58.756440	-61.147094	0.011392
522.000000	55.911303	66.793389	0.007855
523.000000	-88.179970	-43.068183	0.007654
524.000000	-58.780588	70.560225	0.013677
525.000000	-78.533379	-36.750049	0.001410
526.000000	48.640983	-8.043881	0.008023
527.000000	72.515879	-81.752255	0.003774
528.000000	-54.266115	-33.800646	0.006919
529.000000	79.272751	56.286664	0.002081
530.000000	37.593302	-76.604683	0.003732
531.000000	44.830477	81.255348	0.007829
532.000000	68.122198	-4.006703	0.002411
533.000000	78.463530	-80.493784	0.001645
534.000000	-75.323715	-37.682638	0.130629
535.000000	23.782726	48.552764	0.000273
536.000000	55.330539	-23.124739	0.009723
537.000000	-72.566887	-77.441956	0.001743
538.000000	79.416732	-24.108341	0.002730
539.000000	48.639121	79.334077	0.004932
540.000000	87.501571	-67.419825	0.018804
541.000000	-21.991157	-29.524146	0.023922
542.000000	-90.027054	-75.358705	0.016825
543.000000	85.138764	-89.294524	0.012203
544.000000	50.461848	33.918868	0.000727
545.000000	-73.036515	-7.915575	0.008330
546.000000	64.095014	66.630399	0.008044
547.000000	-90.707599	-67.494246	0.010112
548.000000	-73.029000	62.483408	0.003040
549.000000	-21.877802	47.525780	0.000812
550.000000	-69.577719	-46.308620	0.004162
551.000000	59.076748	-9.329455	0.005385
552.000000	-56.984204	72.016435	0.002791
553.000000	-66.610303	-10.088697	0.004164
554.000000	82.908439	17.214854	0.001136
555.000000	42.483447	53.928316	0.004179
556.000000	-70.688088	44.643853	0.004946
557.000000	58.856129	-24.979037	0.007229
558.000000	88.500274	15.093489	0.010647
559.000000	-70.327521	-61.341780	0.041748
560.000000	57.063085	-75.230348	0.038031
561.000000	-53.473976	71.140511	0.045604
562.000000	-89.592772	70.284165	0.001324
563.000000	-77.773553	-66.409586	0.001092
564.000000	-82.797362	-80.236957	0.002180
565.000000	84.177606	-6.649464	0.901750
566.000000	68.473993	47.318728	0.003191
567.000000	-52.910942	-81.786921	0.005088
568.000000	-70.160266	48.209439	0.014672
569.000000	-54.174210	80.187470	0.036003
570.000000	-71.001583	72.710159	0.003959
571.000000	-52.799817	31.070901	0.004521
572.000000	15.504694	-52.389318	0.021246
573.000000	34.295458	-54.648861	0.005808
574.000000	47.416354	-44.471311	0.005268
575.000000	-68.964327	-75.045814	0.020065
576.000000	-58.315356	-58.808088	0.044201
577.000000	-71.499726	49.234910	0.008830
578.000000	67.248157	-9.709225	0.002726
579.000000	-90.806213	-69.151445	0.003610
580.000000	41.842623	-27.170645	0.005335
581.000000	58.543271	62.231130	0.006753
582.000000	51.102909	64.879613	0.002179
583.000000	57.190488	46.475893	0.005507
584.000000	-48.539769	-47.922326	0.004399
585.000000	-88.386946	-70.019413	0.043574
586.000000	-71.178823	-72.283934	0.002469
587.000000	-44.347346	-2.286127	0.005631
588.000000	84.873487	75.067554	0.002578
589.000000	-63.099114	-52.499723	0.010466
590.000000	64.860792	-26.763508	0.009071
591.000000	48.938924	-20.604195	0.001535
592.000000	-69.709258	-71.791271	0.014651
593.000000	85.648025	43.899017	0.007455
594.000000	-33.126884	32.846469	0.006550
595.000000	-59.111439	-73.000070	0.011148
596.000000	84.840881	-81.589490	0.004906
597.000000	57.340842	-51.429158	0.006262
598.000000	-46.386993	-73.062350	0.001227
599.000000	-81.493805	-88.810551	0.004607
600.000000	16.880729	-50.093279	0.019023
601.000000	89.698607	-72.856526	0.002198
602.000000	-83.117179	-84.162818	0.003243
603.000000	-73.331409	-65.431646	0.015117
604.000000	-79.109698	-38.768263	0.004985
605.000000	-74.134596	6.661211	0.070293
606.000000	79.864241	83.019422	0.004317
607.000000	-37.701584	82.827137	0.003087
608.000000	-33.265001	-21.366751	0.005017
609.000000	63.775220	-67.157204	0.009596
610.000000	52.825827	-48.698125	0.004961
611.000000	66.842796	69.427321	0.005657
612.000000	84.520562	-30.938113	0.001626
613.000000	-84.547236	54.528116	0.001818
614.000000	-81.114309	54.237084	0.045746
615.000000	-86.269024	-65.462503	0.001971
616.000000	8.466472	-53.676660	0.040980
617.000000	73.835084	88.907289	0.061442
618.000000	-31.715822	-39.915092	0.003951
619.000000	56.040924	-63.069929	0.009422
620.000000	68.673448	5.864473	0.003849
621.000000	-70.732160	-63.407304	0.002689
622.000000	51.106968	-12.673304	0.003004
623.000000	81.681773	59.461971	0.006061
624.000000	-5.368471	-26.320977	0.060519
625.000000	-60.271894	88.057791	0.018732
626.000000	-57.429279	82.815736	0.010893
627.000000	-88.350288	82.010623	0.013417
628.000000	81.948559	-60.389902	0.002673
629.000000	-35.106635	-19.009083	0.024718
630.000000	-39.733900	30.080598	0.026218
631.000000	-81.461373	72.123555	0.002657
632.000000	79.799520	53.000191	0.003363
633.000000	67.404736	-76.606964	0.015894
634.000000	-61.209514	88.910213	0.010549
635.000000	60.528116	-86.660583	0.053164
636.000000	-35.649993	66.747641	0.007285
637.000000	-7.033644	-89.649513	0.060600
638.000000	49.204140	76.353395	0.001795
639.000000	-81.929514	-6.658744	0.103028
640.000000	81.675349	-90.053215	0.002007
641.000000	-83.756720	18.246150	0.001552
642.000000	70.540440	66.371925	0.026995
643.000000	-72.780621	-44.990883	0.246484
644.000000	-21.652864	12.115157	0.004042
645.000000	57.480248	1.939265	0.032457
646.000000	-38.088658	-49.131866	0.005741
647.000000	-61.488771	-39.578410	0.006620
648.000000	56.507867	-6.590072	0.002071
649.000000	-84.342788	55.985304	0.033066
650.000000	-81.471957	31.554884	0.001605
651.000000	-79.793372	30.838484	0.000639
652.000000	63.506221	-44.992076	0.004781
653.000000	42.312394	-21.670860	0.003202
654.000000	-42.616190	-14.138026	0.001050
655.000000	63.862501	40.068746	0.001579
656.000000	-47.646803	18.383790	0.003566
657.000000	87.272490	-12.391449	0.001255
658.000000	-38.047173	-24.821256	0.293258
659.000000	-72.276713	-63.149786	0.009020
660.000000	55.356230	-65.097302	0.013762
661.000000	65.395752	-64.964785	0.007517
662.000000	82.463569	37.118115	0.001399
663.000000	70.194439	-9.865458	0.001965
664.000000	62.132849	14.897976	0.005520
665.000000	74.201939	88.670365	0.001104
666.000000	-83.838221	10.540401	0.017614
667.000000	-88.354884	-85.189440	0.003505
668.000000	-57.029314	46.750145	0.004032
669.000000	-46.177060	-27.314261	0.001857
670.000000	43.348676	-74.684424	0.003593
671.000000	-56.019380	-67.877802	0.007560
672.000000	89.128453	-80.992675	0.001554
673.000000	48.856088	35.724715	0.259687
674.000000	82.998097	71.531012	0.002400
675.000000	-88.468407	77.392834	0.094966
676.000000	79.871775	-76.752886	0.003110
677.000000	58.555493	12.318173	0.012348
678.000000	68.332044	86.601188	0.010699
679.000000	-64.036387	86.112971	0.007712
680.000000	-59.942209	-69.830688	0.006953
681.000000	81.883925	85.548561	0.002852
682.000000	-67.766000	2.801260	0.002816
683.000000	-88.639108	-82.362465	0.001232
684.000000	-34.802012	-70.416555	0.006410
685.000000	20.755728	83.896627	0.525629
686.000000	-20.902511	-54.871478	0.009933
687.000000	-22.539835	-35.702375	0.002091
688.000000	-36.409234	38.740752	0.006005
689.000000	-60.804969	-73.672494	0.022020
690.000000	-40.782362	-43.506570	0.005746
691.000000	80.454463	-74.259513	0.053512
692.000000	-78.830060	-27.171533	0.003686
693.000000	20.147942	-66.266082	0.011560
694.000000	87.520905	-52.132882	0.013839
695.000000	-72.123629	-31.406366	0.021087
696.000000	-76.667689	54.221856	0.003375
697.000000	75.327364	-69.379336	0.004576
698.000000	85.385014	87.011955	0.017683
699.000000	78.870233	7.753323	0.003563
700.000000	85.597968	85.720552	0.012596
701.000000	85.569971	37.879242	0.005015
702.000000	-88.539769	-73.995298	0.001278
703.000000	-61.942209	55.072166	0.013437
704.000000	-30.202187	-13.119663	0.004432
705.000000	-60.750117	-89.699002	0.015468
706.000000	27.096571	-6.056544	0.009250
707.000000	64.547901	-83.699931	0.007667
708.000000	-40.075963	6.048517	0.003046
709.000000	33.385053	15.370824	0.004128
710.000000	-85.129908	-56.227027	0.014393
711.000000	-76.877917	40.110281	0.022527
712.000000	-62.011508	-86.232541	0.007140
713.000000	70.873454	58.813273	0.006425
714.000000	-78.770145	-33.577631	0.005338
715.000000	-74.924946	61.030097	0.004047
716.000000	-34.293010	-48.832376	0.008208
717.000000	-77.346834	-60.042757	0.002095
718.000000	-69.306848	29.941344	0.003032
719.000000	-78.385252	-70.560583	0.000522
720.000000	25.852091	29.389697	0.003059
721.000000	-81.169529	-52.503130	0.044711
722.000000	-71.283749	65.300055	0.005026
723.000000	55.968296	65.277362	0.015938
724.000000	-68.430029	-58.462090	0.001906
725.000000	76.238630	32.292516	0.015951
726.000000	-67.553211	29.500277	0.003842
727.000000	24.588903	37.959075	0.005665
728.000000	-72.268985	-63.589781	0.006455
729.000000	75.388252	64.705496	0.001096
730.000000	-86.774828	11.158708	0.002095
731.000000	-68.217226	83.776913	0.002490
732.000000	67.333376	39.634658	0.050020
733.000000	90.860825	-65.840000	0.005984
734.000000	83.975970	-35.519463	0.011098
735.000000	29.173427	-66.972851	0.007331
736.000000	54.132849	-66.244658	0.009167
737.000000	57.165894	69.331843	0.056342
738.000000	68.768780	-79.909597	0.008902
739.000000	-63.899212	56.955926	0.014493
740.000000	56.796299	74.791175	0.009092
741.000000	-54.691576	37.118812	0.004079
742.000000	76.737908	83.799613	0.188788
743.000000	-60.151040	77.896249	0.020534
744.000000	-84.512338	-15.827637	0.005038
745.000000	-82.920349	-24.530176	0.001011
746.000000	-88.707546	55.605593	0.003769
747.000000	-64.569770	-39.391099	0.004016
748.000000	-62.197576	-47.414007	0.004260
749.000000	-18.411293	67.091063	0.011230
750.000000	30.696143	-27.826985	0.004537
751.000000	63.495129	53.518598	0.004704
752.000000	-20.301100	83.433014	0.009831
753.000000	-68.103751	-51.841058	0.008324
754.000000	85.449860	-27.211255	0.010081
755.000000	75.750713	-42.442126	0.013149
756.000000	-64.205129	72.581310	0.145298
757.000000	-71.652777	-79.407603	0.005529
758.000000	-64.016476	-7.421593	0.002306
759.000000	36.465501	30.683409	0.476791
760.000000	-10.306954	33.755016	0.044501
761.000000	-9.299115	52.376681	0.051272
762.000000	50.005852	-86.745473	0.091283
763.000000	80.080910	-89.575998	0.006702
764.000000	-80.288863	58.733258	0.005343
765.000000	-16.992338	78.718736	0.014444
766.000000	-63.514813	-47.369655	0.017251
767.000000	-26.411293	1.526360	0.010563
768.000000	57.797813	28.978593	0.008768
769.000000	-33.248758	-2.838866	0.004608
770.000000	63.540780	-75.142130	0.006972
771.000000	87.480195	-14.714925	0.000675
772.000000	76.661091	73.328886	0.010377
773.000000	-77.628288	30.164683	0.026896
774.000000	-26.238931	-26.174789	0.015280
775.000000	-59.738622	-62.255148	0.009145
776.000000	-78.929628	-74.612888	0.004689
777.000000	63.759945	-34.057361	0.004836
778.000000	65.258992	63.271473	0.112714
779.000000	-87.704575	69.918180	0.003260
780.000000	-59.616119	-87.471484	0.111414
781.000000	76.922484	63.693990	0.004763
782.000000	-47.120939	-72.509355	0.011735
783.000000	42.488130	81.527998	0.002195
784.000000	83.234882	31.886164	0.002334
785.000000	-61.076129	10.439256	0.019182
786.000000	-45.645310	-13.210012	0.003952
787.000000	-74.116129	66.830438	0.002218
788.000000	-67.449157	84.876843	0.012664
789.000000	39.951430	67.043715	0.009039
790.000000	-41.946892	40.847446	0.002913
791.000000	41.635030	-54.152532	0.003309
792.000000	-53.731068	67.998298	0.007518
793.000000	66.650628	6.186885	0.006235
794.000000	12.888561	20.880690	0.018852
795.000000	29.091748	15.713337	0.009927
796.000000	-48.893303	-0.572646	0.032224
797.000000	-70.627995	19.975996	0.005552
798.000000	76.154312	65.469492	0.005053
799.000000	53.580380	83.365421	0.004926
800.000000	-50.332325	-23.518333	0.003726
801.000000	-58.695482	-68.968269	0.005650
802.000000	56.085540	-16.100880	0.006972
803.000000	64.796332	-69.114680	0.153697
804.000000	-76.935441	73.322985	0.011353
805.000000	-35.148482	83.156624	0.006156
806.000000	74.459026	79.107029	0.008740
807.000000	13.264077	18.788775	0.051345
808.000000	-74.751790	-78.777537	0.004322
809.000000	76.663961	57.974733	0.001775
810.000000	62.688502	19.853653	0.006968
811.000000	80.951161	-34.493248	0.035487
812.000000	65.420983	-65.450046	0.057305
813.000000	80.261450	-3.740363	0.003245
814.000000	65.597968	39.204359	0.004267
815.000000	66.335001	18.243280	0.032269
816.000000	56.018176	18.670506	0.007855
817.000000	-66.244691	77.000224	0.009870
818.000000	-75.145001	72.678059	0.097858
819.000000	57.390860	80.374821	0.022247
820.000000	83.919348	44.018176	0.002176
821.000000	-60.639207	14.056070	0.015801
822.000000	62.868804	44.302308	0.002619
823.000000	75.649718	-47.847341	0.002219
824.000000	84.070486	36.810627	0.000491
825.000000	58.426878	33.001849	0.005186
826.000000	-3.862501	-60.807771	0.048903
827.000000	55.433166	-43.524107	0.006867
828.000000	-54.612010	-26.690571	0.007012
829.000000	88.182256	-14.856493	0.000972
830.000000	62.085560	-64.770546	0.013965
831.000000	-68.802065	-25.282200	0.003420
832.000000	-84.505968	-44.163190	0.001582
833.000000	-89.158945	77.571585	0.274983
834.000000	64.845705	20.036817	0.008323
835.000000	18.478802	-42.185879	0.006063
836.000000	-80.774055	-69.436812	0.033203
837.000000	74.307590	32.820014	0.105635
838.000000	-85.588215	-87.934164	0.003897
839.000000	57.661895	-75.571435	0.008845
840.000000	-53.412304	-56.397171	0.003093
841.000000	-38.033445	-32.702862	0.002433
842.000000	47.216739	62.043049	0.007660
843.000000	78.838031	-75.685736	0.011909
844.000000	-47.541061	88.571345	0.011184
845.000000	-62.147909	87.115903	0.002778
846.000000	73.883892	84.943602	0.018021
847.000000	67.989151	85.385088	0.006950
848.000000	-73.326585	-83.096902	0.003380
849.000000	68.750233	-81.409434	0.001716
850.000000	-59.994148	-20.232280	0.003181
851.000000	76.932980	80.966839	0.001905
852.000000	72.805910	-56.235183	0.002443
853.000000	83.835084	11.569991	0.001493
854.000000	65.812477	13.788812	0.028373
855.000000	-73.154262	-67.832587	0.004240
856.000000	88.865442	-50.326385	0.090941
857.000000	-84.264374	80.100788	0.026821
858.000000	41.625736	-32.223354	0.003005
859.000000	57.851831	-70.237191	0.009887
860.000000	-76.339878	-49.808167	0.003698
861.000000	78.720934	0.240694	0.016109
862.000000	26.209478	-25.504176	0.010303
863.000000	65.077839	-84.036348	0.092354
864.000000	41.557793	73.593006	0.002389
865.000000	-76.522655	-68.173009	0.000548
866.000000	74.893398	10.717360	0.022270
867.000000	86.188069	-39.238807	0.020268
868.000000	-74.982319	-1.747789	0.007115
869.000000	-90.772489	54.822918	0.002517
870.000000	-43.894615	-69.961979	0.003295
871.000000	78.117568	30.329140	0.045767
872.000000	11.091801	48.277350	0.077850
873.000000	-47.461373	-18.622133	0.001823
874.000000	79.708228	15.061655	0.001605
875.000000	69.428516	-32.451400	0.002332
876.000000	-59.049862	40.680968	0.250006
877.000000	79.153830	18.179650	0.001624
878.000000	-65.338909	-15.759131	0.007762
879.000000	-68.430029	69.167614	0.123531
880.000000	-85.077358	82.434780	0.265814
881.000000	82.978539	-87.117179	0.009590
882.000000	17.647972	-36.880593	0.001975
883.000000	-73.583532	85.775241	0.002397
884.000000	61.810736	-40.530436	0.007243
885.000000	86.995600	-0.851804	0.000946
886.000000	-63.571348	88.336694	0.006843
887.000000	46.056050	59.820069	0.006538
888.000000	-58.167820	53.537963	0.010464
889.000000	-80.904483	-54.384934	0.000870
890.000000	-86.351975	61.294181	0.172042
891.000000	-74.856592	79.377621	0.011272
892.000000	-53.530371	57.319110	0.002238
893.000000	39.697154	-40.814089	0.003935
894.000000	-83.053489	-15.481888	0.092077
895.000000	51.966555	-34.900612	0.004617
896.000000	-63.857924	78.622845	0.009999
897.000000	-62.834073	54.640983	0.013369
898.000000	29.588707	-90.841153	0.034761
899.000000	60.986054	-23.314261	0.007480
900.000000	-80.826540	18.278425	0.000911
901.000000	83.010334	79.311174	0.181310
902.000000	39.433113	72.920392	0.003175
903.000000	76.315182	43.983563	0.024633
904.000000	72.189881	88.018494	0.001382
905.000000	49.787376	50.097957	0.007516
906.000000	-57.198740	28.702567	0.013038
907.000000	-70.014730	73.306238	0.002536
908.000000	-65.319032	-76.294217	0.006767
909.000000	-59.748037	52.873761	0.011348
910.000000	46.723667	-25.178086	0.003868
911.000000	-88.354884	79.031585	0.008426
912.000000	65.620540	-57.245118	0.004446
913.000000	-86.512338	5.814787	0.002483
914.000000	68.097884	-33.857924	0.004005
915.000000	-66.456895	70.597029	0.037250
916.000000	-67.919090	-72.288902	0.002382
917.000000	-57.884119	53.830890	0.018356
918.000000	71.832127	1.389698	0.002715
919.000000	-53.645310	-37.907239	0.003043
920.000000	12.646742	58.233521	0.104602
921.000000	-26.110295	41.311014	0.014873
922.000000	68.220130	85.311014	0.009573
923.000000	84.653537	-18.893815	0.000891
924.000000	-69.476568	-17.570889	0.001476
925.000000	-70.974302	-43.746116	0.009478
926.000000	24.793395	-75.511358	0.006922
927.000000	63.385014	-41.479477	0.051892
928.000000	-84.946408	25.817392	0.013284
929.000000	42.808853	29.503491	0.002121
930.000000	-59.830667	-12.333508	0.030422
931.000000	-76.701063	68.948195	0.002331
932.000000	-35.735713	62.324775	0.006361
933.000000	-81.223579	-19.851177	0.006119
934.000000	64.683818	-33.492133	0.030186
935.000000	-75.830688	29.162985	0.003532
936.000000	69.336612	12.060841	0.014745
937.000000	87.988492	60.665681	0.009083
938.000000	-85.577578	28.087605	0.000444
939.000000	-63.336039	-77.646431	0.004969
940.000000	87.963633	-57.969587	0.000351
941.000000	57.504475	26.625788	0.011275
942.000000	81.186545	-51.783319	0.001186
943.000000	70.930487	14.765460	0.097430
944.000000	68.125068	69.708261	0.014360
945.000000	42.930076	-71.926604	0.002532
946.000000	-22.519752	78.970842	0.127859
947.000000	83.104956	73.304758	0.037687
948.000000	-51.178823	-42.157377	0.239333
949.000000	55.556100	24.204125	0.068423
950.000000	-54.666691	61.126733	0.010976
951.000000	-65.051748	77.431950	0.007437
952.000000	67.257484	77.043735	0.001400
953.000000	-79.435173	-77.588721	0.000402
954.000000	-77.585131	-19.477379	0.001086
955.000000	-46.110295	16.201978	0.005920
956.000000	69.028980	-38.085276	0.001762
957.000000	-22.643770	-15.396397	0.001657
958.000000	-63.391220	19.239878	0.144985
959.000000	-28.435950	47.302258	0.008725
960.000000	-62.902511	87.205938	0.599701
961.000000	-59.738583	49.284036	0.055763
962.000000	-83.266742	52.281154	0.015972
963.000000	-51.294524	-86.766886	0.004859
964.000000	-79.444473	-20.945527	0.010073
965.000000	-73.281970	-43.351958	0.004656
966.000000	-58.532322	42.212543	0.009740
967.000000	-88.224813	10.359508	0.002098
968.000000	-36.060909	-5.319756	0.005800
969.000000	-60.671415	88.316247	0.012337
970.000000	48.391434	84.688643	0.002777
971.000000	88.949954	-52.404812	0.001944
972.000000	-80.249287	85.498715	0.006631
973.000000	77.650030	25.429351	0.004851
974.000000	89.943755	-52.538029	0.023759
975.000000	-41.963774	63.926603	0.004199
976.000000	-88.620388	-54.670660	0.002593
977.000000	19.146416	-60.098749	0.040478
978.000000	82.808853	-17.807972	0.032501
979.000000	84.471350	-39.479038	0.014035
980.000000	49.413348	-76.203703	0.003938
981.000000	-36.549772	57.339553	0.009028
982.000000	-53.887076	77.504462	0.010894
983.000000	-42.829476	42.821144	0.015723
984.000000	50.750233	-37.428742	0.003764
985.000000	60.737908	-70.977395	0.007342
986.000000	-89.807248	63.082832	0.002216
987.000000	49.494318	-14.379439	0.002017
988.000000	58.498500	86.214302	0.002944
989.000000	72.690242	-39.312661	0.022237
990.000000	65.605474	28.466613	0.003088
991.000000	-43.344722	43.318356	0.005615
992.000000	-81.294504	-24.604541	0.000485
993.000000	-85.726439	-60.674177	0.007825
994.000000	-82.722686	-26.604195	0.002251
995.000000	71.531971	-14.772392	0.001767
996.000000	-66.643353	51.102486	0.005246
997.000000	-89.191498	-62.750908	0.000943
998.000000	64.893365	-58.432049	0.004485
999.000000	88.283183	88.045608	0.174879
1000.000000	-58.214317	-67.228229	0.055442
1001.000000	71.407607	-43.640857	0.044925
1002.000000	13.462589	-4.017447	0.008205
1003.000000	66.463530	90.662831	0.105567
1004.000000	59.380509	70.821177	0.005068
1005.000000	71.262119	11.529003	0.002229
1006.000000	88.848575	-7.696901	0.001573
1007.000000	87.956113	56.070486	0.040768
1008.000000	69.279141	-38.333455	0.030552
1009.000000	75.055285	62.418812	0.136270
1010.000000	47.010214	49.978867	0.003665
1011.000000	53.234670	21.187025	0.003693
1012.000000	-85.998831	-63.785650	0.120128
1013.000000	-67.862554	-49.800932	0.011581
1014.000000	84.989832	-59.675616	0.023887
1015.000000	-85.882432	-76.780588	0.001363
1016.000000	15.657251	19.696329	0.019679
1017.000000	-24.300728	74.339346	0.494128
1018.000000	65.642159	57.069242	0.005291
1019.000000	-21.326585	39.611567	0.000416
1020.000000	-16.085755	-24.719729	0.045694
1021.000000	60.105598	80.423304	0.003196
1022.000000	-83.338909	-19.755363	0.001267
1023.000000	61.559885	-39.938488	0.053862
1024.000000	-41.408612	-78.116548	0.018353
1025.000000	6.708380	2.546717	0.042791
1026.000000	65.975937	-82.414955	0.007189
1027.000000	-87.456723	-61.627491	0.002955
1028.000000	65.649698	-65.481921	0.016890
1029.000000	19.677129	-91.076814	0.014380
1030.000000	-63.492133	-23.904721	0.010562
1031.000000	-91.041431	-88.933343	0.009525
1032.000000	-86.640456	83.398655	0.003392
1033.000000	45.256852	-13.042492	0.001484
1034.000000	69.894728	84.933067	0.016073
1035.000000	24.636212	56.288171	0.003382
1036.000000	42.226500	-56.187556	0.002973
1037.000000	69.737584	85.111765	0.007168
1038.000000	-80.264341	54.315264	0.002370
1039.000000	56.234326	-5.558217	0.007767
1040.000000	-83.937559	59.318508	0.003641
1041.000000	56.062441	-81.702834	0.009288
1042.000000	-21.680014	4.288258	0.000819
1043.000000	5.193358	-19.239190	0.038235
1044.000000	34.550843	70.139544	0.007733
1045.000000	33.123781	-40.048105	0.017035
1046.000000	-62.478903	-88.232280	0.009555
1047.000000	-61.311532	-89.221062	0.162027
1048.000000	43.075327	15.221326	0.002851
1049.000000	-86.403773	64.890374	0.001210
1050.000000	16.856168	-5.026459	0.030193
1051.000000	38.942434	77.552499	0.003548
1052.000000	85.521130	-65.260264	0.001137
1053.000000	-90.345652	78.073024	0.003305
1054.000000	17.158679	40.938741	0.033056
1055.000000	-5.473571	85.094214	0.021700
1056.000000	82.935137	-84.672079	0.200044
1057.000000	49.691739	-23.468660	0.015775
1058.000000	55.174086	-55.074607	0.004758
1059.000000	83.333309	-35.664786	0.002282
1060.000000	24.165192	-8.816498	0.175927
1061.000000	51.669894	16.128297	0.002203
1062.000000	59.721541	26.818153	0.004693
1063.000000	52.056070	13.193842	0.001292
1064.000000	-25.835278	18.441261	0.036951
1065.000000	30.653537	15.639926	0.014216
1066.000000	-66.885784	38.773517	0.004410
1067.000000	-75.363788	-5.304298	0.004166
1068.000000	50.734999	0.951243	0.003605
1069.000000	-11.681827	72.406155	0.009955
1070.000000	55.679999	-74.207661	0.021672
1071.000000	-63.274383	67.688688	0.000120
1072.000000	-43.157204	31.844277	0.009990
1073.000000	-54.643857	76.398883	0.117184
1074.000000	-82.599651	-54.444199	0.004173
1075.000000	-49.026406	11.130566	0.003492
1076.000000	-27.585305	78.498254	0.013769
1077.000000	-59.339281	27.207784	0.022030
1078.000000	44.978080	-41.783339	0.004850
1079.000000	-77.580676	-15.684697	0.005762
1080.000000	34.888561	24.901389	0.007573
1081.000000	81.187584	-81.887921	0.000575
1082.000000	81.369849	-46.607293	0.002251
1083.000000	-71.684697	-68.486192	0.001943
1084.000000	40.960580	-20.870165	0.003548
1085.000000	-62.339395	-47.393703	0.004579
1086.000000	-15.128637	-19.484744	0.068224
1087.000000	78.313415	88.412142	0.000785
1088.000000	55.672479	-46.541130	0.008902
1089.000000	-75.795664	-85.689602	0.008264
1090.000000	29.625100	-61.183926	0.045878
1091.000000	40.639154	-8.490439	0.002939
1092.000000	-56.523673	-84.349968	0.056222
1093.000000	47.894509	29.963793	0.006603
1094.000000	-30.844164	42.267922	0.004322
1095.000000	85.409454	-87.907799	0.001024
1096.000000	25.718637	7.729976	0.000457
1097.000000	85.596227	-87.315072	0.009653
1098.000000	-43.331409	49.213256	0.031156
